numprocs=8
NEURON -- VERSION 7.3 ansi (1078:2b0c984183df) 2014-04-04
Duke, Yale, and the BlueBrain Project -- Copyright 1984-2014
See http://www.neuron.yale.edu/neuron/credits

Additional mechanisms from files
 expsid.mod
		1 
		1 1 

	1 	1 
1 

	1 
	1 
		0 
0 
	0 
	0 
	0 
	0 
	0 
	0 
load : ./SWC/050622_4_sn_bestrigid0106_mkRegion.swc ok
0 1200 
recepters count 800 
recepters count 800 
recepters count 800 
recepters count 800 
recepters count 800 
load : ./SWC/050205_7_sn_bestrigid0106_mkRegion.swc ok
2 1600 
load : ./SWC/040823_5_sn_bestrigid0106_mkRegion.swc ok
1 1200 
Number of Synapselist file:6 
Number of Synapselist file:Number of Synapselist file:6 
Number of Synapselist file:6 
Number of Synapselist file:6 
6 
Number of Synapselist file:6 
Number of Synapselist file:6 
Number of Synapselist file:6 
4003 4003 
4003 
4003 
4003 
4003 
4003 
4003 

4004 4004 
4004 
4004 
4004 
4004 
4004 

4004 
4005 
4005 
4005 
4005 
4005 
4005 
4005 
4005 
4006 4006 
4006 
4006 

4006 
4006 4006 
4006 

4007 
4007 
4007 4007 
4007 
4007 
4007 
4007 

4008 
4008 
4008 
4008 4008 
4008 
4008 
4008 

4009 4009 
4009 
4009 
4009 
4009 
4009 
4009 

4010 4010 
4010 
4010 
4010 
4010 
4010 

4010 
4011 
4011 
4011 
4011 
4011 
4011 
4011 
4011 
4012 4012 
4012 
4012 
4012 
4012 

4012 
4012 
4013 4013 
4013 
4013 
4013 
4013 
4013 
4013 

4014 4014 
4014 
4014 
4014 
4014 
4014 

4014 
4015 
4015 
4015 
4015 
4015 
4015 
4015 
4015 
4016 
4016 
4016 
4016 
4016 
4016 
4016 
4016 
4017 
4017 
4017 
4017 
4017 
4017 
4017 
4017 
4018 
4018 
4018 
4018 
4018 
4018 
4018 
4018 
4019 
4019 
4019 
4019 
4019 
4019 
4019 
4019 
4020 
4020 
4020 
4020 
4020 
4020 
4020 
4020 
4021 
4021 
4021 
4021 
4021 
4021 
4021 
4021 
4022 4022 
4022 
4022 
4022 
4022 
4022 
4022 

4023 4023 
4023 
4023 
4023 
4023 
4023 
4023 

4024 4024 
4024 
4024 
4024 
4024 
4024 

4024 
4025 
4025 
4025 
4025 
4025 
4025 
4025 
4025 
4026 
4026 
4026 
4026 
4026 
4026 
4026 
4026 
4027 
4027 
4027 
4027 
4027 
4027 4027 

4027 
4028 
4028 
4028 
4028 
4028 
4028 
4028 
4028 
4029 
4029 4029 
4029 
4029 
4029 
4029 
4029 

4030 
4030 
4030 
4030 4030 
4030 
4030 
4030 

4031 4031 
4031 
4031 
4031 
4031 
4031 
4031 

4032 4032 
4032 
4032 
4032 
4032 
4032 

4032 
4033 4033 
4033 
4033 
4033 
4033 
4033 
4033 

4034 4034 
4034 
4034 
4034 
4034 
4034 

4034 
4035 
4035 
4035 
4035 
4035 
4035 
4035 
4035 
4036 
4036 
4036 
4036 
4036 
4036 
4036 
4036 
4037 
4037 
4037 
4037 
4037 
4037 
4037 
4037 
4038 4038 
4038 
4038 
4038 
4038 
4038 

4038 
4039 
4039 
4039 
4039 
4039 
4039 
4039 
4039 
4040 
4040 
4040 
4040 
4040 
4040 
4040 
4040 
4041 4041 
4041 
4041 
4041 
4041 
4041 

4041 
4042 
4042 
4042 
4042 
4042 
4042 
4042 
4042 
4043 4043 
4043 
4043 
4043 
4043 
4043 
4043 

4044 4044 
4044 
4044 
4044 
4044 
4044 

4044 
4045 
4045 
4045 
4045 
4045 
4045 
4045 
4045 
4046 
4046 
4046 
4046 
4046 
4046 
4046 
4046 
4047 
4047 
4047 
4047 
4047 
4047 
4047 
4047 
4048 
4048 
4048 
4048 
4048 
4048 
4048 
4048 
4049 
4049 
4049 
4049 
4049 
4049 
4049 
4049 
4050 
4050 
4050 
4050 
4050 
4050 
4050 
4050 
4051 4051 
4051 
4051 
4051 
4051 

4051 
4051 
4052 
4052 
4052 
4052 
4052 
4052 
4052 
4052 
4053 4053 
4053 
4053 
4053 
4053 
4053 
4053 

4054 4054 
4054 
4054 
4054 
4054 
4054 

4054 
4055 
4055 
4055 
4055 
4055 
4055 
4055 
4055 
4056 
4056 
4056 
4056 
4056 
4056 
4056 
4056 
4057 
4057 
4057 
4057 
4057 
4057 
4057 
4057 
4058 
4058 
4058 
4058 
4058 
4058 
4058 
4058 
4059 
4059 
4059 
4059 
4059 
4059 
4059 4059 

4060 
4060 
4060 
4060 
4060 4060 
4060 
4060 

4061 4061 
4061 
4061 
4061 
4061 

4061 
4061 
4062 
4062 
4062 
4062 
4062 
4062 
4062 
4062 
		0 
	0 
	0 
	0 
	0 
	0 
	0 
0 
		0 
	0 
	0 
	0 
	0 
	0 
	0 
0 
		0.00041699409 
	0.00041627884 
	0.00041747093 
	0.00042462349 
	0.00042533875 
	0.00043749809 
	0.00043797493 
1.6212463e-05 
ended spikeout
ended spikeoutended spikeout
ended spikeout
ended spikeout
ended spikeout
ended spikeout
ended spikeout

