300
18097
8848
21725
8235
16531
19856
9535
3184
8233
10254
15703
21247
12231
14407
19039
16640
19323
21298
18568
3181
21247
11460
16434
14647
18843
22027
8228
5711
19427
19030
22135
7614
20584
14518
9539
17859
16647
21248
8857
21375
16191
21298
17655
21372
4639
5709
19858
12313
19851
8843
21298
22025
16966
19332
3186
8845
10982
8240
20314
8238
13262
10256
8848
21246
8204
18754
21298
9488
8248
18212
10762
18754
13400
14404
18747
13527
16071
9497
21827
15307
17475
21827
21438
6959
21554
12218
18754
8248
18848
9541
10193
19851
8203
19859
16659
21725
20187
7614
20104
8846
4104
16209
19039
14627
11670
12907
5156
15703
3630
21233
18754
14097
20103
8203
19693
15609
14628
15068
18422
6363
16533
22135
22027
11590
15591
15197
5158
2366
19029
3651
3651
7621
20103
13417
4100
7587
12310
19429
11458
15304
9537
14531
3201
3186
4128
22137
20203
4100
8242
18862
5133
8239
7593
20099
10983
13859
8247
11660
8237
20445
11580
16215
19949
15305
19427
7596
13529
8802
5159
19589
6989
5133
20444
6403
19693
14525
21162
21778
12219
22481
20203
19169
17841
12788
17840
10196
16656
15304
12894
16549
14647
15594
16640
8238
19039
20663
12319
13979
19045
13265
20202
15703
19029
8847
17478
6953
19046
17934
15179
3183
12890
13857
4126
20098
17839
3631
19046
3631
4638
18202
5704
7621
15304
8852
12218
17655
11670
21824
18735
11670
19578
16944
8848
18859
12794
19691
5133
14528
16066
22480
4610
21087
13977
8845
19693
16650
16190
10765
22446
3186
10254
10247
18211
15188
14080
20484
12218
4129
13037
4109
21438
8811
20096
20344
15304
18754
5162
10259
21677
20191
18212
14647
2366
3183
19423
21298
2738
13858
14094
21977
4617
12218
10923
10410
15609
13979
21676
16071
11820
5134
18442
8813
14087
12655
21163
16215
8238
20484
16549
22481
