400
9753
7619
11048
12264
11073
11082
11403
9717
11572
8556
11419
10373
11815
12208
12077
8556
8977
11829
11698
10855
11416
11182
7117
12437
9377
11571
11030
11579
11817
11273
11826
5996
11784
10640
11366
10903
11063
11908
12274
11918
11699
11077
11397
10809
5449
11409
10847
11535
10371
12216
10831
10879
12435
11217
10845
12082
9023
11696
10086
8974
10882
11952
12406
9364
10879
12207
12378
11255
10085
10061
10847
10847
12267
11415
11895
10827
11232
11570
10847
11384
10813
11855
5451
12413
10849
11520
10618
11596
11030
11704
8568
12077
11595
10848
11203
10106
11260
11200
9339
9696
11409
10612
10336
12217
9021
11596
10812
10847
7090
9728
11247
11829
11689
11230
12090
11061
10847
11909
9023
11824
10351
11870
10373
11856
11881
11695
8556
10051
12369
11999
11041
10074
10999
11703
10849
9351
12014
10372
8544
11895
10868
11952
11397
11573
11910
11366
10844
10903
5527
12327
8978
12266
9022
11391
11046
10074
12090
10638
10371
10608
11066
12380
11021
11544
12077
7117
11096
11662
5449
12369
8993
11251
11668
12089
11904
9694
8993
11239
8108
11792
5450
12438
11596
9731
12083
9004
12095
11030
11701
10074
11065
9709
12000
11709
6076
8977
10853
10848
11881
10372
11436
11547
11539
7608
5527
10106
10613
9364
10370
10375
9386
9400
11540
11073
11745
12144
10834
11812
10610
12090
5528
10999
10849
11548
10638
8556
10639
11792
11910
11997
12265
11686
9365
11202
10610
11557
12366
12336
9403
11387
11550
11745
10053
11389
11402
8568
11079
9000
11567
12094
11744
5527
11539
12435
12377
11235
12271
9390
10999
10375
9753
10852
11881
8557
10636
11410
11074
11417
9353
11597
10828
11739
10637
11821
8556
9364
11740
11895
12079
8945
12002
11572
11579
10336
8972
12214
9710
8993
11599
10848
10344
12406
8959
9721
11020
12009
11835
11855
11870
11690
9367
12081
11496
12366
9350
11418
10053
11563
11058
10881
11066
11711
11721
9718
11419
11559
11909
10350
11419
12412
11739
8985
5451
10598
9351
11881
11275
11708
11244
12414
10826
8977
8998
11900
11998
10338
9350
11555
11881
7631
11364
10621
9004
11404
8569
10637
8973
11895
8977
11062
10373
9394
8551
11972
12015
10076
11876
11802
11895
11406
10655
11901
10598
12327
11547
11700
11544
10637
11037
12329
11078
10062
10812
12366
11576
11835
8984
11017
11398
10809
8978
11704
11403
12270
7133
11909
7630
11066
12093
11904
10855
11740
10388
12440
8559
7620
11272
10845
10053
10636
