300
893
486
982
893
1075
988
265
613
1074
771
969
511
584
996
464
714
1151
310
988
824
482
1069
544
837
565
765
1002
764
1086
881
350
1124
1027
616
1111
399
325
967
1082
355
515
358
254
628
1013
1162
332
672
808
468
492
1130
956
269
715
257
785
811
242
922
1057
880
985
720
310
1143
256
300
541
753
740
878
265
809
713
389
241
945
534
283
601
613
363
555
700
693
803
613
988
241
514
705
255
970
349
654
502
1078
658
973
482
255
848
559
543
388
726
742
996
350
981
954
776
1001
1125
616
1129
613
502
289
610
612
906
891
610
242
601
769
352
426
351
731
1073
528
984
821
548
954
241
1162
681
414
384
309
1045
453
648
950
613
391
938
777
999
693
667
393
364
1184
1097
856
378
515
1093
641
597
840
976
514
982
523
903
242
807
1129
481
983
693
1003
1038
927
312
994
483
1114
1084
967
1139
724
252
986
792
764
1075
574
1045
1082
912
614
980
983
359
310
1074
488
953
967
265
612
904
568
254
705
526
962
1087
1007
902
252
1185
762
843
1075
954
653
1143
1100
515
662
1141
1007
467
942
1066
906
1151
262
997
628
612
1093
694
1040
1018
850
818
976
837
988
389
853
620
777
509
560
987
844
315
848
383
954
1140
255
786
942
241
1143
253
913
867
913
911
999
793
852
1162
515
416
666
922
973
1096
842
1169
693
648
819
1057
706
831
822
267
845
1184
1067
1129
765
1155
1089
605
1184
