6.00650638286
6.00878637611
6.02209233137
6.02364295358
6.03399427636
6.03554486666
6.05103913041
6.0536526549
6.06659544946
6.06872938664
6.08304356699
6.09439250807
6.09780308816
6.11062242961
6.11383208527
6.12905973961
6.13970641912
6.14126188492
6.14967804498
6.15509626878
6.15987185192
6.16547760359
6.17667552485
6.19179512058
6.19480510535
6.19716739462
6.20691381095
6.21495239631
6.22451039907
6.24685289078
6.25060778954
6.2686096181
6.29481940905
6.30062580965
6.31609378018
6.32597801791
6.33189719075
6.33897168669
6.34494424884
6.40569310699
6.43201814847
6.44854347827
6.55537642913
6.57444075155
6.58285949266
6.60989203899
6.62702673212
6.63347161934
6.64924932948
6.67188082108
6.70353383281
6.71533264311
6.74156493176
6.75701871936
6.76853355578
6.80476716493
6.80743286803
6.8154395487
6.83746363714
6.87046438995
6.89127614501
6.90786134217
6.9266923592
6.96080012544
6.96804095469
6.99574711227
7.04083765198
7.0806072619
7.10621019209
7.10823667534
7.11348589974
7.14783816671
7.16874761443
7.19106397556
7.29495743772
7.31772015037
7.35565784923
8.82664409818
8.86233777087
8.8763157807
9.07830397318
9.38896367732
9.40619230034
9.5115787912
9.53868293092
9.63411918401
9.83341234806
9.93447957835
10.0516536682
10.1047135676
10.1532911654
10.2876979049
10.3070145603
10.4060160618
10.5178678772
10.7400767881
11.0753858517
11.1230706857
11.4446329509
11.462000011
11.5034841621
11.5499308381
11.7120580494
12.063456676
12.1583311412
12.2694225497
12.3091151341
12.3930042868
12.7680899213
12.8376279263
13.0553591701
13.1406224122
13.2584949541
14.3824105444
14.7224531867
115
