6.0052040888
6.00924544599
6.01564384453
6.02653009795
6.09280463679
6.10738726943
6.11787248553
6.12551881838
6.13358890608
6.13944757791
6.14157068791
6.14576678111
6.15205003872
6.17265681172
6.18166083379
6.2021853391
6.20565206113
6.22736370494
6.23374941095
6.24151682127
6.25142204708
6.25998046915
6.26814260855
6.27244118197
6.27978159886
6.28497556047
6.31499369518
6.33200871907
6.34199451129
6.3550604428
6.35761333673
6.39499325606
6.41421131378
6.42710598144
6.43503759971
6.44171243775
6.46246902806
6.48069861888
6.61521599218
6.62841077347
6.6577221604
6.66867698467
6.67658281674
6.7266250759
6.75779786708
6.78773485801
6.82063283937
6.82876653421
6.85510126939
6.86993383357
6.88685380454
6.89772044089
6.9136527849
6.92684088791
6.93694868951
6.97772163279
6.97964259508
6.99629469523
7.02066596922
7.09704518312
7.12769868165
7.15240086189
7.18060778474
7.49334622372
7.58532138796
7.61409239717
7.61987071057
7.63537653768
7.77092706473
7.83036881654
7.87539266771
7.958701706
7.98577259063
8.06000559171
8.07855565896
8.10616095571
8.12418266249
8.13746680844
8.16064445216
8.18638913155
8.26220361816
8.32456154231
8.46669204052
8.50993010315
8.55269695319
8.59061221123
8.67152379254
8.69538673527
8.73158659972
8.81965936538
8.83406685758
8.89944128735
8.93576763384
9.17880947548
9.55707534513
9.60520351731
9.687763948
9.73452646323
9.74107378579
9.82515814367
9.88913114142
9.94550946765
9.96724978621
10.1812328863
10.2283102295
10.3533951471
10.4178264887
10.4463598184
10.6499662262
10.7931713581
10.8510395642
10.9150732821
11.4219483816
11.4865803101
11.5131382369
11.6059981562
11.6763600854
11.845334613
11.9947471946
12.1525912269
12.1977615131
12.2794518432
12.3140275775
12.3268718852
12.5276007647
12.640247535
12.8213011959
12.8451326305
12.8594502623
18.3521500731
130
