6.02361309627
6.02827720778
6.05485919742
6.06950399684
6.07364187303
6.07634872272
6.07962269433
6.08539049217
6.09744122856
6.09875646126
6.11656107232
6.17601291475
6.18550307653
6.20299698881
6.212893602
6.21722571338
6.22309109709
6.23623083643
6.24772988832
6.25417768346
6.26107507072
6.27435834239
6.27951771078
6.28046290549
6.29078252054
6.29172642469
6.29568146255
6.3087636993
6.31761990905
6.33614666549
6.35257544198
6.37066042146
6.37950043243
6.38555719706
6.42117475207
6.43074410896
6.45444222913
6.46862771912
6.48689813809
6.55808968116
6.56250932649
6.56931709968
6.59174514389
6.6075607979
6.61714975223
6.6431907791
6.65458847172
6.67624729656
6.68735381039
6.70475322999
6.71348362567
6.77262111084
6.87413735134
6.89609589334
6.96825718071
6.98632222487
7.00290425842
7.0468362489
7.05593429823
7.09023099825
7.10199538547
7.11332388735
7.19286847153
7.21153432682
7.29291404054
7.32886595455
7.35162576401
7.3601852748
7.37995753345
7.39598857118
7.42732020762
7.43406568004
7.50157985186
7.52292695026
7.54618330433
7.59909718965
7.63968395132
7.69768407857
7.77640301819
7.79275041163
7.83425470994
7.96535698525
7.9697146801
8.01330713924
8.0370403117
8.04564973198
8.06268112548
8.10613612215
8.16857046137
8.21277866003
8.3093108329
8.31721924553
8.41812216914
8.50186901241
9.36144752188
9.4000160325
9.4679962977
9.48311994583
9.51553356143
9.55182815145
9.58551983676
9.62854732033
9.63572333421
9.70050079182
9.78247925542
9.83581465969
9.84300051788
9.90536568051
10.0016435239
34.6008862061
110
