6.00508374187
6.11237966646
6.14799857932
6.15889961803
6.16192528706
6.17279033065
6.18347623933
6.18542279931
6.19560138557
6.20022560456
6.20548601335
6.20708022262
6.21540781572
6.22983055922
6.23460194238
6.23973395943
6.24777080782
6.28172667082
6.28497596467
6.29727727748
6.32174663359
6.33086501344
6.3451778381
6.34994266402
6.35664517444
6.36337546447
6.3767865719
6.38145271153
6.38625777124
6.38868167476
6.39855328234
6.44308236292
6.44605609161
6.46505406135
6.48622624672
6.49558309722
6.50319998163
6.52008157722
6.5230058067
6.53060291098
6.54869244275
6.55795108426
6.57050122422
6.60835040376
6.6410978238
6.65981030913
6.75044178555
6.75915117033
6.80097005885
6.82608310261
6.86579908589
6.89446370042
7.02408753039
7.02751707822
7.06762642879
7.07731552072
7.09725888722
7.13043444114
7.14548829421
7.15609566736
7.17042595319
7.19223011785
7.20641626194
7.2291320519
7.25935338952
7.34776046506
7.36728455189
7.39269346333
7.42892477492
7.43273858334
7.45912489239
7.47271922008
7.49451855678
7.52441347116
7.52791096523
7.57630583687
7.5951298165
7.63903142949
7.67994273843
7.70211282087
7.72529920331
7.76160305826
7.85975539045
7.88598375964
7.94024447627
7.96322143743
8.11833963628
8.18542931392
8.25351958062
8.28279746834
8.30704823755
8.34441618369
8.39652610498
8.40196299304
8.50733948289
8.5591205559
9.3456992646
9.4821840295
9.99173486253
10.0737278574
10.2148072114
10.3094073931
10.3843370006
10.5032377188
10.6051196617
10.6753143275
10.7177085222
10.861366502
11.1514378337
11.2087511635
11.2985010308
11.3467185065
11.4330210529
11.5004114259
11.5987415135
11.8171946084
11.8976120615
12.1866549747
12.356947961
12.5212119354
12.6123196769
12.7108279665
12.8812291261
13.0185589169
13.091295926
13.2990221424
13.3893276127
17.09991231
128
