6.00867253316
6.01255764354
6.04494781292
6.0555863096
6.10004321247
6.10083853201
6.11088722505
6.12555759705
6.12933522669
6.14085289516
6.15536286993
6.17042485991
6.17936622283
6.19096332047
6.2076180759
6.23194793724
6.25854076186
6.26888120093
6.28594686265
6.31262892798
6.3368863193
6.35055946797
6.3604814368
6.36818319458
6.38276541773
6.40152420912
6.40501556295
6.40826843652
6.42217649561
6.42786785439
6.44226698388
6.45664465428
6.47234089583
6.59779708824
6.7229714156
6.80593802237
6.8694461893
6.88429888081
6.962806595
6.98713803101
6.99981420162
7.03547889166
7.04310270677
7.07799423711
7.1004507385
7.12415283616
7.13870176641
7.15253393701
7.19391004827
7.24539415908
7.26806716975
7.29318894645
7.3117288541
7.59158042061
7.67060027038
7.73808664297
7.7697328057
7.8372611524
7.86262885284
7.96856984978
7.99374071651
8.1627731773
8.32570198336
8.34434225619
8.39821922138
8.42924844262
8.47305659598
8.59909103924
8.67608279106
8.70211314241
8.73637642435
8.79143029236
8.95682653233
9.03335643024
9.08744891998
9.17428474942
9.21627545843
9.3359420821
9.79050604445
9.8436141621
9.89818921
9.95880045912
10.0326294844
10.0857666081
10.245037516
10.3313007952
10.5267289178
10.6564349635
10.740735667
11.5522026345
11.5801113805
11.8104036177
11.8616769101
12.1488418855
12.2019009926
12.3578872662
12.3771816037
12.5515540411
13.4755491622
13.7713762358
13.9698841136
14.161310655
14.2738216723
14.3458296989
14.4597550572
14.523479813
106
