6.02294904947
6.03463304309
6.04423071862
6.04892636369
6.05192516134
6.06389402375
6.06915208395
6.07371588761
6.08278084823
6.09084199535
6.09470416585
6.10838577952
6.11438236192
6.12086536276
6.12995494437
6.27361271592
6.28557060672
6.28676398112
6.29098508105
6.29377362051
6.3541974199
6.35980123228
6.36352562335
6.38889867916
6.39632506424
6.47517239744
6.48623259845
6.49099775818
6.51208099251
6.53156232404
6.54222071569
6.66156226709
6.66993819177
6.69589417767
6.69963231537
6.71237285329
6.7242557827
6.73650905705
6.7480365425
6.76546838786
6.78478620097
6.80066864489
6.81417366167
6.82457052894
7.59219674936
7.61080992252
7.66055024114
7.7767056043
7.87530065655
7.91350402948
7.94555575964
8.01732548146
8.03996062429
8.06903604089
8.13417011059
8.17125332683
8.19725393593
8.28320881096
8.28685950167
8.30726026404
9.65192767035
9.7413415624
9.82257268812
9.90789621876
10.0239125945
10.0757913498
10.1489652891
10.1567746819
10.1947715138
10.3867256611
10.5340385443
10.8211074664
10.8741864589
10.9351522908
11.1151663555
11.1863511493
11.24450485
11.3731346892
11.4812442433
11.7174582218
11.9773997984
12.0526375068
12.1403304441
13.1087944451
13.1443001672
13.1562649895
13.4518839173
13.7702598177
13.8920513109
14.2421887514
14.4154599303
14.5413930448
92
