6.00685103752
6.00814706087
6.01160980307
6.02176237143
6.02228975759
6.03228235437
6.03478761346
6.04250875104
6.04776960693
6.05149843911
6.06084076732
6.06587394422
6.07611408657
6.09250444141
6.09974092126
6.12819471878
6.13534827272
6.14705957541
6.1649266157
6.17560305434
6.18918897004
6.1957886628
6.20125835026
6.21030072302
6.24334142712
6.25238189158
6.26612227584
6.27567865522
6.28723400914
6.30259675712
6.31449376221
6.32476769766
6.39767278049
6.41011925531
6.41694182211
6.42388949553
6.45828442661
6.49188606675
6.49548943019
6.49816761378
6.49928147006
6.51563362758
6.53876839861
6.54427811362
6.54744824914
6.56151241196
6.56752896952
6.59338699309
6.59984496771
6.61844852346
6.63689889384
6.64231329527
6.66895652902
6.67619763429
6.69726785204
6.7161770753
6.72538241918
6.74197869441
6.75600302219
6.8316287161
6.8352126376
6.85106216531
6.86513229993
6.89099925462
6.9124281575
6.95020990595
7.02049145655
7.03674208578
7.06635168548
7.08122091716
7.09646065615
7.1074995611
7.14272024302
7.15759641381
7.17680491466
7.20542029499
7.21095941652
7.25290363793
7.26352236365
7.29833356381
7.30757370985
7.35534732314
7.38043831812
7.39793264396
7.48821239359
7.50688460285
7.53526275247
15.8974393869
88
