6.01095198669
6.06873530092
6.07908517243
6.10075911618
6.12200509273
6.15733640874
6.15949128388
6.16514098318
6.17816575415
6.18419775819
6.18582533648
6.19505906224
6.20611606731
6.23635581096
6.2696049078
6.28047728849
6.32345832159
6.3321955161
6.33880412914
6.35835600344
6.36028598792
6.37592518067
6.4287714561
6.43840308231
6.44091948294
6.47023770636
6.47569242795
6.51197692816
6.5229368621
6.53739784041
6.54591172187
6.55113716225
6.57750044311
6.65932896248
6.70919009139
6.73870248643
6.81617066823
6.84439420558
6.84640321565
6.85921245697
6.90271106248
6.91224623657
6.93733827973
6.95029505127
6.99261061064
7.00608609892
7.03264169741
7.04198730843
7.0549103702
7.07852870275
7.08081774948
7.12219152669
7.12789159914
7.13703048898
7.16261269655
7.17934861187
7.21824855322
7.27820479033
7.30651333694
7.33785169779
7.36206157244
7.37907801484
7.40807094908
7.42752842444
7.52325513911
7.52822805926
7.54518480503
7.56353452436
7.60405053648
7.61394264021
7.64076412821
7.68741378679
7.70640225796
7.76282582931
7.78446280882
7.80427862138
7.83714310265
7.87992876375
7.88988018976
7.89224282725
7.90795790976
7.95548900686
8.00404149025
8.0634209942
8.40650983274
8.45917338056
8.50385007317
8.52529864135
8.54376262866
8.58213262388
8.59971786941
8.67256178128
8.72479427669
8.73882874685
8.8145829283
8.82720965084
8.92500962428
8.96999344638
9.00065032348
9.08364828124
9.23945320776
9.27778463329
9.33864081284
9.36225614906
9.38462362567
9.44859752489
9.47734537485
9.55715627838
9.56223580527
9.59006424218
9.61098521556
9.98644711943
10.0854004603
10.1546163445
10.2150865756
10.3284286832
10.5160195194
10.5618242183
10.5691833295
10.6234495431
10.6959532982
10.788994403
10.8961392181
10.9612307606
11.0394852155
11.2543607076
11.3405890532
12.4087140419
12.7951589649
13.1028502614
13.1708449069
13.2414614604
13.3296432423
13.4162155756
13.4707586238
13.6874670262
13.8700066442
14.0125711114
14.1432456624
14.4203383224
14.6074642145
141
