6.00627048745
6.01167991917
6.02417575485
6.03144580394
6.05579946355
6.06506151212
6.06744618543
6.08573925451
6.09716168903
6.10027073832
6.10673158054
6.11786102438
6.12989616146
6.13550302831
6.16057929786
6.16627508794
6.17224620151
6.17955918442
6.18941933704
6.19991040785
6.20708415583
6.22838680434
6.23539272586
6.24787545361
6.2567338272
6.26333529566
6.27971120802
6.4182477441
6.43143171834
6.45908531835
6.46731670057
6.47827622142
6.48746354314
6.50697626542
6.51327052675
6.53622132527
6.55922513851
6.57134849535
6.58104591299
6.64105430406
6.66213482547
6.66503357655
6.69361720409
6.72746590067
6.74168608904
6.76630799507
6.77995739848
6.84136978942
6.86319828903
6.8898517072
6.89829085317
6.90631463799
6.95090302745
6.99468110755
7.05415291086
7.0737768123
7.11145168228
7.14173473867
7.17503161133
7.17721204179
7.52321439901
7.56213589059
7.59104567596
7.6010207352
7.62963470648
7.65974806102
7.68038467492
7.73032482759
7.75878247736
7.79181462536
7.80157488314
7.84122361812
7.92406674798
7.97005370491
7.97603730703
8.02656620901
8.05553472749
8.11408433912
8.17958715633
8.24815099067
8.2842183531
8.3475997144
8.36447787175
8.40054537072
8.42128639553
8.47712401257
8.54083371107
8.59875567414
8.65168749602
8.68564867562
8.7275008163
8.73516523279
8.77258464478
9.23591192799
9.27122248545
9.31018684185
9.38674089902
9.41581290743
9.42488942668
9.51899897112
9.54114582408
9.54722049483
9.59838691561
9.60470161166
9.74290875088
9.87648420458
9.92556143726
9.96682414187
10.0914547449
10.1300191747
10.21287419
10.3614507679
10.4664693558
10.5506397829
10.6654073526
10.7013709263
10.7803098258
10.9670564948
11.0952382694
11.2364896321
11.3776330956
11.4093394035
11.5410454877
11.6050694591
11.6400319339
11.70397694
11.8344987818
11.9509404327
11.9657241534
12.16482041
12.3052075502
12.4897099428
12.5172378318
12.8510264905
13.0840425041
13.1045338617
13.364026626
13.9329478503
14.0045625701
14.1551668528
14.1808672652
15.576665572
142
