6.00223371792
6.00704036677
6.01760105979
6.01859147386
6.02683232888
6.03611770865
6.05220804737
6.05330027985
6.05531420106
6.06481586154
6.07213195507
6.08092894187
6.11631576566
6.13679159259
6.13827040891
6.1458280274
6.16203899278
6.18034502243
6.18686898175
6.18750070428
6.19982293227
9.08897051087
9.17603871504
9.24459799232
9.32766277255
9.61663784939
9.6529214206
9.68272789227
9.68797551468
9.74684615818
9.85007378705
9.89848173425
9.96983071263
10.0431754594
13.7827573226
13.8877671971
14.374931979
14.4873147424
14.6522337717
39
