6.00535863032
6.02391783941
6.03026377106
6.04103871745
6.1097007274
6.1150601437
6.11768885257
6.12733398546
6.13023784383
6.14714004067
6.15985024741
6.16522984729
6.16959684227
6.19612607849
6.19975075312
6.2107679782
6.21968444367
6.22054889144
6.24575324371
6.28481641598
6.29827164989
6.35002946188
6.36418210409
6.40068360657
6.41602395577
6.44316273346
6.46407177897
6.4909244549
6.51854275248
6.53068014123
6.55060377716
6.56484288657
6.58044221495
6.59446725247
6.59820759534
6.60797716555
6.61466050691
6.6361241276
6.65742193003
6.70020832027
6.71623989123
6.72455999606
6.73300538223
6.83365954502
6.86281484831
6.9183848089
6.92163083099
6.92809878321
6.94299494404
6.98441361519
7.01799065702
7.05244638942
7.06430453628
7.07849502175
7.09099254659
7.1143100967
7.13531596018
7.14385096966
7.17529072292
7.34798464621
7.38114787426
7.41270882954
7.42645786801
7.44853231076
7.46723517529
7.57177020362
7.59786241278
7.62100710465
7.62316798114
7.65310996709
7.76143188119
7.86277889895
7.94842311111
8.04624280516
8.19783849438
8.22492949888
8.26247705563
8.31831711115
8.36522032503
8.37569524431
8.42956897607
8.4722815422
9.24949971098
9.3265797249
9.42621157717
9.52094628365
9.56285002518
9.69351345823
9.77986619517
9.8569181064
9.93868535558
10.0055902182
10.0547555747
10.1417980756
10.1875872013
10.2441835555
10.3631000632
10.4281344808
10.5675301075
10.6595766442
10.84068976
10.9818285153
11.0460293464
11.2512957043
11.3347590548
11.5218785383
11.68213891
11.8576567048
11.9933229028
12.0725217295
12.2920638458
12.538093518
13.385976734
13.5754107475
13.8189087375
13.8900811939
14.05105313
14.3238920872
20.061813878
119
