6.0008035478
6.0191132247
6.02847506239
6.03195923097
6.03905142206
6.0506147096
6.05441969939
6.08085845491
6.08332145763
6.11947216069
6.13068930954
6.1512042992
6.15996006026
6.16716963588
6.17315791612
6.2906672124
6.296841761
6.39220906209
6.40159905365
6.40699466972
6.4166943872
6.4224764149
6.43155785364
6.44767568006
6.45416651176
6.47649270746
6.49019851763
6.50295067419
6.51400935074
6.52477071188
6.53229796447
6.54760377532
6.59997921583
6.60095571153
6.6098813771
6.62105759329
6.63147356816
6.64604359449
6.64801463636
6.65315490803
6.65437272759
6.66816104314
6.69309601141
6.7038404784
6.76360930116
6.77477755857
6.80899915524
6.82737135184
6.83378201337
6.86703284075
6.8938549512
6.9214745871
6.92443120025
6.97368621343
7.0021812835
7.00823304563
7.02195735983
7.03546522963
8.86558217242
9.0522122062
9.06298573944
9.11985661947
13.189598599
13.2686997218
13.3142098162
13.5321713325
13.5498130707
13.5614750673
13.7068570777
14.0246202614
14.1935748497
15.1677588597
72
