6.01941298001
6.04482599586
6.05310775911
6.05934330692
6.07633360211
6.0876821074
6.10963616539
6.12131088118
6.12487489791
6.13648046439
6.15359056064
6.15972718181
6.16788203437
6.18165694252
6.21523505632
6.21598313419
6.2767281501
6.32053965021
6.34002921242
6.3491132189
6.36172141728
6.37433504313
6.39138039348
6.4102544447
6.41650578033
6.42846229359
6.44531806165
6.44619138526
6.45617094693
6.45875495605
6.46128889745
6.46805687746
6.49504320343
6.51915216489
6.53296791256
6.6144715251
6.63370312593
6.64073191883
6.64378970084
6.67289231688
6.70579296553
6.72600393726
6.76356849185
6.78773641588
6.91955775776
6.97354478899
6.98763168156
7.02497980123
7.03495851646
7.05533625392
7.09486473576
7.0978986124
7.1265203156
7.12813977901
7.15623562321
7.17719404571
7.20859707874
7.23823608676
7.27267893942
7.31473772028
7.32487802049
7.35147330666
7.37758957472
7.74628770598
7.80602589475
7.85746915669
7.91391306138
7.9288927786
7.95291160622
7.98910039853
8.02421290014
8.10548059287
8.11998474551
8.18139513172
8.18609849236
8.20537520063
8.25071812753
8.29573225412
8.3435100774
8.38195083408
8.43538459296
8.47089135018
8.50341268077
8.55534348623
8.58548575993
8.61554996632
8.6597985384
8.72783674509
8.79907193959
8.91959989286
8.96200627304
9.06469499107
9.08484726839
9.16206903584
9.23773357417
9.28048981656
9.32736322954
9.41253488421
9.4570875155
9.46284799024
9.46844066565
9.61520806871
9.70335713998
9.81025698109
9.81809653719
9.87105066194
9.93265897637
9.98101873638
9.99523465898
10.1176491052
10.1246116876
10.1696406079
10.2354551916
10.3204819906
10.4724798789
10.5494688027
10.7458101977
10.8162783241
10.9908803253
11.1010823865
11.1087275566
11.1864313609
11.2624242715
11.3616669082
11.497251974
11.5562477565
11.6625662042
11.78309952
11.9449614897
12.0358292994
12.218246766
12.3341386234
12.4152790199
12.5406314952
12.559764784
12.6484929958
12.7747506318
13.8249880585
13.8425120227
14.1110155749
14.1333646146
14.3392977255
14.4222807572
14.7562513285
144
