6.01180871419
6.01575576589
6.02161207121
6.02653363483
6.02945476867
6.03622436183
6.04085054024
6.04366337117
6.04941040359
6.05123392307
6.05468935652
6.05978881974
6.07249479802
6.08200355125
6.10224477372
6.11174010024
6.12431630555
6.13886909845
6.15319208616
6.15510641
6.17067034632
6.17871134463
6.19730917763
6.21418189076
6.2165680617
6.24103249181
6.25558254365
6.29314022726
6.32426667405
6.32522748696
6.34059730595
6.35081435204
6.36082255916
6.36838222275
6.38150704925
6.39823242695
6.40705364232
6.43143338759
6.44139522271
6.44800315897
6.46413620112
6.48439975823
6.49721430109
6.53550124085
6.54878062962
6.55664859869
6.57208402462
6.5809638251
6.61375339361
6.63517260222
6.63709249452
6.6515740525
6.77336282703
6.80999729555
6.85598438882
6.87791580265
6.89527207201
6.93412967321
6.93763820806
6.9622204823
6.9840864967
7.02978620058
7.05144089047
7.0641165293
7.07810436175
7.15035323959
7.16381269931
7.17312642609
7.19929183397
7.22898657313
7.25532129743
7.27483255031
7.28771047694
7.31260186891
7.31728273009
7.33704253592
7.33953633274
7.434389646
7.45420364458
7.55168706367
7.57058955997
7.58121284108
7.60216225311
7.75747238585
7.78133932444
7.82297063591
9.01460573851
9.08430875218
9.12014905213
9.14772742569
9.18224719568
9.22342287045
9.31407471784
9.4093081991
9.43416058453
9.56204689586
9.62309620633
9.69535297111
9.70337616421
9.75229878495
9.82728240035
9.89387643937
9.95737432008
10.0690372817
10.1405242687
10.3444310396
10.4024464225
10.4992288098
10.592167249
10.6445853468
10.6513815393
10.7028757021
10.8914349953
11.4154974148
11.4981233869
11.7020213251
12.1011262412
12.1459974477
12.2782391949
12.3850185556
12.4526662583
12.4764707967
12.5207352966
12.6699366233
12.8795578862
12.9774006435
13.0008136614
13.2125488999
13.2583921098
13.4707254675
14.5727042273
131
