6.00397611532
6.01864809733
6.02136925046
6.03411891026
6.03597570021
6.03655523176
6.03721451077
6.04013544088
6.05198960998
6.05980286519
6.06819868293
6.07439371818
6.08038323102
6.09518923989
6.12469478371
6.13322827602
6.14259616749
6.17917563686
6.18983451685
6.19929281173
6.20553028223
6.2153191038
6.2231867902
6.23337889465
6.24833023045
6.25768767603
6.26229147863
6.26994241572
6.28820242879
6.29393983619
6.297923832
6.31447257806
6.31723221639
6.32411855874
6.33078866555
6.34870411274
6.36252095584
6.36943568929
6.39009398891
6.39748317429
6.41197543565
6.42457733549
6.4311341311
6.44654595072
6.45512652542
6.47603236217
6.4796548948
6.48730875942
6.5037315957
6.52451846036
6.53365210794
6.54286970806
6.55777106714
6.55895430621
6.56792395819
6.56964928894
6.5967814762
6.60395159873
6.62393037966
6.65374737272
6.65969108675
6.69356560489
6.70165975334
6.71972724072
6.74324393971
6.76314984199
6.77793769589
6.80503308733
6.81872254233
6.90189565194
6.94394501316
6.94566451911
6.96213393349
6.98350666182
7.0118271871
7.06877469857
7.12033735911
7.1473944723
7.15638733605
7.18756391156
7.21811278946
7.2421529911
7.26931918364
7.29319729651
7.30197417283
7.32020625711
7.3417744017
7.3551829892
7.35810991353
7.43070295055
7.47913903684
7.50148090397
7.53192054306
7.55771903212
7.57912219872
7.64951223057
7.74361335756
7.75759217559
7.76393963828
7.84145195691
7.88760189825
7.89796700514
7.93045673367
7.9358456532
7.94067899142
8.00079218832
8.05147092343
8.06507565983
8.08802075031
8.10867463126
8.13001185374
8.88699591383
8.94182898983
9.0106914748
9.14025800613
9.14504821328
9.2390959554
9.49797456139
9.54305098988
9.62273967125
9.66359670396
9.76693535456
9.82648892826
9.83504889361
9.88432223081
10.0671528257
10.1119297422
10.2530012094
10.3052962267
10.3391939515
10.4163321065
10.520632313
10.8061401475
10.9658711293
11.0619409413
11.1299843379
11.3106518087
11.7893895227
11.8549159141
12.0166811423
12.1044817778
12.3524208009
12.4857752509
12.5759522512
12.7381945837
13.5813329186
13.8299737288
13.9961413597
14.2651933386
14.4708773
14.5667211325
151
