6.00680368905
6.00977074807
6.01696118864
6.02861775603
6.02952434853
6.03158012475
6.04180101974
6.04716286584
6.05665963354
6.06748155442
6.08548992288
6.09039422931
6.09102309907
6.09948263182
6.10807233055
6.11777036504
6.52378896334
6.54729685869
6.57080081468
6.57509246905
6.6039462763
6.60863254206
6.61996280856
6.79403844002
6.80159670365
6.80590426332
6.95728489663
6.96513288428
7.00071487865
7.06840437554
7.12091390731
7.15122993409
7.15614588327
7.19274911956
7.20289720669
7.21443303349
7.27611337525
7.28452494165
7.48054467397
7.49610774918
7.49857390276
7.51733507047
7.5839371811
7.60806835579
7.71455746345
7.75507544206
7.79760289267
7.8464477122
7.87190843603
7.91919455383
7.9501670719
8.28798530402
8.39070699474
8.431744941
8.45311344579
8.47646370981
8.5907624484
8.93606057663
8.9858607841
9.01571194139
9.0401230709
9.09339885163
9.16095000968
9.2074062733
9.29642658467
9.31278416605
9.38108976213
9.40675950963
9.49079412486
9.49786892207
9.52155297476
9.60833391091
9.74050935946
9.80038654213
13.5521074032
13.751238364
13.9529493836
14.1669512365
14.2213959174
14.4292372789
14.753005448
81
