6.00345869205
6.00406267661
6.00858015608
6.01903058856
6.02486673285
6.04183449501
6.04313708953
6.04417568156
6.04850595072
6.05645596714
6.06264283475
6.06884749545
6.08463701347
6.0867176371
6.17644044212
6.18415462087
6.1966003396
6.21032650893
6.22893877627
6.31815789397
6.32864962583
6.33657323533
6.34091352667
6.36710823892
6.38009872006
6.40241911855
6.412493964
6.44935713835
6.46260450447
6.4884703329
6.50237112453
6.51430270903
6.53414800175
6.54518086305
6.55454563668
6.5704694913
6.58803396848
6.61233418116
6.61886737806
6.62674853498
6.63527362278
6.64249398738
6.65395475342
6.6592582106
6.68607746453
6.70187022468
6.73121869035
6.76211938835
6.78343963618
6.80135639301
6.85131045652
6.87367659397
6.89917352958
6.93223153127
6.97641557578
6.98643270585
7.25161153571
7.26651387231
7.34232776454
7.40479388594
7.40685325375
17.7574197649
62
