6.00399729022
6.00605403673
6.01173274363
6.02163198385
6.02717651862
6.03746885018
6.04007696471
6.05211989824
6.05667318005
6.05934834471
6.06059911955
6.07103176716
6.0872297831
6.0897040551
6.09881938702
6.10445815735
6.113401434
6.11665680004
6.12097836408
6.12475249562
6.13757798251
6.1478188586
6.15777634482
6.17087448041
6.18147234893
6.18676195143
6.19424576108
6.21018367478
6.22114726435
6.22792545537
6.2374138988
6.23829285956
6.24907799774
6.26076657584
6.26755706653
6.28265194419
6.28811369414
6.29766815467
6.29903913014
6.30254873834
6.31592198345
6.32102764988
6.32598661032
6.33091629315
6.36435232887
6.37592122127
6.46174355377
6.47219207244
6.74376675779
6.75480051978
6.77711763528
6.81877420948
6.82880315477
6.86354213797
6.88470923363
6.90460208365
6.91764666718
6.93231336303
6.96948419926
7.01358885016
7.07037318982
7.07399936416
7.10579801424
7.12935057559
7.15142301222
7.19521800241
7.26081741426
7.27991448352
7.2952467806
7.33407094225
7.34802306496
7.35178332127
7.37815682638
7.38052531996
7.4007127655
7.41296783365
7.50288169461
7.52041009005
7.53440434363
7.57534572911
7.58648516674
7.66498934534
7.70218233436
7.76828000309
7.78697705692
7.83316589241
8.00790102004
8.04239242562
8.10160184422
8.25280061951
8.27052609912
8.31529397002
8.71889740874
8.74774282201
8.83911815816
8.89718698985
8.94114146402
9.02881289716
9.30778430108
9.35066850855
9.43383761713
9.56692052164
9.63883923865
9.6896149449
9.74694728324
9.8605407998
9.94032243758
10.0200555655
10.0580158549
10.1705122993
10.7502566632
10.8649598026
10.9629484664
11.0046025616
11.0992774516
11.2667020941
11.4567428089
11.5014968701
11.5673283217
11.6103200567
11.713322513
11.878307763
12.0262141203
12.1371459916
12.4628539476
12.557012607
12.7562819314
12.8260153988
12.9019496783
13.2152923126
13.3281649423
13.4308864365
13.4886432089
13.8776230234
14.0528529674
14.2104231925
14.5371852072
137
