6.01069841976
6.01414223645
6.0189480261
6.03026328573
6.04040539226
6.04596181644
6.16030088354
6.16413032321
6.17012063474
6.19580456521
6.20527886847
6.21326372478
6.21580974354
6.22062827878
6.24304240555
6.2488241054
6.25459665655
6.27117523241
6.28382807675
6.29317645556
6.29924819888
6.3153550773
6.32826792269
6.35798103783
6.36138247849
6.37268710092
6.37634003353
6.3873419972
6.39735497285
6.40020737838
6.41728131836
6.44536802928
6.46332144211
6.46994383111
6.47894351482
6.48344342718
6.48454015336
6.51018028687
6.52092880147
6.53512632242
6.55810711747
6.5739831634
6.58084931701
6.5831888248
6.60522585208
6.62820953195
6.63973419193
6.65826929798
6.67932767653
6.69033438435
6.69272912579
6.70533047867
6.84071811564
6.85768827945
6.89781006473
6.91498044015
6.93290275699
6.94388480108
6.97145149944
6.98308128141
7.00596994393
7.01480616607
7.05898499292
7.07371358238
7.08060125102
7.111609008
7.11997233719
7.14491804266
7.14686463361
7.16117347066
7.20725342105
7.22743426225
7.23733273908
7.27008003672
7.3058472802
7.34732394459
7.37616770215
7.40794576482
7.44501979345
7.55953054069
7.60340661579
7.62470684464
7.6509228765
7.68120319036
7.70003009744
7.71660021908
7.74886685481
7.8110697194
7.86783349457
7.96496935771
9.1899571216
9.21475176605
9.2554506854
9.30183876142
9.34515228164
9.62823776984
9.71542202888
9.78621897111
9.81813951707
10.7920279295
10.8744230675
10.9383288292
11.333259956
11.3454817383
11.4625690877
12.1406079437
12.1862667857
12.342766597
17.0359176013
109
