6.00411126249
6.00764562912
6.01247496205
6.01949226413
6.03542131737
6.04057951404
6.48207628468
6.49731121688
6.51538872631
6.53339759837
6.55797637436
6.5952096007
6.61930795626
6.62370873981
6.63809128104
6.64989351957
7.03303093014
7.05649334088
7.09525081192
7.11119763006
7.14087176541
7.17416572921
7.19015463587
7.19247316842
7.20958692632
7.22089647772
7.23593909128
7.24698987679
7.26392937639
7.30239462024
7.32565796485
7.34384639374
7.37188209338
7.40220021494
7.43752761847
7.69264853076
7.69790759679
7.71991492276
7.78263509477
7.80570537749
7.81663823968
42.5862028206
42
