6.00397006391
6.01209864909
6.01448468073
6.03258368411
6.03636048834
6.04463495865
6.04887262244
6.05194403755
6.05778946419
6.06227623162
6.06753228891
6.08426855833
6.10025316467
6.11297496276
6.1227730732
6.13282634218
6.13816510011
6.16380417383
6.17822080749
6.21358221203
6.22013535681
6.23585920119
6.24111009381
6.24269007792
6.25469830039
6.27926338897
6.2911049595
6.30041754854
6.325261485
6.33213070493
6.35806857751
6.36983727268
6.38222514904
6.39079392486
6.41373484469
6.41564482437
6.42819231677
6.4582120892
6.47298055137
6.50845686635
6.53004282068
6.53455424227
6.55026641781
6.5769183766
6.58226718763
6.58700249459
6.59293872974
6.59649727455
6.62183697597
6.65330268022
6.66093243879
6.68508803808
6.72058054827
6.77867143832
6.78770325931
6.80905724611
6.82779142153
6.85188014118
7.00491969795
7.01639538334
7.0561210292
7.06351023772
7.07929866405
7.09114010467
7.11806285585
7.1436394205
7.16978867662
7.1779062398
7.20487534541
7.22666754647
7.2550757921
7.26543577254
7.2685247961
7.36032881531
7.4267501949
7.44809735016
7.47191030511
7.48605493955
7.50267525427
7.57256018687
7.61373553331
7.62734148022
7.64405063497
7.66353959927
7.7249397026
8.13192341168
8.20620061214
8.22077695009
8.41712153096
8.44640916545
8.51289381096
8.54683298715
8.59453808948
8.73370270869
8.8119559074
8.90793126891
8.93072854943
8.97884604043
9.00404058954
9.02869168865
9.12695695752
9.17519738589
9.24585711212
9.33450050203
9.36329215769
9.4262728212
9.55020474195
9.67850442766
10.8761384694
11.7096966902
11.9360725681
11.9768310435
11.998148283
12.3736325482
12.4937668197
12.5281663032
12.5970015078
12.7106215783
12.7633424161
12.8301532776
12.9547187568
13.0692196558
13.0868085537
13.1839882215
13.3352926286
14.0324993178
14.333792314
14.7798400111
128
