6.01051447369
6.0132913185
6.01992126824
6.03310358827
6.03933508193
6.04143407736
6.05189215882
6.0550290103
6.0768468676
6.08120722639
6.09222009956
6.10978116328
6.11250363253
6.12212917561
6.13523987059
6.14409642727
6.15455554936
6.16575092834
6.16772175952
6.17249831855
6.18065229104
6.1910395157
6.20232636405
6.22191748727
6.235653724
6.27377869462
6.27607979219
6.29864451992
6.32218327028
6.34889090846
6.35568245535
6.3653492448
6.37472150264
6.6059549422
6.64748759385
6.65657524138
6.66609421899
6.68967459157
6.71333972626
6.7233693094
6.73090779235
6.78214371051
6.78348094416
6.82566015647
6.83021731362
6.85404957616
6.8904740797
6.91067680192
6.94133062407
6.96115161187
6.98233923696
7.00787438378
7.01814464398
7.06809122856
7.10629927672
7.15173747132
7.1873073605
7.1919016887
7.19458904754
7.22224501387
7.29951991107
7.32369185059
7.37125365602
7.38268973121
7.39462232871
7.48396790193
7.49327480634
7.53791101916
7.58200864532
7.63022333545
7.7527390927
7.77951688952
7.81354994877
7.83008363023
8.33868808022
8.3982698894
8.43847488057
8.4471155151
8.49857932525
8.50576395113
8.6144678387
8.64839218849
8.66327450026
8.7037844622
8.75637113502
8.78481974108
8.80949576253
8.8337396225
8.90280048266
8.95618945954
9.07210994479
9.13613600561
9.14109714376
9.16019543798
9.19558281181
9.26144077677
9.2992810675
9.54436545199
9.5968700883
9.69769254833
9.72510453555
9.77618216692
9.99403107544
10.0816918981
10.0918698402
10.1485330955
10.3299879876
10.3918364164
12.4576587996
12.4851047321
12.637450259
13.2214481686
13.3614006898
13.5535870983
13.7156241061
13.9399546992
14.1589785149
14.5332647087
118
