6.13623724253
6.14237360593
6.15021812043
6.18444456913
6.20341252921
6.20495974701
6.20839659072
6.21864074664
6.21951549619
6.23954043121
6.24685891672
6.29850281414
6.32465608308
6.33143815997
6.34322138393
6.34461418273
6.34878406919
6.37845552605
6.38791414097
6.39410028939
6.40002862115
6.40773864477
6.41272458361
6.41660034832
6.43963775409
6.46033265116
6.46532127655
6.50760593742
6.51346193406
6.52626606146
6.53617555211
6.53919420042
6.55164013411
6.56338179888
6.56482737277
6.5864874347
6.6131958031
6.62122691482
6.63263035304
6.64295397163
6.64908313268
6.66434266819
6.67758449344
6.69426651633
6.72418970682
6.81314962954
6.83897827015
6.87023538876
6.94690004742
6.94896792988
6.97883625155
7.82391911995
7.87779716488
7.88526074825
7.94160244194
7.96642496657
7.98460862755
7.99440833673
8.04290467524
8.10922420806
8.16865750645
8.28863053364
8.34349622146
8.40174489551
8.42422483033
8.54475254848
8.58415921553
8.88952394284
8.90240174305
8.95409809323
9.03425086604
9.0759744776
9.09623351538
9.1087682309
9.16991370551
9.22091356529
9.27680517388
9.4053939766
9.42428492344
9.46783695668
9.5688806229
9.6449509777
9.68300945379
9.72426187159
9.76628666548
9.77380612689
9.81211618148
9.97237931809
10.0646893292
10.5442329544
10.6144307158
10.7209223011
10.7411393236
10.8357246632
10.8427651096
10.9502267037
11.0123871646
11.1602490934
11.2876624949
11.3586364848
11.4835105623
12.1705595483
12.3532008173
12.5708089741
12.5997913093
17.1483985472
106
