6.05949985331
6.07000020663
6.07070403598
6.07371691788
6.09003443858
6.10265243642
6.11526726342
6.15942277271
6.16662678777
6.17724102315
6.18547326615
6.20550151509
6.2128895236
6.22064003373
6.23299130521
6.24667362854
6.26389755784
6.27397185618
6.2876597082
6.28919854809
6.31187863132
6.3166590262
6.33551709105
6.35237461086
6.3599324339
6.37265226672
6.37649319231
6.38684228955
6.3994222873
6.40685113062
6.41133279634
6.42938432673
6.4425117657
6.45941730412
6.47346145889
6.48822207265
6.51213554462
6.53318088978
6.57597455372
6.59849386825
6.60661981872
6.63138451899
6.64095055573
6.66501558519
6.67752682101
6.68798680835
6.6971085151
6.70291631241
6.72141163022
6.73670504425
6.75779471963
6.82800421178
7.12942830377
7.13647394536
7.17857020202
7.19583361109
7.22684673772
7.29560199181
7.32323055702
7.40359621097
7.43165275636
7.45290491473
7.50234859431
7.54351996398
7.59585288454
7.60909413919
7.6739544604
7.6770586278
7.70741325427
7.74639779959
7.79558267297
7.84020332503
7.87084073201
7.89790815625
8.13533320332
8.14191267762
8.17556168554
8.20802780512
8.2383275787
8.27374865541
8.30544613399
8.32896022785
8.40604724208
8.4619935223
8.5153444132
8.52407866151
8.55202742884
8.66066526387
8.68556330571
8.77981956369
8.85138588516
8.87574983102
8.911111715
8.96212690629
9.06287707708
9.10471293998
9.18853114465
9.2797727727
9.36311716484
11.8063009679
11.8216513933
11.8437421339
11.9758098543
12.1122390744
12.3414689809
12.8122918321
13.1263814897
13.9102591729
13.9286688455
14.4285591447
14.6337036857
111
