6.00147126907
6.01342821006
6.023855307
6.03685939007
6.04521924981
6.04948126223
6.05306228331
6.05495830373
6.05923163615
6.05978119402
6.07007519377
6.07532972935
6.08017259126
6.08848388185
6.09363215213
6.10132715095
6.11681809647
6.11996789082
6.12626946977
6.14138757773
6.14669151783
6.16328733405
6.16839048471
6.1720032222
6.17305751544
6.18501532227
6.1976513684
6.20910579499
6.22572179593
6.23011470582
6.23789253947
6.24560782053
6.24973864809
6.26268124154
6.28039356529
6.28128105846
6.28946603453
6.30879620863
6.31433043248
6.32397114351
6.3441724849
6.35051904402
6.37726616201
6.38796392814
6.41669216105
6.47475658996
6.4879502778
6.4987819419
6.53479173258
6.57606209543
6.58337922732
6.59822424735
6.62738609305
6.6554278883
8.85133721208
8.93342894012
9.1519523214
9.16258424304
9.18539801851
9.21312716196
9.30464983765
9.40141697907
9.40881481724
9.49998312603
9.54520916507
9.54991119553
9.61197650952
9.67159124374
9.74062663322
9.87453585578
10.023403491
10.0929843841
10.11052044
10.4359554439
10.6677403189
11.7135674938
11.7498619246
11.9164710048
12.0460057453
12.1127914086
12.3659352873
12.7190965527
12.8057526834
13.0108344189
13.1612694043
13.2483274227
13.4014501929
13.5450299253
13.5890362741
13.6079481439
14.1947401389
14.4939028069
14.7158709922
93
