6.00889870266
6.00940161015
6.01421657887
6.01739686915
6.02079861631
6.02406882188
6.03033917031
6.08542333445
6.09073220734
6.10228039636
6.10532205208
6.11057341803
6.1445056542
6.15290649998
6.28847942919
6.30515368699
6.31428565387
6.31588153219
6.32296159941
6.3460336373
6.35265652284
6.36120766619
6.37091840549
6.38643212537
6.3999632115
6.40860214483
6.41855754492
6.43898698689
6.45489600314
6.4830945494
6.49794757746
6.50794425627
6.51426375941
6.53314897578
6.59200741519
6.59693002537
6.60816396576
6.61874456057
6.62956882423
6.63089668604
6.64179205656
6.6430004275
6.69963477055
6.71169369734
6.7284644023
6.76420919295
6.77753779114
6.79461534633
6.83754705637
6.84328378022
6.85658978358
6.87882969455
6.88789478081
6.90638420168
6.95693986157
7.0216711126
7.05541371116
7.07676942012
7.08809979787
7.26261426979
7.2852193086
7.32906632644
7.34708714646
7.36876410818
7.43126819815
7.57325420238
7.5976048074
7.6446096175
7.73137415174
7.74580945525
7.87827727726
7.93649822409
7.97717152837
8.08501445756
8.10301044809
8.13518519018
8.21722737163
8.22165354414
8.27879485402
8.34521884426
8.37697519582
8.44261651399
8.47035412301
8.49856745892
8.57781989642
8.95428760499
9.02895571421
9.0703757904
9.11642060268
9.16653745898
9.20175175937
9.24337979396
9.30629861637
9.35548709106
10.7235074194
10.8391023639
10.8837007449
10.9572092848
10.9683248777
11.0639371754
11.083594508
11.381979768
11.4611509756
11.580529079
11.5976701937
11.648646541
11.6570504528
11.7797024118
11.8674413433
11.9147353155
12.1908454049
12.2024902842
12.3104095218
12.3784164652
12.6215789178
12.742290856
12.7742713983
12.8212301197
13.167626137
15.3120458778
120
