6.00612307367
6.01395325015
6.01963843811
6.02830654706
6.03020655916
6.03540187362
6.05263165139
6.05359026953
6.05914840472
6.06366891529
6.0645635076
6.06698313638
6.07779466597
6.08211429379
6.08305905886
6.09394775673
6.10403833637
6.11216102012
6.11583667661
6.11685638258
6.11734700613
6.1268208069
6.13191608378
6.14151061766
6.14221504077
6.14489567452
6.14709464648
6.15227315407
6.15615835489
6.16637278086
6.16732998779
6.17096423176
6.17635946204
6.17831524491
6.18115093077
6.18580424557
6.19633578748
6.24123117836
6.25300056143
6.27042566176
6.27779765374
6.27924849772
6.29694347944
6.29955993933
6.30046901309
6.32668693116
6.3336373815
6.35144593187
6.35935014364
6.36444744594
6.37491257637
6.4005006481
6.42056925832
6.43970263179
6.44684105401
6.46146073084
6.49492383055
6.50347114646
6.51827011853
6.52813087646
6.54817034356
6.57509528513
6.58134538942
6.60347052714
6.62101160076
6.64203502716
6.66006439967
6.68889975847
6.69413729092
6.71935143561
6.74574129149
6.75291119198
6.77130551562
6.78019729718
6.80133257945
6.80292425279
6.83174066578
6.86271687918
7.04667818441
7.06791702442
7.09570835596
7.11322324473
7.13728019244
7.1452590523
7.17006141815
7.20036138548
7.56301599943
7.61143099109
7.66590816463
7.71228966467
7.76716370057
7.82568119656
7.94910948188
7.96282324913
7.97311164097
8.00402362516
8.05749952791
8.06190684163
8.12580528889
8.15462047608
8.18440336795
8.23714659589
8.26701843451
8.2903345237
8.30954185531
8.33046939189
8.3452178924
8.37796822591
8.42153894262
8.42925181187
8.47446965541
8.47901002028
8.62502936089
8.67318098543
8.74563011585
8.81228655668
8.82321639262
8.90311530945
8.9076733011
8.91198516199
8.95198992421
8.97754367351
10.7496763433
10.8417316666
10.9638145017
11.3510907991
11.4521002886
11.568328261
11.5851320665
11.62412759
11.8063790176
11.968742875
12.2568197466
12.3219611365
12.5364571175
12.5746100399
12.7484936363
12.9520484572
12.9743803321
12.9978174596
13.0727991542
13.152058308
13.2016163884
13.5134106332
13.5553395686
13.849159229
13.8769710753
14.2270502745
14.2712228456
14.996566862
150
