6.00425531851
6.00937384718
6.01651401463
6.01700934918
6.02260734859
6.02942896376
6.12655485618
6.12905286631
6.91447448328
6.91984149182
6.95744744358
6.98171715705
7.00717646027
7.02418477332
7.12489252059
7.14075414491
7.15890612956
7.1898818058
7.22860730574
7.24417350106
7.28596387267
7.32584337307
7.36429881282
7.42981401305
7.43739834701
7.49942125013
7.51233125409
7.54838998416
7.55486452298
7.59449595703
7.63636166699
7.66532221329
7.71874807692
7.76257719666
7.78054999987
7.85731332158
7.91398861498
8.0533122075
8.07964599477
8.0956260754
8.12612238582
8.13992891746
8.20422646114
8.30871142161
8.34009504205
8.38918966872
8.40956775398
8.51253471948
8.6518614645
8.68611287272
8.71767956196
8.77196095115
8.78419140351
8.87482986906
8.90783632396
8.92541997867
8.98786285711
9.05270156005
9.16294429186
9.20321739408
9.37059957815
9.3882249032
9.64727322561
9.68684747696
9.779989076
9.85412312765
9.88750229727
9.99148877936
10.0645273882
10.0850830845
10.1880259701
10.2632158177
10.2696020692
10.2825628924
10.4348463138
10.5178762838
10.5531576905
10.6565183453
10.664878681
10.8946013194
10.9356185209
11.0727713374
11.1507227137
11.2203831861
11.2860763513
11.3818381579
11.8101932823
12.0794577701
12.1121286952
12.1478188401
12.6645268044
12.7460800062
12.8802988901
13.1007184862
13.3457467078
13.3920547299
13.7838807248
13.8702863391
14.1824090757
14.260354083
14.8515463633
101
