6.00484252945
6.01066194929
6.02928230435
6.04052784574
6.05500151722
6.0624731007
6.07370100903
6.07449132659
6.07801014773
6.08273651938
6.0875528606
6.11570255445
6.12021184363
6.12424602708
6.12881249108
6.14093132983
6.15131517495
6.15226500416
6.16596537146
6.16941217251
6.17798636081
6.17853024939
6.18384432935
6.19057040867
6.19504443854
6.33505557322
6.34685075158
6.35674832214
6.36091360611
6.38860506162
6.39839221535
6.40591507124
6.41004889782
6.43638814392
6.44386619725
6.4607271558
6.46326913099
6.47846403432
6.49889991788
6.50913293649
6.5146273093
6.53548590173
6.54301793485
6.58556242989
6.59701666517
6.62116979919
6.62286756815
6.646772652
6.66258712631
6.68163297592
6.68966664295
6.69406114103
6.70895748455
6.73281034843
6.74141021052
6.76771741832
6.77054343578
6.81510795424
6.83827718308
6.87553309274
6.91194885772
6.95102658942
6.99736377504
7.02098519936
7.04738124918
7.09930347972
7.11575974238
7.1644372205
7.16814161437
7.23460379921
7.27690642921
7.28055330553
7.32989387346
7.36703219413
7.40305293424
7.42425392158
7.46433546358
7.49988459013
7.52982220404
7.54307668748
7.59328612032
7.68174780929
7.68769997192
7.75707951581
7.95676967501
8.00445177215
8.02730887122
8.05766301687
8.1598308361
8.31281844509
8.37243307283
8.37534820917
8.43280904491
8.50669800065
8.52966457259
8.53358773795
8.55990049842
8.59670848125
8.69373765498
8.73702549229
8.74968324041
8.79015789866
8.79522752454
8.97569957085
10.9221053688
10.9358811578
11.0369887466
11.1227924655
11.4099808225
11.5759816478
11.6506366686
11.7373041194
11.8079788008
11.93852548
12.0210301642
12.3420879684
12.4748164462
12.5263276136
12.6150333449
12.7106991921
12.7235325393
12.9305857113
13.2677009498
13.3491683598
13.5586740858
13.6726539508
26.2530732386
127
