6.00330369289
6.01168216871
6.1581398352
6.16194591994
6.17603191047
6.19003952424
6.21744571638
6.2241933328
6.25394885439
6.26718759313
6.28049173191
6.29244663222
6.29928147952
6.30857119068
6.31736828303
6.32011301954
6.32165869199
6.32743845451
6.3329378227
6.33673487033
6.36592057862
6.39186255612
6.40358123104
6.40799553796
6.43551298889
6.45174715885
6.46905031398
6.48359573903
6.53963084711
6.54894029619
6.5661868835
6.5713337814
6.5843308098
6.65934805069
6.67969124382
6.70548049366
6.74798851641
6.75139818375
6.7605239823
6.8213954379
6.85770645016
6.86336039978
6.87934429364
6.88565101116
6.91951236851
6.92235172307
6.95245987198
6.97167471696
7.00530042956
7.01155656204
7.0376971856
7.05483663921
7.08169353464
7.1164075853
7.14671333794
7.18016997547
7.22033724123
7.28687731556
7.30818055644
7.3926594061
7.44723195541
7.548080726
7.58851742923
7.60714762894
7.64749896204
7.67048041882
7.71003453942
7.73809102526
7.78155696992
7.80497097273
7.97123678974
8.06564116629
8.06859377442
8.11982256505
8.19430482942
8.28122687885
8.54502476168
8.62010955116
8.96337830151
9.02049398011
9.08780804952
9.21299563204
9.31175097151
9.34926343278
9.35342567328
9.45381425296
9.47658478151
9.52876982741
9.57381854994
9.58886805518
9.60418924454
9.70402619682
9.91362690288
9.92207091932
9.960754408
10.0196235748
10.0866964887
10.2377881418
10.3419074323
10.3980144847
10.4919790905
10.5126610503
10.6261327664
10.7515490512
10.7584365544
10.9328998166
10.9633952586
11.0553647709
11.1100411645
11.2617772996
11.3034738328
11.3413647261
11.4852104613
11.5808984476
11.9176159003
12.0068482313
12.1840267125
12.3917400966
12.5246526966
12.7154475015
12.8156698643
12.8977646194
12.9842601678
13.1917766742
13.2267887211
13.664156087
13.7309538866
13.7519941299
13.9020725714
14.2160436404
14.5288486047
131
