6.00469681066
6.00742693559
6.01423996459
6.01476205989
6.01654733916
6.02167363519
6.02669604689
6.03892653929
6.04499396517
6.06303433951
6.07261084317
6.08508343599
6.09682184923
6.09736245439
6.10918107715
6.11936818336
6.1262689977
6.13192179124
6.13689056109
6.28505479581
6.29685140191
6.31000161529
6.32197294721
6.34000471674
6.35103141436
6.36155059806
6.36623592606
6.37943030741
6.38713675743
6.3895447073
6.40607110594
6.41415471294
6.42885104427
6.45052780975
6.47159924733
6.4763463383
6.48727465487
6.50008298694
6.50656427837
6.51818100006
6.54579712565
6.55773651813
6.57456369673
6.63451784798
6.64745046714
6.66884859995
6.67403774037
6.69828340495
6.71874408482
6.72150846732
6.73600549095
6.7493581494
6.77652585342
6.79740792571
6.82337311674
6.82967860761
6.84185574722
6.85118350564
6.85765663302
6.90483079966
6.90841493966
6.91309509973
6.92637078131
6.94345147842
6.95911661501
6.98947659397
7.02967135976
7.03266682326
7.04598429663
7.04843532694
7.09135672825
7.12708161218
7.20997439966
7.22233711175
7.23195448931
7.28796689716
7.32072743248
7.34575465287
7.35911541002
7.38281860861
7.40893896982
7.42589729545
7.45319157959
7.65524256986
7.68958498468
7.76603126055
7.7981875264
7.82112215569
7.86070141068
7.90499522445
7.98201049079
7.98501476969
8.02720387363
8.1335844675
8.23386717133
8.2945526603
8.32224482627
8.35201571565
8.39394666479
8.43561435641
8.45584567329
8.51058146304
8.54022224581
8.64052144522
8.66950134211
8.77166745753
8.8395867614
8.88859875808
8.98674877119
9.04677539686
9.08112275678
9.20359635837
9.25405397904
9.33862252465
9.44754759435
9.57738948054
9.68346185709
9.77008531805
9.87921749708
9.88730573465
9.90058782724
9.94353772601
9.98890566503
10.0465485157
10.1322786005
10.2239833805
10.2914217274
10.3022189693
10.4131594652
10.8569723879
10.8687619663
11.1232312344
11.140397164
11.1754668695
11.2503595347
12.9250931287
13.1269731734
13.5375127418
14.2128579225
14.4712279238
14.6593021264
141
