6.01478598068
6.02293389699
6.02978881322
6.03151954774
6.0329109548
6.04105142964
6.05380053414
6.06097375324
6.07274262482
6.10618188186
6.11895013881
6.12642368964
6.13349911953
6.15902063619
6.16200925138
6.16497432019
6.17012609475
6.1859862983
6.22125170734
6.22598300883
6.25227924155
6.28043397843
6.29701289826
6.29880392629
6.31141329672
6.34482469929
6.35856136799
6.36327904582
6.37461741638
6.38937819438
6.39884964303
6.40913472982
6.41418757026
6.42594676787
6.43057445502
6.4542352337
6.48463450455
6.49530694359
6.52238710076
6.54217783337
6.571312224
6.57833413953
6.58448874629
6.60455060993
6.60635264117
6.62892310226
6.63421281465
6.65218742944
6.71590559396
6.74273352152
6.74712667298
6.75691343406
6.79435215349
6.88122306744
6.90082771038
6.9087150124
6.9305950546
6.93341831114
7.31617087964
7.34612815134
7.34873899941
7.36525608347
7.40188021595
7.42270657011
7.44339752199
7.4876049413
7.51655911936
7.53275813086
7.57219727612
7.59678555805
7.60973748635
7.74578627033
7.75102251199
7.75366831384
7.77674701095
7.85458911538
10.8664896009
10.917639106
11.0753617075
11.0886499766
11.0961720452
11.1465647847
11.2020992948
11.2419245074
11.3786420736
11.3871529452
11.4269078998
11.4607154691
11.5197607779
11.676521965
11.7924543169
11.8695407816
12.0623862756
12.1730767016
12.1990961578
12.3052470151
12.4443691912
12.5647315032
12.7455703151
12.8050260242
12.9336556347
13.1011529163
13.1568408169
13.258854787
13.3291299752
13.4948818954
13.610803363
13.8874677954
13.954004167
14.1381805905
14.660229177
111
