6.00855588608
6.01549372159
6.13103186463
6.13584768164
6.14150996758
6.14279992007
6.14696683505
6.16461687289
6.1699268891
6.18506802884
6.19401032144
6.25805369483
6.2605812618
6.27118880807
6.28546774844
6.32696848244
6.33918903484
6.34002399081
6.34209418674
6.35305582794
6.36037744916
6.39123706192
6.41056331465
6.42009505002
6.43377943643
6.45461245929
6.45966159551
6.48411438224
6.49370007242
6.50213090647
6.50634886982
6.55260562828
6.56928180476
6.5736102273
6.58782727146
6.59717603273
6.60004694364
6.62037248935
6.63415382088
6.6458867088
6.66425028596
6.68547515795
6.70257207517
6.72020815145
6.73739969833
6.75017941835
6.79706582815
6.81741625462
6.85527101798
6.90003750892
7.24726553364
7.30743263191
7.33461247727
7.39009089388
7.44283547881
7.48278536391
7.49997135459
7.52191257363
7.54093102911
7.59783569697
7.61777467729
7.72805000235
7.77826833622
7.80189961625
7.81910534276
7.98163652334
8.03178230926
8.06452551554
8.09883223087
9.03125931766
9.07333819525
9.12111758465
9.1643141979
9.21889672815
9.71301501056
9.74319600873
9.80491074135
9.88098116864
9.95208295214
10.2469255825
10.2672878101
10.3338793056
10.4812114548
10.6235739658
10.676943977
10.7946819913
11.3627021042
11.5551452306
11.5679900113
11.7192218661
11.9383308498
12.010877209
12.0982416955
12.1635133945
12.3623528153
12.3715609998
12.5237574368
12.5849364238
12.6328786845
12.8220913723
12.9838205621
13.1182545791
13.3005815226
13.3464088054
13.4621460141
13.678239924
13.6935469198
13.7215681861
14.5736517671
109
