6.02977337538
6.04121497564
6.04969875186
6.06880461185
6.07445603097
6.07617651482
6.07818321555
6.08515464435
6.09168054428
6.09779763663
6.10027873559
6.10537544671
6.11116346958
6.11279121118
6.11825297809
6.1255390546
6.13399855785
6.16550148104
6.17697249397
6.20008231197
6.21479390281
6.22529813994
6.2306426386
6.2331440184
6.23693578535
6.24200617538
6.24314851986
6.25332966786
6.26488057346
6.2656427822
6.27820582819
6.2939699532
6.30060423766
6.31508187
6.34664515353
7.00586950948
7.58548671277
7.65670523819
8.30703025318
8.3487132298
8.39123614756
8.41378252811
8.52302867323
8.56174643295
8.67739872985
8.73760370577
8.75702950329
8.80942414847
8.89813783649
9.0038128617
9.10898309866
9.5251765197
9.60820235967
9.63932841891
9.85258491212
9.9498899249
10.0464338854
10.3324664742
10.430096051
10.6523489655
10.7027863342
10.7903525276
10.9011062056
11.1632010026
11.3010756379
11.4296911762
11.5105217339
11.6057747082
11.7803598734
11.8458502529
11.8560853734
11.8755427658
11.9830524357
12.0217576297
14.8118283259
75
