6.01633569621
6.02354002154
6.05561634836
6.06290869241
6.07551793093
6.09003454405
6.09655479741
6.10700081944
6.11585886297
6.13277289856
6.14030571059
6.147008998
6.17207537855
6.18583081616
6.19321673981
6.19984729273
6.21286972755
6.21526262253
6.22569115952
6.24079167384
6.24504561962
6.2560738807
6.26185721992
6.26639958723
6.27685401088
6.28153993573
6.28476097743
6.29292098606
6.30899252888
6.31072768472
6.31524722574
6.32388717951
6.33694317442
6.39006083543
6.45974912974
6.46125756206
6.46803001147
6.48209817957
6.49003060377
6.51402869233
6.5438443683
6.55403775341
6.55693665467
6.55866157953
6.5772418176
6.58099278895
6.67950851367
6.68120450443
6.69747333085
6.72249587167
6.75797273392
6.76566296011
6.7800165707
6.79234544267
6.80992353722
6.83271942114
6.83967201252
6.85305598923
6.86592570175
6.88596061303
6.94205798286
6.96673265701
6.97883887456
7.00307493161
7.05401115948
7.07977999654
7.10838531073
7.11064391285
7.1191849246
7.1468611273
7.17651096849
7.21433822514
7.27577284149
7.33099768392
7.35021532707
7.37098541382
7.45023933615
7.49789988817
7.54760064191
7.58064479274
7.61451629528
7.6286027083
7.65153282207
7.66077131112
7.68574437313
7.71037814119
7.73084024747
7.75455291426
7.84695289943
7.88312463302
7.92847011326
7.93957396867
7.99647770303
8.06165783742
8.08264242934
8.11447935096
8.11710651045
8.20654612557
8.22273050651
8.29962262995
8.33772740663
8.37481401122
8.44572519855
8.46694437985
8.69844905695
8.75779119936
8.78498358341
8.97570827448
9.01891133675
9.16795213077
9.17609702703
9.23118982452
9.32294939422
9.37659764289
9.57425358728
9.67376715891
9.71515568534
9.8117973021
9.84477717263
9.85329657504
9.92512436101
9.97561559522
10.0852085193
12.1832276087
12.3612496184
12.4149857536
12.4277664403
12.5636302948
12.6684748043
12.9718306044
13.0530867064
13.0663421765
13.1929760228
13.3332638432
13.4073187293
13.8569226243
14.0055254212
14.925049931
138
