6.00706822143
6.0131477974
6.02513020971
6.03229540802
6.03381089347
6.0439994199
6.0568888895
6.08323537699
6.08970158569
6.0958524625
6.10690005928
6.10749320316
6.11067193636
6.13321434413
6.14819375069
6.15184354854
6.15690511602
6.16643789606
6.16957923513
6.18621527562
6.18977296748
6.20554761653
6.22070945318
6.2282029428
6.24299411916
6.25321431963
6.26417312134
6.26560130859
6.2676010109
6.27414690506
6.29627305723
6.29980005554
6.31557514586
6.32475911745
6.33237490666
6.34082395367
6.35191772865
6.36283744329
6.38133664993
6.400524854
6.443194287
6.45289019028
6.46242595697
6.47271677587
6.47629346936
6.49010988081
6.64334392612
6.66192093054
6.67973460148
6.68746592118
6.69885346085
6.70075405795
6.70448273784
6.73660655144
6.75792451194
6.7959719211
6.82369660055
6.84079459573
6.88268771357
6.9019047224
6.91061753576
6.921322544
7.09251158931
7.12769612757
7.13812578736
7.18060247557
7.23776840645
7.25208009931
7.28272150983
7.28823084178
7.31078107527
7.32715702106
7.35337246786
7.37265701549
7.39332990645
7.4438038395
7.49456646729
7.7015596837
7.73818227911
7.7485063153
7.75208921068
9.1585355564
9.33645230025
9.39781262475
9.40202349169
9.48196289445
9.60686482421
9.61771844953
9.94172663358
9.99060637971
10.0898927054
10.0971821446
10.1544105837
10.1986109953
11.185318706
11.3237619203
11.4967650597
11.6067456127
11.9372434885
11.9518465063
12.0898836433
12.2226111282
12.2781972542
12.3297057627
12.3630630719
12.5909184515
13.5055723388
13.7671693991
13.9054954042
14.1006996644
14.2087220096
14.7014595298
112
