6.00976426004
6.01788182077
6.02294875946
6.03214306992
6.04046647806
6.04516935739
6.05205321217
6.05935949469
6.06555543268
6.08429384586
6.0922836196
6.09654827203
6.10260084357
6.11418088833
6.11749728023
6.1189371896
6.12508606153
6.1297546619
6.13477125872
6.14798745679
6.15900580947
6.17312746864
6.29807340895
6.55703031603
6.56547341574
6.57946888343
6.63143379715
6.63550950289
6.65826229251
6.68074057591
6.70102224345
6.71783217894
6.79085266808
6.79799597
6.81724344459
6.83101722601
6.87745050852
6.90130533345
6.91425004053
6.93404585806
6.94837910362
6.98328460651
6.98635046086
7.00147480617
7.02184671563
7.03907528335
7.07366171641
7.27297425998
7.32454032776
7.38335879354
7.43275455301
7.47819184901
7.49509935341
7.53535768797
7.58186908997
7.64824466211
7.69027913822
7.7454257821
7.80059306146
7.81257162121
7.83151841171
8.17565212245
8.23642442286
8.26573957308
8.28086482055
8.3024403795
8.33440725541
8.53800750099
8.63625586721
8.70788795924
8.72071110441
8.74396841435
9.78786350145
9.8458982611
9.88427000108
9.89488628594
9.92601626813
9.98489538121
10.036837999
10.0780972758
10.1422363064
10.1853258128
10.2727454635
10.3117062212
10.3669159798
10.5153362894
10.5962018817
10.6097380603
10.6803180006
10.9167516444
10.9838218924
11.0072944324
11.0146184452
11.1166940535
11.2575822897
11.3120618096
11.4318413789
11.6130621627
11.7650722785
11.8665204111
12.0060497336
12.0250061218
12.108225577
12.1558750261
12.3292983539
12.4838745048
12.5470341854
12.6184440285
12.7797816418
12.9491289627
13.0634868516
16.7430647706
112
