6.0073951046
6.01453507014
6.04416241002
6.04971246027
6.05549475304
6.06244840014
6.07777599759
6.0838521369
6.08835757145
6.10104966042
6.10171645057
6.11180124172
6.12385201236
6.12882079404
6.13325746269
6.14172842762
6.15781169003
6.20240684572
6.21890470651
6.22822790741
6.23994939664
6.26694737652
6.26846793883
6.32179362903
6.34901597667
6.36314621958
6.36421446256
6.39015862537
6.46999758088
6.51070984244
6.70835128638
6.73077713823
6.74944253254
6.76534467196
6.79771564174
6.8234016056
6.84377347985
6.87236745792
6.90788669851
6.97693831113
6.99231224425
7.0570042526
7.07579917835
7.08966019683
7.11173763293
7.14370196656
7.20738470924
7.30487080443
7.33430577904
7.3828372911
7.47674736203
10.7040743537
10.8314882411
10.8607744934
10.9826449909
11.2541605353
11.3399185843
11.4492263396
11.5892950118
11.6824457202
11.8273075376
11.8563270685
11.917464108
12.1144642617
12.1880276496
12.2180792452
12.4539073487
12.5146533214
12.5833346654
14.6370387677
70
