6.04909807325
6.05431388551
6.05520740752
6.05661660572
6.05809237047
6.06629076699
6.07208989908
6.11310777666
6.1223195845
6.12627470743
6.1274686496
6.13253057199
6.14047563698
6.1426726661
6.14560439797
6.14860329184
6.18226186888
6.1858188214
6.20180990546
6.20520734731
6.21042140773
6.21615004526
6.23450180701
6.27178032506
6.27485056832
6.31969050822
6.33461232656
6.41751927387
6.42918061129
6.43495631252
6.46066772422
6.99361676544
7.01511616573
7.04157592858
7.06132087349
7.08021519859
7.09058264657
7.11668649077
7.21076072919
7.24850979428
7.31313842714
7.34393433985
7.42195648298
7.43282474961
7.45676995847
7.45918232952
7.53818463025
7.58466999414
7.60748304124
7.61012489893
7.63072694598
7.66689273419
7.69095721139
7.75661489829
7.83213330017
7.86794725587
7.87608233814
7.88729743585
7.91973929555
7.95068214762
7.97903162629
8.00633197429
8.02444300402
8.04058505188
8.07994798082
8.14837629918
8.15644537712
8.17172774783
8.1838212423
8.21899946941
8.29204047725
8.32405607781
8.45781511121
8.49419048113
8.5515119961
8.70212358277
8.75063061372
8.78490872708
8.87169842174
8.8887571444
8.91828953574
8.93860194146
9.00487663513
9.04636376224
9.05818436074
9.12515119877
9.18501875805
9.20473494446
9.25137460413
9.26120114252
9.4376629764
9.53569267033
9.73380350136
9.95740736106
10.0672319669
10.1566591095
10.2672098321
10.3028534889
10.5267880839
10.7308412385
10.7449131863
10.8871362821
10.9313823766
11.0326770234
11.1605182041
11.2526088377
11.5527070525
11.5981428063
11.7844651177
11.9283235871
11.9883803799
12.0805440067
12.2488326745
12.3290538167
12.4033642594
12.6674305026
12.7020266463
12.9045172124
13.1537903957
14.8039951197
120
