6.01027863362
6.01343022629
6.02500329084
6.03997797652
6.0424959143
6.05644202772
6.06936387074
6.29816338698
6.30463677891
6.30944882589
6.32061836549
6.33016561642
6.33588907683
6.33955004017
6.34246583012
6.3513923572
6.36556904204
6.3789842616
6.38326761378
6.38784654902
6.39714669303
6.41202836123
6.43486058684
6.46118106436
6.47101460709
6.47875928104
6.48706882063
6.50858299898
6.52437843447
6.58446492004
6.61555159628
6.63154441657
6.64249002839
6.66461200305
6.68339208158
6.68793972075
6.70200785738
6.71686053547
6.75241146744
6.82833650441
6.82989241952
6.84438833598
6.88118002677
6.91491660215
6.94006202005
6.94519280485
6.98108620858
6.99740379127
7.0435613221
7.0673259498
7.0840734444
7.08690463698
7.14017392459
7.14977425504
7.18064528437
7.19592936919
7.22082066307
7.25380208841
7.27294702954
7.28378016674
7.37974307082
7.42639401593
7.43761854692
7.4473104842
7.51065836865
7.52432670551
7.55596556807
7.5909657783
7.60904793913
7.65629529149
7.67948885123
7.74685617384
7.76213859675
7.83461809926
7.85925444823
7.90274002317
7.946058367
8.09123766929
8.12509167716
8.15997315678
8.20279971375
8.27175494601
8.3003361803
8.31816039892
8.34305234149
8.41466051271
8.42988670805
8.48152258606
8.52482873826
8.53856589264
8.55732362429
8.59533664326
8.61268078015
8.64777706273
8.65389629314
8.70079748072
8.87583762451
9.0523652403
9.1052097581
9.16056043986
9.18789771391
9.24869288608
9.30869412789
9.31857163071
9.46612013316
9.54549422259
9.60838710693
9.66727384163
9.95406123526
10.140934793
10.9665928773
11.0995099759
11.2637692754
11.4610954
11.5796967649
11.6911534212
11.7536153099
11.8373721708
12.0558092376
12.6910811597
12.7068206392
12.7805096342
12.8835512224
12.8954884997
12.9842316957
13.0534298555
13.0927810019
13.3469793104
13.5417090533
13.6457915919
14.3857051018
14.4779228151
14.7447434818
133
