6.00696015886
6.01216419982
6.01556313719
6.03936657837
6.04063041103
6.05560754326
6.06766649125
6.071416064
6.08878080449
6.09646983824
6.10155937962
6.10569598043
6.11022917142
6.11132899055
6.11475935261
6.12575265847
6.21412228276
6.22138941374
6.22944699628
6.23425267159
6.23571572745
6.24414496404
6.25612535744
6.26166831276
6.27553783549
6.31114878428
6.31274317788
6.32760123374
6.33445839568
6.35144561608
6.35970140773
6.36777891297
6.39953622199
6.43558867105
6.44121755337
6.45278967534
6.48321422704
6.50256630821
6.50634686717
6.50796532993
6.58310745376
6.58894118923
6.62216415772
6.62754624878
6.62906839432
6.6389634087
6.64795084878
6.66335301422
6.68632294965
6.71204221052
6.71658773935
6.74116094738
6.74466144571
6.76840916803
6.77136458426
6.77387113432
6.83579770674
6.83804004154
6.84983079963
6.91047068489
6.91964354921
6.92765574251
6.98303491072
7.01933015856
7.0571368827
8.60856796803
8.69348492511
8.75374414448
8.78072894391
8.81391507379
8.85363664295
9.0109142272
9.04238719966
9.13648582962
9.16673681376
9.23406213997
9.30823780139
9.31276414687
9.335280454
9.42866873161
9.56321921778
9.68745076069
9.75164220027
9.79163780197
9.83314290676
9.94179972179
10.0498573993
10.1423474682
10.1960766446
10.2745157382
10.3761874057
10.4495849348
10.5706000571
10.5822361614
10.6271973561
10.6761172126
10.68675594
10.7444629784
10.7808524675
11.0811174216
11.1397478422
11.2010695693
11.2512034841
11.3539286698
11.5286329885
11.5774606351
11.8393841822
11.9721576936
12.1486419121
12.2272495818
12.2729257962
12.3368547636
12.4440292255
12.4788166859
12.6513941271
12.707854477
12.8914772867
13.2520431935
13.3779671125
13.4224426469
13.4885234519
13.8260920495
13.905157808
14.0127505388
14.034105777
14.3482635428
14.4987186008
14.548290291
128
