6.00932881789
6.02289070707
6.08070815741
6.09797570638
6.10395164133
6.11712127025
6.12089646686
6.12682512806
6.13512927983
6.1444738041
6.14999206908
6.15874662544
6.15948799963
6.1610025702
6.16959010723
6.17760802392
6.1888339743
6.20347652667
6.2073448062
6.21416491477
6.22317619534
6.2243724619
6.22974293803
6.24663419582
6.26032922903
6.26494565766
6.27766256616
6.28287611057
6.28996977625
6.29907468431
6.31468701868
6.31748156421
6.4924480282
6.50464079589
6.53568632055
6.55199469465
6.56439326076
6.57737304287
6.59390518012
6.61199519807
6.61913367275
6.62639844886
6.64640698935
6.65897031157
6.6944917577
6.72545488603
6.72814504865
6.74888219574
6.76005161554
6.79312717508
6.79559814467
6.81760917071
6.81966303638
6.85456012565
6.88555275586
6.95453642966
6.98235502733
6.99986016457
7.02949353833
7.05128279738
7.06306484696
7.07435614663
7.09790060074
7.1064961213
7.14162514306
7.1467900875
7.17599347785
7.19020399245
7.21530467482
7.29144813104
7.34179771644
7.37095310375
7.44516097501
7.46326334648
7.47941551876
7.57718896956
7.6140605207
7.65154803837
7.68213220116
7.69521373486
7.72683505484
7.7604371721
7.7724440758
7.79259644387
7.80237634599
7.8524640459
7.87964965643
7.9173763791
7.95536158387
8.01065659674
8.0142881878
8.08409331871
8.11541845987
8.14445072925
8.17710776112
8.22955840888
8.23852459233
8.24664941492
8.34671844707
8.53325800385
8.53858317864
8.61266794739
8.65011074911
8.67852539128
8.68407312878
8.7134633017
8.75056758804
8.80647370793
8.83817569027
8.86243436147
8.86647101742
8.92650390185
8.99387269636
9.02662199493
9.06144475368
9.09234595067
9.36828439045
9.41100242193
9.4510599565
9.47734457364
9.60752590657
9.69097095549
9.79701432293
9.85775947448
9.9308772107
9.96283868696
10.0421642699
10.1170416477
10.1589617355
10.2161520517
10.2721175889
10.3632956316
10.3966284952
10.4274784031
10.550411375
10.6295200151
10.7052633133
10.7751812028
10.8891090286
11.0221875764
11.873434313
12.4524363236
12.5199734563
12.6517585078
12.8378232899
13.8163856309
14.0724467726
14.5475638582
148
