6.01677105587
6.02181362408
6.04334695611
6.05249857012
6.05912108332
6.0616977957
6.07135412167
6.08246977208
6.08622705528
6.10797596182
6.10992223312
6.138678145
6.14900619752
6.15737781365
6.16293184596
6.16367187972
6.16920291805
6.18033787021
6.20346977271
6.22864966591
6.24192195467
6.25382363324
6.25936760848
6.26518580209
6.26691723051
6.28481971263
6.28860876384
6.29335266868
6.29902474773
6.30773579232
6.32238869532
6.33475357168
6.33804076039
6.34901087317
6.36469143245
6.38409495769
6.41767227543
6.42521784615
6.43950846976
6.45086063021
6.45349491016
6.46632349715
6.46781885565
6.48735583405
6.59592502074
6.6079910455
6.62440082625
6.63381967334
6.64659401245
6.65399149692
6.6755116765
6.69073627318
6.70968319242
6.72236496263
6.73560494634
6.75710644534
6.81072741942
6.81605853849
6.83163969405
6.860979762
6.89957202615
6.92859906988
6.95031987283
6.96895968586
6.97705741119
6.9977364139
7.01659342459
7.04449877074
7.08477601217
7.11081152468
7.14434451943
7.15748744821
7.19413377486
7.22523382565
7.25202946039
7.26363116687
7.29674912754
7.31168912412
7.32806357548
7.35561846536
7.3877694268
7.40875569933
7.42849403288
7.46168945575
7.50231502916
7.51577140963
7.53207820692
7.5967570741
7.6562647381
7.67542442694
7.70390923629
7.72284603621
7.72693804166
7.78679095507
7.9263569544
7.95857384038
8.0063341242
8.15431419303
8.17120144134
8.22104128299
8.25503834138
8.28190633319
8.30413537339
8.35813528563
8.44889628139
8.56361198097
8.62008640928
8.64737798808
8.6739879003
9.8731389949
9.88628153742
9.93832957239
9.94387150174
11.8226605266
12.3134650942
12.4946265771
12.5966994694
12.6980228996
12.7660963016
12.9621075094
13.5723568114
14.0051367449
14.0532350675
14.4724536484
14.7563676054
125
