6.01512572052
6.02790692633
6.03234287327
6.04189663365
6.04903880455
6.07835617911
6.08602626794
6.09438663985
6.19390198196
6.21672987746
6.21817970662
6.22773676549
6.24184953042
6.24581549584
6.26523013633
6.2839658742
6.30295811226
6.32755913723
6.352012799
6.3666062775
6.37585166612
6.38163091783
6.39649802468
6.40166703158
6.40905784651
6.41692582957
6.45741665387
6.47750238645
6.51637349513
6.52709185984
6.62994264715
6.63787571183
6.65287435609
6.65898642596
6.66190180515
6.6865100236
6.71117198962
6.74076556667
6.77027429546
6.78509063593
6.78652372856
6.8146231611
6.85073011113
6.88878656706
6.92067857716
6.95559861864
7.05523562447
7.06417240939
7.35757120781
7.40910864384
7.46440106655
7.48375313169
7.5112723471
7.56034488808
7.7600915164
7.79323974178
7.79743365822
7.95008402766
8.55065366677
8.59571587169
8.60159608294
8.63986958629
8.73238409062
8.80356284865
8.84166372484
8.87643452491
8.88640288295
8.90184994805
8.90623592134
8.99252297476
9.03731573967
9.07541318892
9.12261437894
9.20054275912
9.22136798024
9.23051648464
9.35963070064
9.4186011828
9.4611685623
9.51680200913
9.63694617168
9.67839264036
9.70236707703
9.78238362412
9.85413042036
9.89286084063
9.9074205195
9.98522130769
10.0176107648
10.056507056
10.1508664415
10.3029649486
10.3501474365
10.422705359
10.4635774165
10.5300033477
10.573083549
10.6248555061
10.6404975312
10.8977473975
10.9400921632
10.9495570851
11.0086663158
11.1039811299
11.1829726736
11.2837040936
11.4812405618
11.6364437952
11.6836340977
11.8791314191
11.8886874265
12.1676922559
12.3538081153
12.6453193314
12.8393914789
12.963101133
13.46173736
13.4724462088
13.6135439858
13.6917232806
13.9373171162
14.1954752311
14.5566619591
123
