6.00695629875
6.01215450634
6.02764631324
6.07646641351
6.08255188959
6.08339256772
6.08704452066
6.09805067614
6.10277124165
6.11082751851
6.11637021855
6.12652067897
6.14424312758
6.14916776001
6.16965861455
6.17558162327
6.1902620861
6.194780371
6.21084426494
6.23602092769
6.25484637942
6.27061216694
6.28099309342
6.30421487875
6.31401995664
6.35661368097
6.36471605365
6.37213306907
6.41896462619
6.43118124677
6.45161759237
6.46662929099
6.49415821854
6.49671937863
6.52792191991
6.54553023086
6.57832410169
6.58620430903
6.58838088159
6.61002910115
6.61398982829
6.63522655922
6.64991034538
6.65839035928
6.68278693951
6.68972669257
6.72888924893
6.73877693742
6.76903528768
6.77434000732
6.78631609753
6.8100453984
6.82377190999
6.96871919685
6.98574357963
7.019413646
7.02118476939
7.03424298783
7.0769259683
7.11254863147
7.13800282157
7.14238371441
7.14471763526
7.17310986152
7.2152254095
7.23255887645
7.24959506363
7.27531657256
7.28972945789
7.30113053899
7.31471562046
7.35313132244
7.43036528553
7.48048061605
7.54411796932
7.59505436679
7.61251017245
7.64632727543
7.68420763837
7.68762160677
7.70411317807
7.72585543985
7.73325025771
7.77353542642
7.79406434235
7.83910923168
7.88561720215
7.90958647836
8.16052372492
8.17162538714
8.24672223801
8.27194956789
8.98447267624
9.0383360038
9.05245855727
9.12151401207
9.33809400894
9.34256895367
9.40456124906
9.4306271065
9.45898539991
9.49083988923
9.69873897628
9.71308732868
9.71815269481
9.7527627911
9.80923608795
9.86738953817
9.92302766959
9.95309519924
10.0627409198
10.171958728
10.176514879
10.224053939
10.2968422567
10.8780463775
10.9552252658
11.1160101747
11.1991203464
11.2535088531
11.5431514117
11.6867503495
12.0342412647
12.0834359752
12.1277211621
12.3281264694
12.5793548154
12.6451760857
13.0472372441
13.3881160418
13.624834031
13.9206985457
14.1892276057
14.4085873082
14.4716468038
15.2441657937
136
