6.00342632954
6.01946610531
6.02472443136
6.03275033447
6.03990088586
6.04701804912
6.05494769356
6.0635841253
6.07887861436
6.09240387936
6.09720300569
6.10818973002
6.12321590892
6.12826982228
6.13012929025
6.13537921501
6.14818610093
6.16057319224
6.17566622559
6.18960977188
6.19444844466
6.21167299269
6.21738263974
6.23046234796
6.27573986661
6.28931673583
6.29614613215
6.2972365507
6.30550748363
6.31513501825
6.33959745673
6.3479399179
6.36689491302
6.38862597952
6.40109840555
6.4084026913
6.40956647154
6.41914964357
6.42441969881
6.44156883785
6.44294757742
6.45101981462
6.46851749567
6.474562574
6.4759517613
6.5362694917
6.54308073777
6.55228465562
6.56598480728
6.59457066255
6.61572513985
6.63736154674
6.65866666118
6.67159861122
6.69226099992
6.77258798542
6.79443919701
6.83577388625
6.85359962929
6.88372068844
6.88755098116
6.93503904452
6.96197184153
6.97559678212
7.00587408693
7.03372895768
7.07006563186
7.07969231344
7.09541886877
7.14369386046
7.17719193751
7.30893652557
7.34058312198
7.34793307497
7.37042092219
7.39249661916
7.42177062558
7.43870278319
7.4625421285
7.48822221496
7.51820885519
7.54406227496
7.57265420953
7.66139746818
7.77961800155
7.84458335545
7.87525850467
7.90963094537
7.95902558133
8.02504062443
8.03882413658
8.08746460967
8.11151544529
8.12184624991
8.152342733
8.22648366406
8.27036629659
8.56778739541
8.61736559356
8.68124391719
8.70591026079
8.73365924438
8.84638855147
9.81677416506
9.87247495009
9.92135667629
9.92701469447
10.0227787998
10.0807391996
10.1422821148
10.3176462277
10.4181871128
10.4573036261
10.5096275447
10.5205572696
10.5888973629
10.6946688613
10.8429401784
10.8903621489
10.9017968708
10.9654887181
11.0482969546
11.2972542589
11.4254488781
11.5347314282
11.8830467363
11.955470784
12.0570995532
12.1826737857
12.2496531845
12.4197946202
12.9010616425
12.9650444092
13.2088739214
13.2593117588
13.6596952281
13.824194999
14.0628343271
14.1318203608
14.350824036
14.5801729776
141
