6.00509859422
6.01167100882
6.01573478118
6.01673411474
6.04996338185
6.05921724546
6.0673622648
6.07660849287
6.08268862008
6.08926123386
6.1010273887
6.11022704094
6.11564874023
6.1235354098
6.12771348425
6.12850861032
6.13779598451
6.15080017421
6.15861729256
6.1624406424
6.16782832471
6.16907407828
6.2008076719
6.48342059388
6.50392219755
6.52847670536
6.54709662192
6.56580075406
6.57275810348
6.5799586194
6.58304679722
6.60998767466
6.63367854942
6.64863679324
6.6520796159
6.67323210835
6.69711431453
6.72795867006
6.73460675206
6.75880757312
6.77934490802
6.78374307735
6.79088574951
6.80665691473
6.83089674342
6.8840065339
6.93837563696
6.94470055935
6.97410717156
6.98890495094
7.00521387923
7.05478120481
7.05851507828
7.08474253353
7.08688326863
7.0888512448
7.11077607902
7.13937791544
7.14931387004
7.22632156575
7.2673656301
7.30589685358
7.32873946495
7.33671805955
7.37922929061
7.40800179163
7.43942805246
7.45847459012
7.48814804396
7.49714100884
7.51952683817
7.54308668891
7.58967719098
7.64252464901
7.66793790058
7.68382174375
7.76016506295
7.83845616531
7.84637195347
7.90660773886
7.91330624798
7.95306821969
8.13114505847
8.14489061475
8.1729150548
8.2001137507
8.25512963143
8.28443376408
8.56865095878
8.60052833172
8.65833661785
8.69905011772
8.72582477714
8.76516117573
8.81245815888
8.90741040652
8.91233924936
8.97501412456
9.02301762823
9.02815326536
10.3401481968
10.5029731777
10.5388031069
11.3090239222
11.5063361978
11.6767659417
11.7769924737
11.9320595129
12.0171684555
12.1107615074
12.2294988219
12.3267647129
12.9818084222
13.1585309008
13.2496992732
13.4666871504
13.7568570349
13.8062294391
14.0228239636
14.1584789398
14.4016086675
14.4715793432
14.8942256341
123
