6.01120688159
6.01221359433
6.02406521192
6.02509344555
6.04256899133
6.04691912429
6.07144377628
6.07429762596
6.07539828935
6.08222782054
6.08584925457
6.09170862324
6.09913179004
6.1043744653
6.11035815228
6.11744688009
6.12535462373
6.12866662226
6.13691389176
6.14267798751
6.15299827251
6.16517439092
6.17637112166
6.19060749612
6.20911755346
6.22234134548
6.22622406811
6.23468130927
6.25028035728
6.272002239
6.29905188659
6.32554797293
6.32920135382
6.34260333228
6.39144130562
6.40131684555
6.4405124736
6.46756547805
6.48505929162
6.49801736925
6.50087134257
6.51452946514
6.52440752334
6.53042711148
6.54280184241
6.55980302444
6.58573910246
6.58719699056
6.63876261121
6.66268371282
8.2710716911
8.33592471373
8.33962170844
8.34722607216
8.36647374112
8.40411302009
8.45627810926
8.46279778151
8.49145121595
8.55855631866
8.62756717409
8.73511198042
8.73993653383
8.80375266053
8.87949959976
8.92960245775
8.97369055131
8.9958495103
9.03311882924
9.07381716913
9.07846942107
9.10320970346
9.13558829033
9.23507395217
9.33189514615
9.37050651611
9.41786074181
9.49810610506
9.61230054473
9.62302479516
9.66591408613
9.78889917817
9.84974545486
9.99269687774
10.0613753184
10.1680960472
10.2720826239
10.4557303279
10.4645409271
10.548880703
10.5913795936
10.62421996
10.6545191144
10.7415063445
10.7979559951
10.8357367892
10.9651136839
10.9970424372
11.0430614659
11.0991971413
11.1597627462
11.826211471
11.8813440289
12.1714944051
12.2221445386
12.5028938289
12.6106443665
12.7088784305
12.7355867739
13.0214845076
13.372697314
13.4891570898
14.1734409613
14.2708806832
14.4380907506
14.6301729064
116
