6.0223722868
6.04299848994
6.06106826421
6.06446248174
6.07542104009
6.07900161717
6.0834561913
6.09201418079
6.09496293902
6.09908862839
6.11074541095
6.11856029829
6.12938701159
6.13918776689
6.14216028307
6.14297378486
6.1484578553
6.16152259505
6.16888698658
6.1889860109
6.20109223638
6.21100109316
6.22745374854
6.90042842679
6.91024574141
6.92531277939
6.96185353423
6.99810374677
7.01844640671
7.0810387707
7.2190091448
7.23848601579
7.31057820478
7.31361797069
7.33844900733
7.34888228686
7.3869240006
7.40450847749
7.41955916074
7.46925340409
7.55794419721
7.62633216879
7.65002008113
7.69837739453
7.72641825838
7.78824531732
7.81878317978
7.84751461996
7.86253424422
7.9000839421
7.95380258114
8.02022286615
8.08306113443
8.1192285949
8.12319004299
8.15942807243
8.19143827638
8.32975051022
8.40315768382
8.4361579722
8.48242001195
8.54219382368
8.549140265
8.55671596912
8.69577259349
8.75518389186
9.00270322335
9.03098595929
9.04293646071
9.06054803114
9.06853475557
9.16863320965
9.20139286289
9.24975147118
9.33760530417
9.34674475668
9.45906068532
9.53801628256
9.54294283875
9.58760507267
9.61946173356
9.68604486884
9.74006892524
9.88469971026
9.93226387798
10.0082585761
10.053351625
10.0802914735
10.1219251126
10.2081040462
10.2759934314
10.3129591731
10.5118014095
10.5766636938
10.7763488049
10.839984847
10.8556008503
10.9833742195
11.0464130455
11.0904300997
11.2677217032
11.3701789777
11.4369582818
11.5788627075
11.7695444831
11.8516586806
11.9250506832
12.006667392
12.0799673762
12.1991832955
12.2501083734
12.4156935262
12.6484804024
12.8011078778
12.9892567734
13.3017622473
13.4477966651
13.5985253974
13.6765362406
13.7666288064
13.9538986468
14.1532881765
14.543236225
123
