6.00061923451
6.00483582471
6.02455267281
6.02954303564
6.03744174827
6.04207401872
6.08044578096
6.09923938125
6.1147153457
6.13671659464
6.14381324621
6.15351570733
6.15423894432
6.1579208725
6.16529210052
6.1787774347
6.18157037143
6.19716004487
6.20222440485
6.21729705433
6.23219499031
6.24323884727
6.2559954528
6.29171717377
6.94976661618
7.10915639377
7.15888096595
7.19107572714
7.22701002441
7.22953346694
7.94882956266
8.00452845036
8.0724668519
8.11542280259
8.13931382853
8.19103408031
8.19748553827
8.28629864363
8.38743910714
8.45997112639
8.47681552954
8.54345186129
8.56696696168
8.6423190836
8.67936239267
8.69709981404
8.73590458316
8.86254880345
9.1569741896
9.40361966803
9.46773946732
9.50028978851
9.53245432722
9.61220079053
9.62391519104
9.67482599317
9.73781713995
9.80143221332
9.81643303128
10.0286900771
10.2032034797
10.2587201313
10.317740422
10.4926261687
10.5623386736
10.6076207245
10.6149598435
11.0215866361
11.1117108808
11.2181629043
11.2984884265
12.4122467139
12.5802479319
12.9161365205
13.1060731159
13.118769001
15.2972440558
77
