6.00296744435
6.01082642645
6.01616814116
6.03162105196
6.03480792003
6.03856786601
6.05104529362
6.05553129324
6.05629672104
6.06401702948
6.07257709365
6.10370318724
6.10611268654
6.11082904278
6.11913524821
6.12743379133
6.12848047682
6.13346088136
6.14254441892
6.14942730444
6.15415129296
6.1571027258
6.16820430254
6.19029290297
6.20160588498
6.22463371601
6.22738773508
6.23562542932
6.25418508877
6.26346303045
6.26841575209
6.27431960223
6.29484583026
6.30167051587
6.30572970809
6.31938737014
6.34673171908
6.44030541101
6.44227854146
6.44734164881
6.49549874722
6.50572562844
6.51383622095
6.51927699532
6.53217455622
6.54154502416
6.55521648125
6.56470296329
6.56874237702
6.57511725058
6.59356205375
6.63399368125
6.64502577836
6.65624062741
6.66256911096
6.67614406933
7.50486802225
7.54331764696
7.59767703228
7.6017318106
187.976915484
61
