6.00727941481
6.01206303962
6.01711902893
6.01765346369
6.02373687983
6.03229817985
6.03898575207
6.04009205343
6.04913843613
6.06681368052
6.06763661751
6.07248829125
6.08021172079
6.08527669819
6.08865540903
6.09753287163
6.11446390607
6.13188258465
6.14966053705
6.16530331078
6.17143075273
6.18313766859
6.19327406855
6.20944889121
6.21872918511
6.22959886545
6.23481956922
6.23619810609
6.24117021135
6.25171009373
6.26642783528
6.27572487756
6.28130493406
6.29709226902
6.3046376873
6.30602544987
6.31299590036
6.322030699
6.32309580427
6.33701909359
6.40880344357
6.43677653944
6.45105120407
6.4621641961
6.47789469563
6.66139174116
6.67569036865
6.69035970393
6.70491491709
6.71272038092
6.81191775382
6.82758273561
6.8576632764
6.87682499986
6.88998200634
6.9051053011
6.92499226872
6.9442244348
6.96679043001
6.97422920386
7.00373020237
7.02847645097
7.03136106045
7.06231325161
7.10034444616
9.12929879893
9.191411245
9.21623302838
9.22374837086
9.2805144577
9.32410482401
9.37038350593
9.577561195
9.82444279423
9.89355873157
9.92647690611
9.96090950121
10.12660907
10.2379552031
10.3320428049
10.3828634291
10.4438555894
10.5543305928
10.6414333541
10.6566109283
10.8844007392
10.9992925846
11.852665798
11.9976671426
12.0435488099
12.1793534998
12.2321403498
12.3060257848
12.4302508655
12.536616053
12.7923368395
13.0773623445
13.0899178195
13.1714867033
13.2674770177
13.3182947927
13.4547336052
13.8066725272
13.9672892432
14.2152988824
14.3325521758
14.3812559981
14.9821039716
108
