6.05962556748
6.06942596035
6.07611278679
6.08654227343
6.08836453225
6.09459927835
6.09838372252
6.12250803034
6.12931142027
6.14336937656
6.15779904176
6.16262290626
6.16542672889
6.18020388432
6.18887718949
6.19383426781
6.20015863999
6.21138593572
6.21750540682
6.22605353287
6.23138292201
6.26267584829
6.27090877054
6.27910000011
6.29186898086
6.3030825265
6.31152986467
6.31466187855
6.32947781497
6.33345733418
6.33886302714
6.43501925255
6.5094127046
6.517832109
6.52548746138
6.53349427168
6.55264727887
6.55619971171
6.5707223452
6.59831398413
6.61962703946
6.64616189577
6.65515960471
6.66105464676
6.68038094936
6.69734282762
6.71355047859
6.72610258437
6.76312808431
6.77566365617
6.80644401962
6.80807297939
6.82735965863
6.84375938353
6.9737673115
7.03172647969
7.10256127209
7.1213745138
7.16166213379
7.19335851986
7.23241229669
7.2694496529
7.32292221097
7.33095812852
7.37862250924
7.40446227915
7.41673048188
7.49594934363
7.60026213529
7.64765781819
7.67079893234
7.70922226703
7.7518109512
7.79631950208
7.86066307033
7.87171395702
7.90975502794
7.97406981656
7.98942067193
8.01955044981
8.06333857337
8.18421792713
8.54088417723
8.59310887761
8.67265805577
8.6834785136
8.70870484086
8.7309005191
8.78986894023
8.81777296207
8.97730764391
9.05222851325
9.11044342474
9.13586620155
9.25341032121
9.33294851507
9.55964603907
9.6227926279
9.67719996291
9.78404771341
9.87679063671
9.91683691745
9.96648124086
10.0174102128
10.1002086235
10.3064765968
10.3156630416
10.3250350331
10.4267740346
10.4572386117
10.4848937054
10.4898235714
10.5406083259
10.7831141017
10.9474347187
11.0257274092
11.0844453197
11.2439042544
11.3135611358
11.4009831976
11.522865525
11.5572829335
12.2613274422
12.4348185595
46.0751828404
125
