6.00526374017
6.00933678913
6.01435915811
6.01702695665
6.02210938488
6.03908303598
6.04019358066
6.05335792926
6.07146387733
6.0719747497
6.09493810312
6.09973558283
6.10543124832
6.10911353163
6.11095202939
6.12163173714
6.18298285454
6.2015966544
6.20878464772
6.22385199739
6.22994757347
6.33238708743
6.34664578093
6.36171556392
6.37266120561
6.38540419646
6.40120519298
6.40191271187
6.40776424201
6.41573857849
6.41670891888
6.43493831156
6.44139950677
6.44996369356
6.46091236061
6.47536984251
6.48217861981
6.4868294767
6.50504419057
6.51051895206
6.52947293897
6.53512643796
6.55575639391
6.58022769862
6.598797597
6.6001918283
6.60538468682
6.60993512076
6.62420301607
6.62526645991
6.63966182382
6.67001560644
6.72796192193
6.74185762069
6.74626552793
6.76106678258
6.79200608564
6.83438804431
6.86503902737
6.87772636697
6.89017311529
6.92610146351
6.95707000495
6.99460360118
7.00881393122
7.02117018316
7.02306349493
7.03791806941
7.04939643149
7.06960350456
7.0916968246
7.12172490387
7.14646880068
7.18474952862
7.21960733707
7.24085065182
7.273351937
7.36296841072
7.36683850568
7.39443832536
7.40361240701
7.44920361227
7.50278622865
7.56969005147
7.59128031582
7.62301771354
7.67146819718
8.52958778274
8.58452868417
8.63869750416
10.3588643736
10.4260540038
10.4448633006
10.5597376531
10.5735506524
10.7007989271
10.7496720089
10.8503616266
10.8856591188
10.9507756049
11.0005516957
11.0572948397
11.3056286598
11.7385746206
11.8699543508
11.9238920061
12.015749115
12.5572721541
12.6762985219
12.7527530341
12.7724554504
12.9086458368
13.0866036762
13.2611133834
13.293452134
15.0672936967
116
