6.01371919688
6.0141957298
6.02188922691
6.0244655724
6.03732741521
6.03993252643
6.05245895756
6.18962206657
6.20204177028
6.21764133365
6.23064850476
6.2378616091
6.23902778609
6.26132384464
6.28049896921
6.29437147409
6.31493653387
6.32777188979
6.33244555229
6.33354027823
6.33924317572
6.34954121804
6.35423419244
6.38090585332
6.38706200435
6.43305222581
6.44252485352
6.46358260871
6.4838889327
6.49003623725
6.49337420103
6.50932994458
6.52111498818
6.53964521379
6.57281244608
6.6920150777
6.74061864502
6.75401344349
6.76742044753
6.77086561345
6.7728092725
6.78650526167
6.86477651725
6.89360234066
6.89849696608
6.91662822668
6.9417425376
6.96492785722
6.98293440505
7.30643595072
7.36516896709
7.38226972136
7.5324876086
7.57405310497
7.69748170784
7.73639866233
7.74536975283
7.80026396631
7.84031584681
7.97775414093
8.03280595332
8.12501226422
8.18342444228
8.21590513253
8.26450562061
8.47069157541
8.58728221001
8.65411696172
8.68999206693
8.72972336896
8.7655575421
8.80894785544
8.87135026421
9.28032818615
9.28631215917
9.31090702342
9.41919084376
9.44654692704
9.50877514009
9.54731525653
9.5587288819
9.60342972739
9.68738895127
9.77190704629
9.86615030166
9.91264524507
10.1122270796
10.1468428391
10.4710216775
10.5111369269
10.5474406144
10.7198840281
10.8281297167
10.8632550352
11.7724326278
12.2411912174
12.2820759887
12.2913195937
12.4665387013
12.4900973563
12.521451337
12.6464324599
12.7320911664
12.8232609789
12.9893584411
13.0241229857
13.1114055645
13.2473612627
13.4400468934
13.7169640371
14.1281005538
14.2456092575
14.4581481032
14.6147379419
114
