6.00685565391
6.01043996913
6.02472987037
6.02778052583
6.0504761992
6.0619326926
6.07132065997
6.07708241537
6.08698093736
6.09177838984
6.0955425757
6.10545879792
6.11204929565
6.11615634743
6.12379526207
6.13158823082
6.16067319967
6.16570368129
6.16823020768
6.17155399606
6.4065692184
6.4245033982
6.43012790085
6.43330628563
6.44492734808
6.45057806469
6.45225055628
6.50237256573
6.52897929261
6.531521616
6.54141276598
6.55249590412
6.57178723387
6.59124222737
6.60441076075
6.62057082557
6.62629861163
6.63531416809
6.64951289409
6.65947713578
6.68661993012
6.72717312458
6.74997628351
6.76577076684
6.78236021194
6.79128579117
6.79933141887
6.80136483176
6.80421869579
6.83916164679
6.87481082493
6.90684108327
6.92534378117
6.95053349355
6.96253149871
6.96505356672
6.99693965516
7.01258520052
7.02495399552
7.02951289541
7.05557597608
7.2537888987
7.2610150035
7.32069443468
7.3259112803
7.4025979629
7.42491884421
7.43211078964
7.45531191024
7.48693574965
7.49702600277
7.53989476203
7.59127284654
7.63040450608
7.65356302284
7.70517169613
7.71977756436
7.97527975335
8.05284664912
8.1262772988
8.21749804273
8.2222506705
8.28974298923
8.3206368846
8.34577230422
8.41302481133
8.44528812278
8.46629033053
8.5004387701
8.54266300742
8.55817633751
8.62920599356
8.9480586498
9.02440801997
9.04330351863
9.0955843411
9.177645615
9.20739454483
9.21273845283
9.398200401
9.45626298685
9.48691408989
9.53520961976
9.61208493945
9.67405701553
10.0887013849
10.1007815461
10.2115848714
10.2735577455
10.4021861304
10.501763475
10.6436456971
10.7153927587
10.8049734624
10.8536837477
10.9061888773
10.9653549884
11.0752191848
11.2094617521
11.2492835924
11.280728277
11.4030838665
11.540031678
11.6414538218
11.7805526385
11.8144311046
11.9291720151
11.9418700136
12.0579339705
12.155163328
12.1852298
12.2418893152
12.3704094797
12.4893331074
12.6064464841
13.0044977843
13.1342671895
13.1926917223
13.2560667281
14.3860582899
14.4983568813
14.578726423
142
