6.00978379601
6.01370564582
6.01658879853
6.09303351374
6.11180988668
6.12215222224
6.13410434344
6.14600881547
6.15331547008
6.16128612694
6.18422899031
6.27920365277
6.28795775613
6.31340594335
6.3263923471
6.33880246241
6.34559124848
6.36428961557
6.3827994734
6.38663545266
6.43004705773
6.45016261508
6.45658294778
6.48091470668
6.48854520983
6.49412017128
6.50547662432
6.51831819388
6.52997856931
6.54196218877
6.56301563003
6.58444650482
6.64031241577
6.67675444447
6.69575893482
6.72196265326
6.7425711275
6.75519159108
6.78424378217
6.79583072595
6.98319763844
7.00218342235
7.0362602106
7.06239430722
7.09041893852
7.17816002512
7.31347372917
7.35611541759
7.42079722084
7.43996721444
7.47252768667
7.47487120612
7.49542262859
7.53194035792
7.55580676185
7.59393000553
7.59962658954
7.6221724159
7.68811545455
7.6988865893
7.74751609622
7.82300256227
7.8363654728
7.87842835707
7.91250108254
7.94214332746
8.58506339187
8.6131311021
8.65818395342
8.76185220292
8.78518620874
8.8259942603
8.88705832093
8.92694376544
9.00611455343
9.01304374244
9.03167349903
9.12639233464
9.18779989287
9.22616754246
9.29408142877
9.47210615385
9.51794725632
9.60520262485
9.66792727041
9.71519288514
9.81233601174
9.85474422703
10.106224473
10.1554106469
10.217526104
10.2759058388
10.3355283425
10.4385800188
10.4695285973
10.5065145593
10.5663634927
10.7297782264
10.8950096148
10.9659212678
11.0931404113
11.1597128338
11.3052193267
11.3459413755
11.4486412935
11.4679149813
11.9097760121
12.0674806189
12.1312515507
12.2945362835
12.5486312126
12.5570774118
12.5842180469
12.6764623308
12.7778122095
12.8584832339
13.050504218
13.2597969407
13.3212283431
13.3692591907
13.3930643063
13.5283398278
13.6916987803
13.8251910466
13.9691318073
14.2547867405
14.4231863805
15.4525078787
128
