6.00440032734
6.00910799217
6.01628253326
6.02098317539
6.02546235197
6.03441071511
6.04740564133
6.05245268324
6.07509902347
6.08221129148
6.08900959792
6.10085501653
6.8380655367
6.84814909944
6.8566927384
6.87096943765
6.88430200442
6.90051374354
6.93335390182
6.94842446842
6.98180108441
6.9836695547
6.99972131062
7.0334414992
7.04466719053
7.05538788109
7.11778670765
7.15940323031
7.18269448099
7.19859616162
7.26233066253
7.29141223624
7.34688212641
7.36556031904
7.37820049006
7.40527608255
7.44773729478
7.474569414
7.5158247547
7.56324821121
7.61183943696
7.66485314386
7.68578380008
7.71425256245
7.72724272045
7.74699640204
7.92665352971
7.93312111758
8.34779645614
8.4273350789
17.4132631068
51
