6.00221921919
6.00495336333
6.01125111508
6.02080897778
6.02388091878
6.03628636496
6.06658872943
6.07334005367
6.09618745511
6.10617822815
6.13178430002
6.14653411353
6.15902372961
6.17933012669
6.18629811671
6.20515823769
6.21254842251
6.23693174035
6.24927435823
6.32009006595
6.32807722077
6.34724027308
6.36365663777
6.37579234028
6.38921343493
6.40267732172
6.42291037404
6.43464734982
6.45003798644
6.46325620216
6.47773214914
6.4814802966
6.48544525008
6.5023247173
6.50867350801
6.51532849437
6.54482826771
6.73953690402
6.74473567973
6.79573668156
6.80290773502
6.83183933685
6.85915801283
6.90425618267
6.91164239273
6.93833804641
6.94222634962
6.97898357287
6.99770446779
7.01351546812
7.03491049265
7.03836672224
7.07584416821
7.10041477084
7.10276279428
7.13437779898
7.18314536738
7.2160800403
7.24597182369
7.38186690979
7.44628149455
7.4834990917
7.50687408635
7.53579984931
7.56932237907
7.62531981771
7.73888082867
7.76030049327
7.77923319892
7.81312551599
8.28372937612
8.36322154046
8.4042604014
8.41512024375
8.50115764823
8.50507693873
8.64213103232
8.67228849898
8.71140824854
8.73618204937
8.79479918224
8.84386229569
8.90893349667
9.24375014796
9.30588072874
9.42504287607
9.46793287231
9.51805946823
9.54387741611
9.58220622163
9.62229856592
9.70265878709
9.81038748303
9.90083360031
9.97489726473
10.1249832489
10.2327918296
10.2796682638
10.379034653
10.4644531197
10.5318167068
10.7548031283
10.8063198221
10.9141636471
10.9323623942
11.6722844891
11.7852926745
11.9260872613
12.0164182577
12.5727478031
12.6938736919
12.7644927221
13.0571704609
13.3528535612
13.4564442896
13.4724907994
13.505971329
13.7929465129
14.136662508
15.658470959
120
