6.00287324371
6.00799106312
6.02002830242
6.02880226942
6.04055708523
6.04394505891
6.04959235201
6.05392178228
6.06161348908
6.23338475256
6.24725053996
6.25317195253
6.26350334112
6.28780352409
6.39805391007
6.40403504109
6.41497761231
6.48307047707
6.49449955568
6.49540222267
6.50639410377
6.52314229789
6.53795480046
6.56234409956
6.5896328404
6.59576341442
6.60168108935
6.62933340671
6.64591699794
6.66315611687
6.66711350537
6.68421970923
6.70273281065
6.72206104293
6.73941914184
6.75081595043
6.7757338097
6.78082216337
6.80600286347
6.81404700125
6.82892262579
6.85580020935
6.89143028034
6.91167010873
6.94662538879
6.97522706825
6.97972051373
7.01268850217
7.04887908869
7.07822742217
7.10007608528
7.14487336835
7.16271715466
7.54394233645
7.55471983632
7.55879978006
7.6156741222
7.61767840541
7.64218155801
8.92807761197
8.96901473194
9.02117159425
9.05674089334
9.55577340191
9.61782240944
9.69985553945
9.7349773603
9.86863657032
9.89158620714
10.2703615184
10.2811704577
10.3582487371
10.4063017406
10.4971398695
10.6146216866
10.6424719065
10.7696537318
10.8022296297
10.9309159484
10.9595194013
11.0288200114
11.0526475608
11.2962676015
11.3991488057
11.6344522523
11.9774907516
12.1118741619
12.1326887663
12.3770707581
14.5238303647
90
