6.00327731232
6.01302201162
6.01572228817
6.02156793992
6.02501188894
6.02749979588
6.02805657131
6.03912536193
6.05351381689
6.07230092918
6.07544043858
6.07822370728
6.08221846569
6.33510986597
6.37636367662
6.38195675585
6.39323768641
6.40675238814
6.43535522513
6.441625211
6.72479344462
6.7262268154
6.73595596912
6.74249820845
6.74918041902
6.75520952483
6.76314762623
6.79642594793
6.79889579755
6.80040279319
6.83879310676
6.90527881269
6.91868047768
6.94921179492
6.95233201874
6.95532338175
6.97181294462
6.98289889022
6.99924084282
7.01670462147
7.01871375618
7.02898692635
7.06947976215
7.07937200531
7.11071003595
7.13648393325
7.15117742871
7.16945305274
7.20032430793
7.21386090331
7.27053232974
7.28427917879
7.29659610678
7.31096430506
7.33569315983
7.36714375671
7.43685264972
7.51178543576
7.52527038036
7.53892403322
8.23513069484
8.32034708746
8.3738967969
8.41167206998
8.49132324459
8.53060103072
8.59833148521
8.6382983612
8.693600918
8.72757486299
8.74987280684
8.78053560159
8.83274337039
8.88350650237
9.00528569564
9.05563122287
9.12955847531
9.18432348977
9.47649629308
9.50912287353
9.5841902646
9.62346511171
9.65347420557
9.6879826827
9.79409471882
9.8421497811
10.047024883
10.3767877442
10.5039922092
10.6272524714
11.2400418914
11.2854639392
11.3175508414
11.8102664081
11.9518593353
12.0828717052
12.2034834708
12.2650687768
14.2579044474
14.291174362
14.3623725498
14.7190009495
102
