6.01109613146
6.03056823049
6.03508732041
6.03614197452
6.04191007765
6.05406138043
6.06322062868
6.07024510645
6.10217598114
6.17333355182
6.18736889872
6.18852792901
6.19820067113
6.20959395462
6.2310785348
6.24124529342
6.24543491889
6.26407056847
6.26591740737
6.27075472848
6.27840036796
6.28072968435
6.29657398074
6.30786278223
6.32008547692
6.32412321539
6.33396507282
6.34175597054
6.49414771649
6.50753116584
6.58728646416
6.59860681314
6.60738716853
6.61223916158
6.63173866803
6.63924341219
6.64567721672
6.65183040934
6.65400007292
6.6588756597
6.67689958616
6.69423924449
6.70681182383
6.72784015755
6.75258706443
6.76672119171
6.78558864948
6.79386236536
6.80202338728
6.80760862277
6.8415344079
6.84937800168
6.86441350715
6.89493077771
6.91372007478
6.94390109313
6.96970644608
6.98930232286
7.07134670243
7.08323007132
7.08935725167
7.17297451964
7.17563105877
7.20556287462
7.21328171192
7.22673670832
7.24722105875
7.26027926174
7.33971569923
7.36434373889
7.38692383411
7.4180030889
7.44294646291
7.45279615607
7.48334985765
7.5471463713
7.57711293643
7.59320219173
7.69340046871
7.71319638174
7.77428984728
7.80681318396
7.81050684287
7.82551415574
7.856386058
7.90336164618
8.03831902678
8.10979798213
8.12329277123
8.1352631407
8.1520996455
8.29235146654
8.35393594049
8.39127372841
8.4277068035
8.46199760987
8.74556464014
8.84338815428
8.98067625326
9.03429546582
9.03966243051
9.12196648346
9.36336000645
9.40145262752
9.53663982572
9.63273683084
9.94859950993
9.98960481506
10.038830291
10.1220084039
10.2083448784
10.2174740212
10.2598790956
10.2993426845
10.3932870486
10.5536752347
10.6744230391
10.8138639511
10.9217020891
10.9819893599
11.0463508054
11.1088682265
11.1755095364
11.214450247
11.3161659576
11.3560088267
11.4105365064
11.4945063671
11.7330556529
12.0467246244
12.0964154803
12.1667109334
14.0760337521
14.2670144988
14.4644152571
14.6521451764
136
