6.00227391208
6.00699063492
6.00970879568
6.03299576183
6.0452464433
6.30664830115
6.33170687599
6.34879325688
6.36080198097
6.36196976953
6.4058857308
6.42000716469
6.43354385763
6.46976213987
6.79701022664
6.79971289696
6.82827054591
6.83284193687
6.85094995937
6.85482419059
6.86650564991
6.86817851623
6.88605852769
6.91559592406
6.91786290293
7.17231454899
7.21655442115
7.24108576941
7.25964044514
7.27203773623
7.29028824632
7.33422522249
7.35308408085
7.38427934236
7.41284541498
7.41627957571
7.45011692275
7.45918624705
7.5717496471
7.61307842141
7.68435934794
7.70211440132
7.71565337998
7.74544923315
7.78438806352
7.78695881115
7.82748770132
7.83230782915
7.87191702523
7.91432879775
7.92986489116
7.96466448176
8.02793210653
8.07530715624
8.1246902226
8.15623316797
8.2076173649
8.26483817011
8.30138915614
8.31459066992
8.40273106618
8.41008222311
8.47829268856
8.52298734367
8.56974265134
8.5758001774
8.61257119347
8.68185428183
8.79709400186
8.86662479634
8.9321087848
9.01430473645
9.10808335989
9.1895512252
9.31885394509
9.35229080421
9.4112063325
9.46958373984
9.55586085843
9.61399684968
9.63732379564
9.67373096836
9.75910729781
9.81224579376
9.8556894028
9.8854887406
10.1228227767
10.1779837239
10.2414858681
10.4459971068
10.5090650318
10.5272830301
10.5357559669
10.6046154969
10.7547428718
10.7974339987
10.8323666673
10.8624937903
10.9437895312
11.0620697026
11.1789352555
11.3230943441
11.3652217471
11.575098299
11.6786275848
17.3350719146
106
