6.0053668114
6.01304892206
6.0196040126
6.02617988484
6.03183059223
6.04686232627
6.0546958533
6.06129920735
6.0643942917
6.06578175228
6.06950330236
6.08828767982
6.10083644884
6.10965090621
6.11228901812
6.12233369443
6.13559347446
6.14337639977
6.15439199037
6.15971477305
6.16038060119
6.16910715849
6.17959299556
6.18659744206
6.19879147248
6.21790438066
6.22692289151
6.23650410255
6.23977724771
6.26054152317
6.26692141798
6.28106803441
6.30742062742
6.31331296435
6.32435272144
6.33406826974
6.33830982105
6.34351545172
6.35798288525
6.36119722027
6.37197008556
6.38663752323
6.40932776131
6.41998515464
6.4274474752
6.45247360115
6.48647149858
6.48827556438
6.49294255644
6.50005562059
6.5167557913
6.53056989875
6.53586500552
6.55700915439
6.5667827482
6.60956666246
6.61967365419
6.64475453826
6.65520931829
6.66761002326
6.68788950047
6.69205261612
6.70345998355
6.72271163073
6.74367052887
6.74890169404
6.75714216983
6.79977494279
6.81671577043
6.83120450558
6.84425644575
6.86852443719
6.88229136677
6.94044936749
6.9820788399
7.01595599685
7.03329549638
7.04592439083
7.09780813926
7.1124480472
7.14546539631
7.1843939569
7.19800469625
7.21686208584
7.23491797082
7.24985901898
7.27361774059
7.28982930816
7.31745289192
7.33228875483
7.44548512811
7.45247032501
7.72549284677
7.82682637423
7.92962229771
7.94672313139
8.00030699743
8.1050010196
8.16282429172
8.21732304876
8.28303768575
8.30530000229
8.31345342455
8.33522271131
8.41624958707
9.11115022074
9.13777859592
9.21220816118
9.26411348389
9.31173549166
9.35209662977
9.42266915509
9.46251724449
9.46815737463
9.52398001957
9.58585563615
9.66796912609
9.69268151724
9.73593303755
9.76330219414
9.81813422888
9.8440624636
9.99208521519
10.0850321166
10.1209759143
10.4953258543
10.6124843898
10.7071091094
10.7153729321
10.893065
10.9585714075
11.2830661176
11.4264301377
11.5614910963
11.745484802
11.8030004763
14.0829543997
14.3103935907
19.2929900104
139
