6.00271781291
6.01008010466
6.01312151261
6.0191753224
6.02270373857
6.02781870983
6.03525364119
6.03840723361
6.04219828685
6.0492953614
6.05152989572
6.05410664222
6.05539337099
6.05652701836
6.0570335036
6.06495205077
6.07283277051
6.08033310747
6.0810712422
6.08878838317
6.09975802319
6.1031112727
6.11534008903
6.11994456811
6.12671567688
6.14225305527
6.14289561197
6.1518497952
6.16892319334
6.17255614691
6.18894759773
6.19974231992
6.20235790396
6.21432911417
6.22669029645
6.2988727311
6.30354790234
6.30958663381
6.33694334751
6.35734786406
6.36168116656
6.37281205533
6.38494641401
6.40197039515
6.41227139958
6.41955257558
6.42823040248
6.44208869918
6.4635657507
6.48755673109
6.50182953113
6.50851474388
6.51876064367
6.52437508129
6.54221302685
6.5436902031
6.61416127747
6.61790670335
6.63625373428
6.68642210907
6.69297009841
6.72363500908
6.7435539421
6.74879371117
6.75210913579
6.8135301801
6.83324117728
6.8421761844
6.84360673363
6.85333835723
6.88134747168
6.96508329055
6.97642699324
7.05340444937
7.07273470703
7.09507225551
7.10267191398
7.24387300653
7.27736420581
7.31633590152
7.35815884174
7.3968434353
7.46131861946
7.47980177056
7.53719258445
7.55801697295
7.56526272434
7.5908624736
7.68191133825
8.15382791482
8.1806848651
8.22624961146
8.24629233415
8.28459817906
8.31250655288
8.31815299151
8.36329672895
8.6130110653
8.68455280489
8.70270103518
8.82751216422
8.86923397595
8.96587559732
9.09700030747
9.10675846087
9.11107877279
9.1729896232
9.23721833518
9.29800642989
9.43920331433
9.49303017841
9.57228935433
9.66054287989
9.70318035869
9.75344700307
9.87606210204
9.92737498461
9.97559887787
10.0235347581
10.2786321312
10.3319540199
10.4573480375
11.1854917015
11.3021036695
11.3595884047
11.5670553858
11.701437377
11.9043252737
12.0345446935
12.1041808423
12.1941874647
12.2701937617
12.4185405435
12.6000420799
12.7291883309
13.196738083
13.2856680329
13.3541791541
13.5060203837
13.6924614649
13.9319208796
14.0807990781
14.3143358019
14.4602075391
14.7677519322
145
