6.00716546525
6.01432779381
6.02246579413
6.0242482235
6.03428162972
6.04373666436
6.05284959262
6.05683212111
6.05897069927
6.07209437015
6.19878775081
6.2030250542
6.22867557883
6.24350755121
6.26209947663
6.27804800004
6.29882506426
6.32516537783
6.3274701045
6.35696566149
6.36433826343
6.38129427382
6.39620000531
6.401947911
6.40833081643
6.42263004816
6.42412436168
6.42588561303
6.43697098062
6.55237445438
6.57602150119
6.60080074121
6.61234451586
6.62915437336
6.6502825256
6.72035561623
6.74905105127
6.75161568939
6.75680522683
6.78279996006
6.80570849285
6.82034289834
6.83259229783
6.88035244997
7.16833116635
7.19201596835
7.22510218494
7.25682136152
7.31542546675
7.3341171706
7.51722928255
7.54801476159
7.60169270618
7.60831104834
7.63045405744
7.67670447147
7.7060471725
7.73192287115
7.77207045657
7.81598704009
7.85951745832
7.90742858608
7.9364859897
7.94846867725
8.02361539602
8.04912631146
8.06287840112
8.10951330438
8.14874720512
8.21757331633
8.22049279195
8.23321457011
8.28405251751
8.36676434539
8.37715775453
8.59200235447
8.74043514875
8.74514230855
8.79849067282
8.82491815575
8.89898450237
9.06193114251
9.12370742111
9.14489422018
9.18355566249
9.21762679117
9.30334116624
9.63683042902
9.68828116307
9.89845369065
9.91976937093
9.98848355729
10.0469721195
10.0751692357
10.2090690369
10.37708568
10.450943285
10.5334643398
10.627377459
10.6796430017
10.7644519227
10.8304410438
10.9054955277
11.0237609426
11.1362001524
11.1516392851
11.3508089857
11.3674115665
11.4639359482
11.6032347806
11.8689142232
11.9257509438
12.0362847472
12.4183312095
12.6032983364
12.6211949882
12.757709452
12.8544744102
13.0578019304
13.1265222229
13.8666934676
14.1495295775
14.1748880802
14.3676901011
14.7859667484
125
