6.0062817178
6.01449324528
6.03437628131
6.03521544224
6.03611579462
6.04029359396
6.04688479815
6.05453263265
6.06115484829
6.10114946862
6.15063191736
6.15474403458
6.17490080393
6.18581603015
6.19589850241
6.21282032668
6.21845855523
6.2241771926
6.22973013567
6.23336820434
6.24318907281
6.24982331212
6.2506249379
6.28896680997
6.30964196983
6.3265140792
6.34577163121
6.35992995556
6.37568529217
6.38495553124
6.41517895194
6.42293651944
6.44961579071
6.45895713067
6.46093150234
6.48213030901
6.49993735739
6.5007733941
6.51871808516
6.53008931795
6.54478903613
6.56894002625
6.58975334728
6.62024484374
6.706665866
6.73003426798
6.75897331841
6.7681328781
6.78419135795
6.91165455468
6.92404196518
6.94992387217
6.95652319484
6.97244642053
6.97729373433
7.08959153844
7.09958053306
7.10327540186
7.10776939934
7.13638476197
7.14890723433
7.15963023254
7.16886555856
7.25229841559
7.30747065558
7.35024145436
7.38356583293
7.40748236409
7.43713858861
7.44622304642
7.49114195552
7.54848335829
7.57363274315
7.5926116351
7.66103935461
7.71031700189
7.75150481558
7.81789859317
7.85726231213
7.8823511713
7.90377791413
7.95245225247
8.05122372512
8.10879240826
8.15415177427
8.19902893908
8.23892372147
8.30510802195
8.40446807255
8.45547918927
9.02265583884
9.06632849265
9.12322395577
9.15073687329
9.29065867274
9.34343990018
9.82619465427
9.83278510647
9.98972595341
9.99735494996
10.0114965379
10.047150528
10.240319858
13.4014641209
13.5932309506
13.8885535223
14.1793621192
14.3202858418
14.3382650197
14.4145832797
15.3074932846
111
