6.01144927613
6.01518848235
6.03343457574
6.04054501697
6.04379081531
6.21890299143
6.23173203594
6.23693897844
6.24239239054
6.24649796361
6.25303171723
6.26962954064
6.2823289525
6.2873624651
6.29263995524
6.29981342552
6.30628599586
6.31076103711
6.31681762571
6.3226959652
6.33660858577
6.33967362974
6.34585330622
6.35598910882
6.40336252332
6.40833976344
6.4140349054
6.43686864936
6.4665654625
6.48009328232
6.48174421923
6.49283408488
6.50012298332
6.50710728883
6.52093554705
6.53897176268
6.55901203824
6.57324841575
6.58666090885
6.67599559619
6.68593768136
6.69569979663
6.72519604843
6.75736003613
6.78950893294
6.79114684525
6.80820383385
6.87052315079
6.87787577465
6.91252108804
6.91832618711
6.9405517216
7.00111011828
7.05116557791
7.12095387228
7.15018261628
7.22496665396
7.23694424777
7.25177470151
7.26927417589
7.28104257267
7.29728022697
7.3174459906
7.33652646448
7.38722993314
7.4049450747
7.40915532663
7.42217494988
7.51588908238
7.53080834797
7.5514377193
7.58878603518
7.59295195857
7.59698469364
7.63461048236
7.69594068904
7.71617980145
7.75698256953
7.77281320149
7.8565679097
7.86078967157
7.91683673355
7.98136109297
8.01885848195
8.03585197157
8.05670443619
8.08308052769
8.09823130379
8.47197056679
8.64622895895
8.73003828805
8.80552254543
8.86919578449
8.95458952917
9.00348449431
9.2953010813
9.29876927985
9.36989700285
9.40913773203
9.49460385941
9.80713238245
9.82405466223
9.88488514976
9.92748277652
9.97009760245
10.0583685533
10.078359306
10.1053458979
10.1534040228
10.3143581682
10.3921783523
10.3980165251
10.564102893
10.6212563557
10.6383865067
10.7528040887
10.81265137
10.8512994778
10.899475546
10.9302761982
10.9780632846
11.116821836
11.2029607969
11.3302570203
11.5295980836
11.5851486035
11.597310153
12.2284641105
12.3265272925
12.4574726423
12.4752509381
12.5321557508
12.7046659571
12.7360753284
12.7570257721
13.4201173098
13.4576424516
13.5936423004
13.6295656787
13.7844939839
13.9334524288
14.1575352719
14.246511676
14.5582697623
144
