6.00826157715
6.01573842429
6.04293060318
6.04775125863
6.05441382006
6.05832437772
6.05911062462
6.0690449526
6.07679685803
6.08298499792
6.09682275366
6.10737212932
6.11404173876
6.12826869741
6.13956366813
6.14977527275
6.15470188495
6.15753836288
6.16769652621
6.18395911153
6.19221860984
6.19651553541
6.20082285529
6.22085441625
6.23619711563
6.24176092394
6.24969506471
6.26110031625
6.28401187057
6.29333585094
6.29966614684
6.30632026287
6.30808677007
6.32957746194
6.33104579669
6.34530286601
6.35834004563
6.37157367502
6.37246548877
6.38996091144
6.4104446952
6.41573610069
6.41764157851
6.42762046583
6.44357096707
6.45139940019
6.45878063739
6.4735362753
6.48399906136
6.48507755513
6.49550808199
6.51057047001
6.51640430439
6.52685203865
6.54230838741
6.54518001696
6.55747436809
6.66680499202
6.73953682888
6.74563688786
6.91116677701
6.92727471667
6.97389836321
6.98873719317
6.99526372566
7.00728347624
7.02466823838
7.04319561342
7.07064905912
7.08986745535
7.10617080773
7.12071121951
7.13953711921
7.16393983001
7.17138641585
7.23786610919
7.27460701106
7.34943292242
7.35232467487
7.41129742779
7.43639585095
7.56526165788
7.58994774168
7.79381684518
7.83027217621
7.85498481303
7.93517801779
8.03716831137
8.03988210785
8.09008172399
8.11696888391
8.13080725017
8.13394454027
8.17513780139
8.21353710846
8.24307739691
8.27585961288
8.32485854713
8.38433026448
8.50776259425
8.55485588232
8.58430241049
8.68877618615
8.72429411562
8.75950130306
8.81257210905
8.86836816322
8.87857027019
8.91488160215
8.9555970845
9.02224692317
9.05889290805
9.22003030561
9.3059536657
9.31333449438
9.65136131378
9.80061612827
9.85811069312
9.96949465853
10.0775901707
10.1658820389
10.2054764038
10.2202055178
10.4075284584
10.5425799024
10.6356856072
10.6796142906
10.8199766388
10.8869492904
10.9439099024
11.0998167097
11.1096361483
11.1180244676
11.4192971114
11.4394342548
11.4677402643
11.5104053636
11.7196736336
11.870670847
11.9963696284
12.161444024
12.2923729317
12.4146510082
12.6299141516
12.7697763689
12.7813438035
12.9432722723
13.042707673
13.0690112711
13.1158129376
13.2259625738
13.3801734887
13.5036167804
13.6551566841
13.7728027673
13.8857469128
13.9525631198
14.1312814128
14.4000880109
14.632644737
160
