6.00911007908
6.01819045502
6.02393379295
6.03546934154
6.04219563768
6.08785014416
6.09487017813
6.10470134068
6.10939794583
6.12033548716
6.12731434177
6.13204072465
6.13802732446
6.13992275367
6.15226633174
6.19261210677
6.20250753443
6.2040140218
6.21221215973
6.21766640448
6.23367417362
6.24677350774
6.24789392132
6.25321967092
6.27172696577
6.28604124885
6.29251832968
6.3032415901
6.36151067529
6.37244876472
6.37949770953
6.38750355528
6.39306930576
6.41121709209
6.41729634599
6.42663221624
6.42894413268
6.4473088837
6.45199063776
6.46934657103
6.47662227748
6.50314608652
6.51470131556
6.5354856604
6.53813095806
6.55332436325
6.56603513382
6.57152691344
6.57709392684
6.58654853956
6.62894361798
6.63230171133
6.64934510286
6.6646901425
6.68097685157
6.71003766942
6.72867445213
6.74924765463
6.77580117109
6.79851816437
6.81815171114
6.82601715903
6.83515361371
6.86145546701
6.95207014396
6.96133051136
7.05216541714
7.05721683922
7.06436001756
7.11501766259
7.11877297693
7.1749532537
7.27362483764
7.30122613076
7.32629070275
7.36188642508
7.73345780315
7.79841357094
7.83244821901
7.8874309365
7.90972560204
7.93457170556
7.96150646481
8.76001090706
8.79385078195
8.83188838463
8.9344556634
9.11978198406
9.14419747146
9.21324452384
9.27537493597
9.31251966371
9.52622324207
9.86154712187
9.87403258586
9.94897460783
10.1679655008
10.2872992872
10.3500698726
10.4481885481
10.4811567458
10.6234517419
10.7085177543
10.7145420362
10.8490953623
10.8751143822
10.990964122
11.0387804646
11.0927434563
11.1308665869
11.3190109212
11.4947980341
11.5833166639
11.6344284011
11.7822313049
11.8278909014
11.967275083
11.9845264061
12.0474573086
12.1911571681
12.2334406953
12.2864289284
12.6053714909
12.6208473784
12.7837609922
12.9110244334
12.982223733
13.0054901694
13.0183079157
13.2042477181
13.3306589391
13.4887990167
13.5465725615
13.5732210136
13.9260890398
14.0061187309
15.2944521493
137
