6.00593894732
6.01289198565
6.02408216602
6.02743459005
6.04265819842
6.04915361219
6.05262302652
6.06303441725
6.07039281482
6.07361936404
6.07985618563
6.08046664506
6.0851882908
6.09766727211
6.102769813
6.12193939548
6.1336917164
6.13725666436
6.1529664109
6.16140893537
6.18026449894
6.19650764129
6.20836049286
6.21519871391
6.22071712759
6.2368416625
6.23798640053
6.23910779922
6.25781878706
6.26720191842
6.27229872392
6.28607503679
6.2938562231
6.30740262826
6.31420697022
6.32525733093
6.50303192421
6.50461326591
6.52683858243
6.53755952495
6.54752805739
6.57647564669
6.60185512442
6.66337948848
6.67391809794
6.70291367612
6.72812851662
6.81267584684
6.82555891985
6.83907598326
6.86280366288
6.88057440609
6.93540785113
6.94445101179
6.96177673712
6.97403967654
7.00290134705
7.03648457146
7.06171246038
7.07000362089
7.09363152861
7.30349302627
7.33004076874
7.47727262657
7.52618938144
7.57299916734
7.57717516151
7.5858864857
7.68170432569
7.69044028887
7.76443616061
7.77842833844
7.80980894371
7.83456989239
7.8434277529
7.87854074976
7.91262855297
7.9664229068
8.04600238292
8.0940235475
8.1362946252
8.16609299655
8.22115901081
8.25315433022
8.30307545281
8.30770941915
8.35098073051
8.37621087812
8.40365652129
9.21895103441
9.88483640251
10.0076462568
10.04803556
10.1328178952
10.1387547509
10.1538251218
10.2165933361
10.4423288815
10.5811945134
10.6552469993
10.745257685
10.833868632
10.8635470229
10.8922933179
10.9389056487
11.0264316636
11.1452228396
11.1937356948
11.2975192799
11.3331841153
11.3669923946
11.4952909957
11.5057155043
11.6303838579
11.7050913182
11.7121739428
11.9038161945
11.9956088453
12.0953762087
12.1533062753
12.2233061407
12.4884785866
12.5611617794
12.972935777
13.4160539616
13.6908128524
13.8862303062
14.2000585929
14.9015528313
129
