6.00541504997
6.0081600895
6.00988030087
6.02377168797
6.03535145556
6.04405139799
6.05438036334
6.05891751274
6.06718568448
6.07719001077
6.1007101775
6.16708108253
6.18140699628
6.19187311953
6.19548269726
6.20153518488
6.21820491638
6.22556883542
6.24465037939
6.24883528419
6.24968868236
6.26697499207
6.269486239
6.28477815541
6.28826465107
6.29084276978
6.30547930828
6.31784010202
6.33027400882
6.34399251762
6.36603009457
6.37752930705
6.4022667922
6.41547007289
6.43245029768
6.4442576019
6.46367428494
6.48197093097
6.51773204603
6.53783527835
6.54762515544
6.55988908413
6.57204151422
6.60819572366
6.6316196417
6.67299481809
6.67969339974
6.6873609708
6.86724216608
6.87219257572
6.88227437469
6.89456831837
6.91258769879
7.04463392356
7.08271345101
7.08515532225
7.09223094831
7.13152407891
7.14876030093
7.17048244424
7.18574536747
7.2202181797
7.24840342442
7.2706140243
7.29095898281
7.32609619453
7.35727237576
7.3669673279
7.39616828673
7.42643026209
7.45524365684
7.5539752569
7.55704518402
7.59598582332
7.62209230152
7.64816939994
7.68254791152
7.71385458724
7.77431629536
7.79577478057
7.84292520722
7.90483142868
7.92541315565
7.99005649433
8.00488980295
8.40733039215
8.42548362994
8.45282180761
8.47374421673
8.52050611584
8.53979739845
8.57064961053
8.60485160573
8.63270225665
8.65809344115
8.72784518739
8.79785866232
8.90838721471
8.94838185125
8.97327131085
9.00887534735
9.07703383011
9.15812371687
9.20422657155
9.35671080591
9.42248401355
9.51745434774
9.59960671304
9.70871763206
9.75023083944
10.0092181905
10.08736464
10.1363361997
10.195425803
10.2726154656
10.3215272566
10.4312209083
10.6061843717
10.6855249955
10.7573106461
10.8538100263
10.8677463244
10.9150919989
11.0505129858
11.0958961213
11.1256312941
11.1719177345
11.4925731664
14.0156525428
14.3115892351
14.6661403658
131
