6.01280961252
6.01556252993
6.02927618299
6.03480050212
6.06915352386
6.06984045348
6.08334160054
6.09349740394
6.09493840709
6.09719404396
6.10713311873
6.12216113622
6.12772546552
6.13245968411
6.14892583224
6.15321896651
6.16530858734
6.17237426324
6.17722312542
6.18657171967
6.19142440839
6.20681746075
6.21332969806
6.21550446948
6.22118355045
6.2283343238
6.23348287669
6.2424086801
6.25514622561
6.3075806353
6.3183595486
6.32589250418
6.33435697137
6.36564153376
6.55378290866
6.59084374581
6.60411146082
6.62199112255
6.62810097275
6.6472289041
6.66731508376
6.67109136077
6.69133480721
6.71587574415
6.73585901501
6.75309058411
6.80026216518
6.82710238939
6.8424757537
6.84531109136
6.85276522193
6.96489324532
6.98699920559
7.00988513754
7.01368322186
7.02222036571
7.08994461312
7.12329949743
7.2523221789
7.28152720524
7.2923359189
7.32850829388
7.60900925163
7.62265165007
7.63842826348
7.7117855371
7.75258937702
7.77376988338
7.82278571262
7.82971476078
7.85480029678
7.87433014852
7.89593646784
7.94003590367
8.29738470132
8.34609942537
8.34988729893
8.39753320507
8.4387393549
8.73381785911
8.79960708792
8.89483373721
8.95957593561
9.00283566349
9.1167503513
9.1932670429
9.29910227484
9.35676286917
9.39803885894
9.48097447692
9.53844404889
9.59448661067
9.62119081611
9.65563435782
9.74499663887
9.89950553922
10.0120020797
10.0296404527
10.1007482361
10.1650477112
10.274823327
10.4135006031
10.4284512529
10.758900053
10.8457788384
11.381217086
11.6393312576
11.7730464637
11.7885591171
11.8347442417
11.9598843736
12.0041152766
12.4144684228
12.5117744439
13.4908587724
13.8442942791
13.8833814083
14.2178118167
14.7684336827
119
