6.01028400011
6.0156959642
6.04099719537
6.04484263238
6.0601598915
6.07040445972
6.07841917005
6.08578992013
6.09132228236
6.09590531632
6.09691978012
6.10480010977
6.11169077298
6.14825132041
6.15598481037
6.15734433455
6.15929154753
6.16015506115
6.16690913185
6.18526765243
6.19208057456
6.20095518449
6.21068208382
6.23786441716
6.24852190484
6.25177220966
6.25790191171
6.28165351392
6.28359044344
6.29460332688
6.31447322668
6.31916700085
6.3324726651
6.33585779771
6.33658522555
6.35052837745
6.35645547505
6.37961150361
6.39359640871
6.40896969614
6.41645029717
6.42055373527
6.43152816543
6.45945782805
6.47185900396
6.47527600015
6.51298990228
6.51616224181
6.52546820475
6.53921455457
6.55215848506
6.5646694338
6.57666425934
6.61297634381
6.61843805071
6.63720177916
6.6592884778
6.6878962369
6.73662362247
6.75069736765
6.7581456811
6.77260988945
6.78482446943
6.80102944594
6.80289650522
6.83399406247
6.86149833196
6.88209869735
6.90228353966
6.91666900017
6.96204938627
6.97975721237
6.99018500747
7.00339469338
7.02176599895
7.06113227576
7.09805691714
7.11251139083
7.1223459815
7.15112723144
7.1693755624
7.1877912611
7.22536038089
7.2407693128
12.5000892927
12.6330838269
12.8256086985
13.1032901806
13.5330254192
13.7593889531
14.0152424366
28.8494383131
92
