6.00711972409
6.01251174565
6.01693512146
6.02816031561
6.03183375078
6.03474971894
6.05117424257
6.06439458414
6.06857490815
6.07331641917
6.09722209407
6.09797065993
6.11255146864
6.11365699803
6.11460439469
6.11910127135
6.12625377081
6.15400699624
6.15936994237
6.16269015176
6.17494410439
6.17797943138
6.19537117843
6.20784427625
6.22318230991
6.22953856681
6.24103192433
6.24279829801
6.35917830721
6.3685209242
6.37927796602
6.39111091699
6.40886844118
6.41336600761
6.44186538726
6.44311867971
6.45115421612
6.4548381971
6.46930079321
6.52138945307
6.54329502343
6.64771424871
6.67416760836
6.6911716181
6.70655834566
6.72528065743
6.80901830432
6.82507994522
6.87708515825
6.90891632578
6.91073196555
6.96824111002
6.97686194537
7.01437585907
7.06025014517
7.11272031372
7.13669877413
7.17153741271
7.23390374505
7.43234705117
7.43754638364
7.4401592775
7.47329538934
7.51786058736
7.56313889994
7.72739037564
7.81205346279
7.82424271301
7.87958136009
7.91778772301
8.01325112613
8.06296919209
8.08040679793
8.14888992594
8.17799088771
8.23918645532
8.27316273649
8.35245571292
8.42623822634
8.49113431398
8.54587633351
8.57406637364
8.68060872584
8.7387683048
8.95704589838
9.01408041095
9.02140801459
9.06598843851
9.21175264386
9.21657412867
9.51724553255
9.56477784825
9.57430335472
9.72454719411
9.78636797397
9.79915199654
9.89084544846
9.97358264373
10.0443165689
10.1401692788
10.2611504763
10.3539079276
10.3812910552
10.407994082
10.5479117208
10.5579292714
10.7847837922
10.8317014706
10.8896416075
10.9499111523
11.4125023876
11.4394507114
11.509446379
11.595829867
11.7977580273
11.8329017026
12.4268368558
12.4413098806
12.5716024735
12.7007500639
12.8296723042
13.2295354867
13.3584836137
13.4047590868
13.6510905375
13.7886049337
13.9389014364
13.9563248938
14.0773613244
14.2776290132
14.4831653953
14.7457457277
132
