6.01287099364
6.01686422225
6.02458447118
6.03357606039
6.03446738722
6.0480689341
6.08019463156
6.5734266691
6.58430564661
6.60802934179
6.82223023119
6.84213454156
6.85442152514
6.97087782021
6.9843474151
7.00218144043
7.01772138875
7.02925548635
7.06139803874
7.08042254156
7.12007773533
7.14487782931
7.16460416256
7.20860084623
7.21870998829
7.27127001042
7.31364174501
7.6577212868
7.71363469854
7.77292812999
7.81976526595
7.8479726829
7.88665166938
7.95815554708
7.99516234857
8.05366157752
8.05959460138
8.10959013587
8.15689952916
8.25887382768
8.28083050762
8.37720855736
8.39675373031
8.43361772981
8.45063666454
8.47582858137
8.48695189163
8.55710867423
8.56017161138
8.57388011602
8.62637079997
8.68427440669
8.87455130328
9.13160157142
9.18879626257
9.23650182309
9.29766202162
9.48094301115
9.53775593945
9.89890221674
9.94385571979
10.0691160911
10.102365386
10.264072918
10.3487664153
10.3688353302
10.4220026329
10.5158626525
10.5837495066
10.7055393657
10.7475975217
10.7640846114
10.8175723965
10.9304518435
10.9711572728
11.173712778
11.410428221
11.4510175326
11.7730880788
12.037283218
12.0602535762
12.2565616446
12.5607290661
12.7773621747
13.2049255415
13.2251356469
13.2815097008
13.431219433
14.5405061154
89
