6.00415729602
6.010919678
6.01208803409
6.03601314404
6.04813257074
6.07150731813
6.08963259833
6.100392048
6.11784367837
6.11951272941
6.13838965731
6.14456837543
6.15281952924
6.15521683826
6.16823199823
6.17353053814
6.18982720641
6.2036921195
6.20721536135
6.24803158696
6.29194774087
6.31072506771
6.31743632886
6.33547638411
6.34188370496
6.36333748251
6.38497117934
6.41262233211
6.41704388728
6.42643634769
6.43309862112
6.45059913866
6.46255478646
6.46428276398
6.48262553245
6.53598748869
6.54181520563
6.61461145236
6.62801522528
6.66338493474
6.67863509054
6.68835490172
6.70970326268
6.71500299436
6.74224188715
6.76162167783
6.85139511663
6.85891386754
6.88232101594
6.91646308967
6.96317143491
6.97798161303
7.01969426769
7.04750188282
7.07010041307
7.08681902633
7.11158820945
7.14380516663
7.18748465484
7.22508953806
7.25919237948
7.2869405817
7.30569669286
7.3293294123
7.38353068723
7.41238539248
7.43523115766
7.47211499991
7.50677857954
7.5651234425
7.60894125563
7.6280883663
7.71015036182
7.75449722946
7.81928365669
7.84322718024
7.86929855449
7.87210410965
7.89315225349
7.92971876855
7.9841244035
8.02495502554
8.02938393137
8.06493665615
8.08995649754
8.36593267016
8.37321807565
8.37680341834
8.40614158614
8.46448780249
8.5070493733
8.52003817443
8.55980292003
8.57153546244
8.59447240854
8.61372486503
8.63278574783
8.67105213365
8.70581940772
8.77350674793
8.85864021368
8.88407830234
9.0907474165
9.14770583135
9.17438737485
9.24265822663
9.24810455015
9.27867622939
9.3623524809
9.39533583698
9.43136771553
9.46931618472
9.53634313694
9.6297331474
9.67806550721
9.85983621244
9.88287346965
9.96430722847
9.97823453022
10.0193844809
10.0686053182
10.0866507179
10.2624032724
10.2722521544
10.3414993296
10.6013599194
10.6807872269
10.9303382669
10.9813050751
11.0862622324
11.1006552701
11.1796979758
11.1955594644
11.3168137395
11.4593152586
11.576703437
11.8691095791
11.8936459761
12.0076760907
12.0915998644
12.1454637674
12.350855075
12.4417133102
12.4636968809
12.552564674
12.6255082201
12.8042668723
12.8615027925
12.9718726666
13.0117009624
13.0635997525
13.1462069218
13.2006007309
13.2657484262
13.409444524
13.5315136831
13.9819329612
14.1500272395
14.2925048693
14.6538600928
160
