6.00660990333
6.01220508565
6.0151766711
6.01854256576
6.01920402334
6.02998521368
6.03329316892
6.03663966624
6.06066800139
6.06265948455
6.06620587455
6.07078365533
6.07950668532
6.08458462675
6.08835913037
6.10091129655
6.11053683483
6.1122375408
6.11498116713
6.12684078612
6.1338560898
6.14266891716
6.14354977423
6.1444094375
6.14927684052
6.16171768913
6.18026542686
6.18319869835
6.20896485341
6.21439118011
6.22041154383
6.22513457721
6.22968113514
6.23598863026
6.23697346689
6.24675714018
6.25721031781
6.30797073246
6.31593952595
6.3652430745
6.38129067281
6.39831675185
6.41168830123
6.41893506759
6.42793006155
6.44365208205
6.48892395166
6.49536726844
6.50607182682
6.5127980559
6.53138780005
6.55010445449
6.56363551341
6.57655296082
6.59125767003
6.59642347709
6.60961638876
6.68577583174
6.69965777757
6.72779431642
6.73556376525
6.74500566782
6.75090550791
6.77504579264
6.85159126097
6.85338507336
6.86219485711
6.87120038691
6.90322689174
6.93145630768
6.94571190809
6.98538783473
7.01321151483
7.03004753655
7.05591937893
7.0739998887
7.13302984785
7.14800693073
7.15727289491
7.38145735692
7.39639297615
7.41954642476
7.42643864976
7.47280180466
7.50945908995
7.54522648679
7.62170383261
7.82736251066
7.84719486859
7.8745753401
7.92901733801
7.96052309467
8.01512072588
8.06085703645
8.12827895338
8.18581169953
8.25591645471
8.37632132008
8.62108523772
8.64577324259
8.69071048805
8.73381653878
8.81160454095
8.88443073536
8.96256450988
8.98353859969
9.09579366744
9.12163914755
9.1630920022
9.24757113814
9.28758162241
9.37153845944
9.40113083629
9.40484355527
9.44855988526
9.50240753891
9.60348762171
9.6599364584
9.74624608817
9.75392035628
9.79144979886
9.81277820364
9.87057902799
10.0868623793
10.1582794754
10.2600051005
10.2952136171
10.3267467644
10.3936889514
10.5585968115
10.5646743653
14.427114526
14.5766233419
133
