6.00353352361
6.0164532899
6.02111981102
6.02479873419
6.04829575763
6.05830706358
6.06030801382
6.06441139337
6.07342296812
6.07731311897
6.11240421565
6.12217559883
6.13114209113
6.13176961632
6.14626707912
6.15031842802
6.15436034097
6.15961176627
6.16682281562
6.178880475
6.20137284254
6.20813266396
6.22357877599
6.23431296056
6.25332571606
6.25689244867
6.26287380497
6.27593254746
6.28545028338
6.29972580146
6.30903085844
6.39933017963
6.41019663693
6.41704384006
6.42461671861
6.43355729869
6.46617593135
6.46791522816
6.47993582444
6.50176906233
6.51212318986
6.52822014207
6.5398943618
6.83902583487
6.85034196081
6.89310672731
6.91958660862
6.93118115742
6.93349595154
6.94151110309
6.9707203907
6.97924184306
6.98966010308
7.00333190067
7.01072568382
7.01667053081
7.05370999004
7.07999094984
7.1199182473
7.215063826
7.55426174164
7.57605075959
7.63569972992
7.65508021173
7.66991264623
7.72360725725
7.77087169311
7.83504101609
7.88417938689
7.94258118579
8.72554804909
8.79248019555
8.86471136313
8.92324421763
8.98843378949
9.0113477296
9.04776817367
9.09036379054
9.13194268022
9.23884569911
9.31163306504
9.3161776584
9.32433783643
9.41289638067
11.1016932924
11.1742014289
11.2582837629
11.3197958341
11.6830677049
11.6904395548
12.090077037
12.2794918234
12.3685803028
12.550272211
12.8475278122
13.0044529216
13.1108305389
13.4407221698
13.7123145146
13.7858435722
14.4553323575
14.6328374578
102
