6.00694073563
6.01029109723
6.02284056474
6.02567635126
6.10793489842
6.11810052925
6.11902602089
6.12518459627
6.12600241975
6.13488936811
6.30194076282
6.31046032039
6.32045075715
6.33583681331
6.35441025912
6.35579358336
6.35783028762
6.36146589777
6.3678827909
6.37344408121
6.39283417896
6.40976538398
6.68012323738
6.70257123837
6.71171334018
6.71988979648
6.73531824712
6.75308032249
6.77267702521
6.79201676501
6.79404060006
6.81073943793
6.84037130036
6.87134330993
6.90098819255
6.92889307075
6.94742675124
6.9497682753
6.96312837737
7.06274260015
7.09636989735
7.13520522479
7.17563593705
7.19980508449
7.20644235813
7.22326744829
7.25250843684
7.27978260793
7.28800098665
7.30392289952
7.34328148001
7.64482011522
7.68116073753
7.71902354127
7.79786196994
7.85119189081
7.89493999117
7.90286601171
7.9094060467
7.91432939963
7.99266608405
8.16624970467
8.16912292986
8.23198532022
8.25408594077
8.26358911172
8.44605950914
8.60107779507
8.67124480057
8.6781889828
8.73378937423
8.75768354776
8.89232753001
8.96567063375
9.3195094664
9.3883492811
9.46596235188
9.47797438792
9.48484076916
9.54869966512
9.66106302642
9.77154200073
9.85475623407
9.92036809538
9.98133714196
10.0982118014
10.1928720709
10.2129885724
10.2254677558
10.3501840632
10.5464625125
10.6870894088
10.8832099311
10.9776693945
11.0717520804
11.1525511502
11.1657411144
11.1766600339
11.2917292753
11.4502312636
11.5490999411
11.6150591318
11.7252690283
11.8233560328
12.5384056718
12.5778767674
12.7402126327
12.7506693675
13.1577825604
13.2949956136
13.4140036432
13.466621634
13.5284499405
22.7443986683
114
