6.00780034741
6.01661149965
6.0201495822
6.02739186894
6.03936002516
6.04245701906
6.04313471693
6.05947335185
6.06808347345
6.07836963951
6.08689953648
6.08932656612
6.09128329399
6.09938923404
6.31049087147
6.32693969067
6.3334849655
6.34419541894
6.61925455337
6.62677735485
6.64429559875
6.65841794397
6.67398530267
6.68174884004
6.70674254948
6.7290263489
6.74245433533
6.76937428071
6.77413823482
6.79711112137
6.8410242521
6.87290212353
6.90745602472
6.944514148
6.98333563496
7.00046803702
7.00418911212
7.02519499393
7.07075488534
7.1027245804
7.13654655511
7.16431714253
7.17295493237
7.24753313067
7.24992083804
7.5495239023
7.57427667994
7.58568393338
7.61236100771
7.64966584157
7.679768112
7.68321950205
7.85865773146
7.93543145477
7.97104709284
8.0492392281
8.12100429864
8.13192677239
8.15097848868
8.19121883017
8.22447001819
8.93258883376
9.00293617501
9.15224411613
9.23966782582
9.32845097792
9.7161231343
9.83301972368
9.98107440467
10.1203084669
10.16520799
10.2147994114
10.2944001531
10.3409422434
10.4025563947
10.4245372899
10.4899290052
10.6109689467
10.6880101989
10.7466105188
10.9006212831
10.9709731819
12.1242466569
12.4939805656
12.6408750512
12.8036697208
12.8861428719
12.9224900332
13.0127465958
13.168036143
13.3677874973
13.4533598614
13.5405864471
13.6689849326
13.7466046506
13.8520032434
13.9052953132
13.9522678991
14.0846352187
14.1991283653
14.4450675742
15.0460611355
102
