6.00576693659
6.01084819651
6.01588622599
6.02047056377
6.02789328538
6.03835998309
6.04145424417
6.05592912897
6.06375989483
6.09329763472
6.09698222321
6.10508999022
6.11344649573
6.12101872291
6.1290730169
6.14570834771
6.14865877344
6.15577604493
6.16338867424
6.16834900811
6.17099940596
6.17392915892
6.20854486588
6.21299931484
6.21810052307
6.22714746583
6.23316761015
6.2361468346
6.24916794021
6.25827649241
6.26298080385
6.28865722413
6.307799762
6.3200139297
6.33843311778
6.35469376081
6.35883689537
6.36676713606
6.36926248748
6.3854232532
6.39986979693
6.42636678317
6.47192277891
6.49039492164
6.54525460972
6.5503587057
6.55228655973
6.5633879454
6.57150638332
6.59434588436
6.60632337451
6.6263992734
6.63812057473
6.65751065821
6.6756544607
6.67716816131
6.69435080286
6.7089329897
6.744651486
6.76411204548
6.78329954313
6.81545476134
6.83502934756
6.8571486212
6.87796385542
6.95434835657
6.98487491213
6.98947616703
7.00885743522
7.06921877097
7.12360299443
7.13977092271
7.18824703353
7.19448531519
7.33736565317
7.37936045156
7.40098659697
7.41782026004
7.43016374914
7.46836113897
7.51333139433
7.52493114453
7.54225556529
7.56721506917
7.58450336108
7.67765330983
7.7660114685
7.86101082134
7.89601108065
7.90393405064
7.98079370955
8.00432761412
8.06550639717
8.09846740106
8.13260608404
8.21633059635
8.24113283627
8.28859108706
8.310737277
8.37310713852
8.39685678691
8.47656405402
8.53586425195
8.54807114367
8.56881725112
8.59074606298
8.74976787798
8.78748508963
8.8989565741
8.95075691798
9.0846558047
9.15069665594
9.15511210371
9.23092597032
9.25065552919
9.39262403168
9.39695474906
9.44639655778
9.54139020712
9.56284648108
9.58864275089
9.6868381343
9.98684372313
10.9890848834
11.0850566002
11.131874134
11.4165136669
11.594292082
11.734827539
11.8529053962
11.9297238572
11.9421150954
11.9893925649
12.1531042548
12.2381807816
12.3790067354
12.3968304112
12.5279830821
12.6125423198
12.6709282684
12.7454745815
12.91754162
13.0194751919
13.0756957556
13.3402971017
13.4871929973
13.6865365034
13.7587530472
13.933407833
14.053172873
14.1972519908
14.368789975
14.7353870029
153
