6.0057520744
6.00950978535
6.01841261463
6.02530326197
6.02655279489
6.03035644139
6.042425533
6.04694660482
6.05558638532
6.11996694126
6.12823678859
6.13296804421
6.14296485653
6.14394682852
6.14542792444
6.15241364344
6.16472630852
6.1769408877
6.17873026345
6.18244961553
6.21259723275
6.22797966962
6.24139316483
6.25790116343
6.27007070687
6.28578035792
6.29607103549
6.2996377655
6.30625792271
6.31639423647
6.33740304086
6.33900288632
6.34333290915
6.3531514092
6.37499798134
6.39253478675
6.39904175299
6.40104870183
6.40939829721
6.41485707806
6.42414049388
6.44973895594
6.45338781749
6.46251341197
6.50251289721
6.50470810588
6.54564296692
6.55230050105
6.5572466994
6.56580244782
6.57986315911
6.58625286512
6.5999399044
6.60985193328
6.67188336568
6.68183475112
6.68718331013
6.69411368285
6.71604404626
6.72953737764
6.79378782918
6.79660224004
6.80481443512
6.8145807568
6.86532377864
6.88295383803
6.8944251746
6.90565138769
6.95526346817
6.97573145803
7.08112421872
7.09675978054
7.11236290885
7.17692789883
7.19685465776
7.21875104594
7.25852585278
7.27987160329
7.32025126781
7.35911180588
7.40437332576
7.42459764905
7.47159964018
7.50444637231
7.52492090994
7.55867855956
7.57763546318
7.59378581509
7.69303678536
7.71628488814
7.85922704628
7.87032760865
7.92419501974
7.93237170509
7.9723583002
7.99286316292
8.00635283709
8.35946421928
8.48255488097
8.4867139086
8.49568772766
8.56923074844
8.61155133466
8.64580891143
8.81211262492
8.81824819878
8.89556169921
8.91714512157
8.97480274998
9.03468977528
9.07090719163
9.09210821166
9.13388444886
9.14793162152
9.21107696063
9.26085176614
9.33596438628
9.399144648
9.49833076834
9.50704785334
9.63664838669
9.75843804292
9.79253550577
9.80091116399
9.98361455655
10.0132876205
10.1024159721
10.3993245049
10.6435212995
10.6653650528
10.8298727726
10.9579399505
11.0083927139
11.0561005418
11.0897263512
11.219835682
11.2731531878
11.4738448186
11.8607460149
11.9353985737
12.0895598122
12.2519029387
12.7469398272
12.8696679008
13.0437865494
13.1671795811
13.1932445602
13.3816907362
13.4468715333
13.484028498
13.5383891112
13.9515722748
14.3711163359
14.5814085413
154
