6.00541835467
6.0265653188
6.03352203504
6.04025739886
6.04345341651
6.0536099675
6.06451096625
6.06580219313
6.16196057791
6.16927248556
6.17367205862
6.18884951243
6.20141640351
6.20906683555
6.21144145238
6.220317361
6.23405939033
6.35342517004
6.37460628664
6.37988552033
6.38211620061
6.40190854166
6.41906331496
6.45003938114
6.50976514785
6.52234460027
6.54329424315
6.54449258928
6.5534556681
6.58651753624
6.60578506191
6.63987948744
6.65786555001
6.66393185395
6.73851418468
6.74782402238
6.77059773239
6.77841694098
6.80153881144
6.81410609743
6.84343317395
6.87650027067
6.88188641816
6.92973174203
6.96224999695
6.98622057659
7.01045618302
7.03511130752
7.07416557416
7.10197469692
7.1239938022
7.14564418405
12.119084725
12.2191330118
12.4540261546
12.464311853
13.4364218701
13.6411164626
13.8522672639
14.4255996089
14.7127721489
61
