6.00283070118
6.0099877213
6.01396926488
6.01717704471
6.02939561461
6.04138970755
6.04956863877
6.05255152328
6.06824860525
6.07914642294
6.08211870214
6.1102184816
6.12273445173
6.13128851354
6.16429404828
6.1671283449
6.16801000558
6.18039116563
6.18627846158
6.20594354661
6.23692835136
6.25585693818
6.27102610583
6.29216274156
6.29918360643
6.30807827593
6.32355995793
6.32945293443
6.33772291063
6.34458505996
6.39209823145
6.39948133518
6.41642254074
6.44847051987
6.45137625502
6.45282019473
6.4630450072
6.48331536205
6.52118231627
6.54516907167
6.55179920663
6.57029233095
6.58225000237
6.60384194015
6.6202927261
6.63781402134
6.65883390338
6.7146927052
6.73214245811
6.7511501325
6.77915831808
6.79636678837
6.81121535066
6.82770299841
6.84045120473
6.8764518109
6.88639115108
6.93698724833
6.93901220697
7.00630018552
7.03078034454
7.06872310588
7.09057607712
7.10939508096
7.12589724266
7.15872296474
7.18671966073
7.22646298474
7.24559024648
7.26758904441
7.27837274133
7.3016445877
7.36078790573
7.38249484558
7.41903620311
7.4426061768
7.45795892495
7.47771566742
7.51451506217
7.55072698774
7.58829832997
7.64815812307
7.68437344897
7.73359679078
7.75978339155
7.87546425992
8.5615389618
8.60978321116
8.67986218223
8.73394667674
8.78644483865
8.84447351141
8.96137813986
9.05130424745
9.08179389816
9.09795642061
9.15165457196
9.16520372003
9.22126352371
9.25037934968
9.38133784762
9.42723312279
9.51768716683
9.54037225742
9.5481646218
9.6243572264
9.63577630388
9.6622846988
9.75377729853
9.88693872299
9.93815870795
10.0112377918
10.0203670248
10.1566985374
10.2954511821
10.3112884779
10.4951498604
10.505654241
10.5425787115
10.5895978046
10.5961214798
10.6347995057
10.6505094964
10.6711833596
10.9618099547
11.1178122348
11.1867131393
11.3878140171
11.3990203313
11.4296999785
11.4381992886
11.4806423075
11.6367597185
11.7129835198
11.8720669802
11.9202085364
12.0318250603
12.0550109373
12.2141841184
12.2353415386
12.3989034877
12.5426933835
12.6241350042
13.5889415706
13.7582792407
14.0765444951
14.170398158
14.4556026468
14.5579703958
149
