6.01496636822
6.02050369419
6.02967758544
6.03705129481
6.04262281559
6.04323007291
6.05268495807
6.06273670377
6.06892518401
6.07327740081
6.0803441499
6.0838757029
6.08485663379
6.08603342856
6.10861243937
6.19494842791
6.19895584212
6.20069482325
6.20552965233
6.21031945879
6.24016236835
6.24157421723
6.24485131164
6.24926639421
6.29979030358
6.30921323015
6.31840448637
6.34058860787
6.34329447418
6.36083456541
6.37758145625
6.41408788321
6.43034338595
6.43501015996
6.44020603254
6.4576671462
6.46484123856
6.47732116036
6.49231012061
6.49999300297
6.50636079841
6.51886617718
6.53171100321
6.5414364082
6.56034704657
6.57795092184
6.58102459067
6.60068046208
6.62553094362
6.64259374561
6.64503821699
6.66160728007
6.66535770124
6.68430183339
6.86161075432
6.87966377704
6.88440558011
6.90806557943
6.92573305726
6.94096914306
6.96442476335
6.97146996714
6.98317615652
6.99110891843
7.00359073462
7.01322699874
7.01678311608
7.03662394993
7.06086117839
7.07821345247
7.08847504552
7.10880453776
7.15744344824
7.18518090203
7.20496055767
7.24850382888
7.26786435002
7.27972071198
7.33168556143
7.35670413136
7.38350437574
7.4176572157
7.56735366532
7.68693974026
7.76363695667
7.78185877227
7.79788496806
8.10898017583
8.1853450783
8.24764561137
8.31882569655
8.40232559244
8.43772812369
8.45802253725
8.54082102126
8.58780321694
8.60882512095
8.64440576616
8.71577428956
8.76731419725
8.84028441906
8.87320812788
8.94729946486
9.03529105634
9.06610004047
9.21351586231
9.2707239477
9.30711599068
9.33312213103
9.47087203147
9.49504542242
9.58173023112
9.69240694129
10.1808390897
10.2528563786
10.3751003235
10.454033092
10.5730505978
10.7048462024
10.7358333378
10.8534777876
10.9967603804
11.2353394517
11.3247377187
11.3775641508
11.4181126489
11.557829329
11.636263811
11.6622889994
11.7273240258
11.8167805193
12.0846301552
12.1147686603
12.2580585237
12.3159338228
12.4371293576
12.5351384856
13.616271361
13.7878142423
14.0280250848
14.1976342978
14.3472465123
14.427066006
14.9312169994
144
