6.00868829955
6.01377638798
6.02859046965
6.03750653588
6.05724456412
6.06014031244
6.07270695466
6.07759071482
6.08649884843
6.09023412558
6.0985310375
6.10130097146
6.1050810568
6.11465787476
6.12429400165
6.15714508932
6.15838175123
6.1798748677
6.18815114635
6.19317908968
6.21329994642
6.25035510443
6.33929991557
6.34300288994
6.35921302896
6.37265065242
6.38801799756
6.39904574949
6.40361613044
6.41188729998
6.4140621336
6.44006451249
6.44815356492
6.46334733323
6.47341479618
6.68480649739
6.70512206144
6.7208881008
6.75528672409
6.77353741388
6.79779664618
6.81415820645
6.84101984424
6.87987298738
6.90057944856
6.92768348443
6.97863113275
6.99284195239
7.00662317614
7.02331219866
7.05815168546
7.09180111905
7.12445869746
7.22544414259
7.23486806903
7.27051326289
7.29006797164
7.31675535722
7.3508257489
7.37727074514
7.45488029764
7.49509171766
7.51533456848
7.55850893948
7.61532771903
7.65598175753
7.89246602179
7.91321145446
7.92641091298
7.94346508394
7.97129490166
8.62476587595
8.66153745665
8.68277720678
8.7345623736
9.00527215392
9.11005288325
9.15564640151
9.16286013412
9.16774814944
9.28558442874
9.31467776231
9.53381938911
9.64298424254
9.71377563182
9.79495094312
9.90017493776
9.97289343972
9.9772789131
10.0484998377
10.0710525752
10.1412416216
10.382284784
10.5197309129
10.6405949916
10.7725820026
11.0071806152
11.3175873065
11.3913219835
11.5124978243
11.5791207796
11.6219915087
11.7253865539
11.7368307914
11.8662186273
11.9511295187
12.081069585
12.5075058038
12.7156615865
12.7273066956
13.0502259341
13.1577256079
13.5198264574
13.7964904726
14.0409507047
14.2577278178
14.3056713162
14.5024823988
118
