6.00592085452
6.01567376778
6.01872397017
6.01985125975
6.02203105531
6.03193596003
6.04115344195
6.04395160772
6.05001265793
6.17181793242
6.1727759903
6.17522628355
6.18748340003
6.19681952616
6.20435676495
6.21795924677
6.22338182534
6.23737127012
6.25402079938
6.26670038026
6.28072457638
6.28420389395
6.29145270114
6.29727891539
6.30454110581
6.31881878092
6.34264968382
6.3488698434
6.36738259881
6.37863805302
6.40262295073
6.43421565973
6.44055109246
6.46829098977
6.48534857456
6.49216384613
6.50445104344
6.51652079417
6.53108335528
6.53484176446
6.55483351638
6.57470745157
6.59083911075
6.6101778736
6.61842825006
6.66283247287
6.67426494578
6.7054877105
6.71361714362
6.72464223269
6.72931130544
6.76268477843
6.7989261222
6.88051860928
6.88682894486
6.90118275913
6.90536987339
6.9102969598
6.99830852773
7.0123065262
7.03087410532
7.04046746489
7.07034826529
7.08247160446
7.11237549148
7.124452933
7.18951610309
7.19863283571
7.21353021776
7.66634381492
7.69640313843
7.73008261725
7.7645830353
7.80261368203
7.87534084549
7.89681727036
7.93068527933
7.97109487226
7.9756173618
8.02728557303
8.15443640422
8.26973289374
8.30320279524
8.3832281227
8.41758104148
8.48607427886
8.53108581925
8.62741010153
8.78356639044
8.81665795786
8.93307839903
9.02093675687
9.06521660639
9.19073062086
9.22324822106
9.26980750909
9.30363306835
9.36038085043
9.42798190264
9.44549531555
9.50212085299
9.58944160191
9.76748975413
9.88199632204
9.98062464439
10.0168719416
10.0263023841
10.0668036895
10.1193238576
10.1802048749
10.1983906887
10.2395618266
10.2650864706
10.3049944771
10.3406026001
10.3680949352
10.4162590405
10.537285281
10.5893880844
10.7684256403
10.7859780605
10.8442705747
10.9422602782
10.9510848953
11.0475939279
11.1051095797
11.2460939699
11.3507581245
11.5267778789
11.6227705148
11.7068852117
11.743017052
11.8142149467
12.0000656561
12.1952389364
12.4296849521
13.0492873705
13.2022555505
13.3204896118
13.5110733616
13.6521206199
13.7022707692
13.7761747727
13.7873267379
13.8951738468
13.9657762416
14.2839612866
14.6042849285
148
