6.00130907948
6.02404994463
6.02803604033
6.05294166141
6.06384771871
6.06948964629
6.07579461647
6.08683970088
6.08907904382
6.0935706915
6.09414244558
6.09970886254
6.10647770339
6.10923327115
6.11550541658
6.1367547561
6.13808429085
6.14574426203
6.15690611775
6.16501992519
6.19597181511
6.19990473907
6.20899966441
6.21080023967
6.21800708796
6.22754659697
6.23121631412
6.25702890076
6.26405621117
6.27324336924
6.27672628008
6.29275342682
6.30015124836
6.3043964667
6.31310165683
6.31740035323
6.32249513837
6.33629301105
6.34394079246
6.37340077926
6.38450405037
6.38526918639
6.39386909857
6.39485868932
6.40140692713
6.41632206055
6.43286295066
6.4495413536
6.4505841019
6.45346411539
6.47055213536
6.48097598225
6.4935691914
6.51228824596
6.52320818308
6.54587882095
6.57088457588
6.57285832102
6.60783589373
6.62354199579
6.63032739446
6.65537342445
6.66383596819
6.67210227563
6.69220799708
6.72343734762
6.73650326807
6.75725179727
6.76489366293
6.82532049695
6.83387021666
6.8632388462
6.87800078768
6.89300204498
6.8980654438
6.9147382329
6.95141207298
6.95459506727
6.9589106562
7.00937052363
7.01122871587
7.02059674165
7.02437402931
7.05409525313
7.05627974728
7.07105258343
7.1160978808
7.12539141514
7.15452429947
7.23034773739
7.31599941607
7.43063712193
7.49058878765
7.53098412289
7.55940553227
15.6529989635
96
