6.00070938329
6.00943754801
6.01971033146
6.03029463443
6.0361863733
6.05086775368
6.05663200041
6.0661450707
6.0841826985
6.09265054432
6.09761198404
6.10471020844
6.1236583126
6.15041064719
6.16837418337
6.18256296039
6.18662637986
6.18917257482
6.3343448394
6.33673864486
6.34806198262
6.35227221387
6.35507335467
6.35632151014
6.37638362185
6.39421073156
6.40116509845
6.41558249111
6.4438949938
6.46274705891
6.48122529843
6.50255344397
6.5488981467
6.55162157538
6.71206559104
6.71406093858
6.72894112392
6.87530270954
6.99462806897
7.07494819389
7.10702952789
7.12201681401
7.13265648159
7.15128841636
7.1698071137
7.23609493395
7.26169931324
7.30498536579
7.31307850707
7.34062092673
7.36277520209
7.39878331862
7.42644050019
7.467939683
7.49390350837
7.74642758847
7.78456445252
7.82814052446
7.87360869403
7.91547181773
7.94446344166
7.95595638766
7.98219549075
8.02817249401
8.06912898741
8.09052959214
8.18860478741
8.23940066654
8.25195160273
8.40087621699
8.4269079991
8.45422918442
8.50994137073
8.53744333859
8.59729085999
8.6591133178
8.83957713187
8.84788848153
8.8758911775
8.99824483248
9.04227071857
9.06869006604
9.10612747693
9.14719528459
9.18347563964
9.19233986395
9.22021029871
9.32309910802
9.39467451397
9.59279795445
9.69450115171
9.72594927455
10.1807465686
10.2072402585
10.2679971995
10.3023258914
10.449330308
10.5199297545
10.6225818268
10.7330053027
10.9312276803
11.208187692
11.9204531724
11.9956297597
12.2286798828
12.2398546944
12.3402096402
12.5532336409
12.6992255555
12.8392009315
12.9367435415
12.9891972146
13.0479518857
13.1602988772
13.7239873214
13.8830713234
14.2390483544
14.3626613393
14.4753927909
14.6330686702
120
