6.00681329382
6.03907519487
6.07878894651
6.08161922233
6.09272104633
6.09496196123
6.10150119401
6.10763300069
6.11704197189
6.11984435083
6.13744242963
6.14658886519
6.156503146
6.17506824484
6.18683874716
6.20679847899
6.24226558123
6.24323239992
6.25703583373
6.26171414452
6.27075438735
6.27643336831
6.2834012579
6.30599529281
6.31897370394
6.32184731079
6.3349412669
6.36755616534
6.3781111868
6.44166599662
6.46395757886
6.58892749932
6.5934850307
6.6037803855
6.62535254245
6.66957276006
6.70446999679
6.71245434929
6.72701807916
6.74661932391
6.74777201269
6.75840414751
6.7715968268
6.78789429108
6.81902217854
6.85723333598
6.87939944124
6.89001839995
6.92751016178
6.94042050301
6.96065043471
7.01082605664
7.15823434311
7.16745434323
7.20601614804
7.22861125957
7.23303543009
7.27422992418
7.31830358966
7.35844104921
7.51670326359
7.56551268605
7.59596059946
7.61984196764
7.690806689
7.7226585878
7.74927794358
7.79120725576
7.8382678397
7.86318721311
7.89107469597
7.96582070158
7.99839979301
8.06660950972
8.11648697253
8.19147859469
8.26284060066
8.31564174913
8.42333438404
8.45541606701
8.47615380497
8.51342140938
8.54883653816
8.55738819629
8.56254705421
8.58459021848
8.63178070075
8.63768510826
8.78891291742
8.79367907262
8.79722317855
8.8012607182
8.84050482372
9.63100599513
9.69338774046
9.81716005392
9.89233984494
9.92697668123
9.96383530818
10.0497492497
10.1425403659
10.189544647
10.1942636224
10.2025851197
10.3591014994
10.4579764249
10.5103473115
10.5830233734
10.7746385624
10.9467015169
11.2009504972
11.2415985217
11.3250655974
11.6373189668
11.6831097938
11.7130633476
11.8142444412
11.9446896603
12.276360815
12.3658312458
12.4615136713
12.5209359788
12.6427592189
12.8200688042
12.9579822579
13.1517584695
14.3644516618
18.0771939936
128
