6.0075670216
6.0158064255
6.02979111988
6.03812003709
6.04434072975
6.05439907666
6.05889154744
6.07621544061
6.08013647397
6.09164398864
6.10032843487
6.11604318563
6.44362790895
6.45125181094
6.45959196358
6.47186782082
6.50237307512
6.53214363619
6.53403661136
6.55599854509
6.56591883728
6.57924921488
6.60907416791
6.62318099424
6.65702696282
6.6701063145
6.67168771693
6.70194897304
6.71836070711
6.72743474366
6.74145098395
6.75335418001
6.77094440183
6.77204794061
6.7949905955
6.80364002346
6.827869021
6.85336406791
6.8644504404
6.88180735837
6.89671970937
6.9202240882
6.9478662117
6.96487346072
6.99582482056
7.01835397616
7.05009718893
7.06997378987
7.07177510065
7.07840246166
7.08055601433
7.12228574019
7.34001485249
7.34292182807
7.35341553735
7.36893127719
7.38159849451
7.41226719196
7.44710289838
7.47627403847
7.49756279361
7.55835264714
7.59874721095
7.98502268799
8.02547579827
8.07225003511
8.36602533621
8.43200328602
8.45731160555
8.47161644588
8.56937152895
9.22609835816
9.39585086975
9.48321981743
9.58542750716
9.65749496734
10.3743886806
10.4242952578
10.5217865498
10.566471743
10.5904030851
10.777041241
10.911890097
11.0807897884
11.1845923916
11.4815050101
11.6052517076
11.6585081476
11.7388191623
11.8567031919
12.0053934433
12.106890264
12.2760453585
12.4883995691
12.6258952246
12.8787359474
12.9485958808
12.9946822438
13.1931201176
13.3128699338
13.4304686792
13.6626402441
13.7452922109
13.8443879094
13.9026809501
13.9518174561
14.1836499276
14.3259614603
14.5508582585
109
