6.00735348069
6.01525356409
6.02032024963
6.02155659967
6.0348060537
6.04003216981
6.05649215122
6.06389887424
6.06893065496
6.1027851009
6.12674818221
6.13526955606
6.148799077
6.16350313638
6.17024654614
6.17541652975
6.18873802742
6.18971127888
6.20623046943
6.21326897235
6.2192904753
6.22403182391
6.2371767731
6.24121368289
6.24208816665
6.25862970811
6.27314688825
6.2844611147
6.29155287719
6.29572493419
6.31517313535
6.31671596901
6.33351038259
6.34258427875
6.36073503163
6.36318631482
6.37076938642
6.38628410405
6.4016104925
6.40838024762
6.41856048212
6.42806622062
6.45009710762
6.52109912451
6.52825216946
6.55901769322
6.56425684298
6.71995321644
6.74672951131
6.74874289586
6.7615955566
7.22462865558
7.2893356947
7.31928936613
7.3342423084
7.35512497998
7.39871478276
7.44421586108
7.80165009247
7.81452742626
7.84299152016
7.8462550653
7.86681733663
7.89677363257
7.92631731413
7.96315247355
8.01182974666
8.07042090508
8.18432985579
8.22989147048
8.27769074625
8.30243184112
8.33454185778
8.36578127146
8.54909285498
8.58066979047
8.65079630043
8.69053379872
8.72243166411
8.74357940549
8.95669569114
8.96435332445
8.97257752714
8.98695917206
9.11211133734
9.17779203585
9.21646098509
9.27727745905
9.29252221021
9.56836472682
9.61848462632
9.63182999144
9.64520460428
9.67657882302
9.70994396938
9.76973339482
9.8462401239
9.97922123937
10.1570693397
10.4571025688
10.5167389903
10.5254178169
10.5836067839
10.6613011672
10.8170889284
11.098917028
11.2570731881
15.7662894172
108
