6.00420099096
6.01819492245
6.02301095542
6.03389252892
6.04211279626
6.05282256958
6.05805751081
6.06540660825
6.06766308167
6.06835498636
6.06934279874
6.09673568417
6.11713687653
6.14141438033
6.14840743714
6.15076876113
6.15234049372
6.15335792431
6.16096836733
6.1645770112
6.17470186036
6.18763886438
6.20029957297
6.20608961162
6.20973792263
6.21404411733
6.22586164072
6.24871146637
6.25572300683
6.27139656857
6.27395379511
6.28661635098
6.28916177755
6.29870305992
6.30667570163
6.3142863367
6.31767625056
6.32384624246
6.33421503501
6.34816654216
6.35930369067
6.36358494023
6.37050697237
6.66447302777
6.67189447655
6.6852247653
6.70768180289
6.73961332435
6.7616067513
6.81567848749
6.83518330386
6.86070193453
6.89520433409
6.95490236549
6.9587763387
6.9776889225
6.982399518
7.005251179
7.01060936297
7.03792986046
7.05182596611
7.08009443524
7.09688031551
7.12672435375
7.13990465852
7.17886929335
7.20628092544
7.23857184396
7.28653131973
7.32168336738
7.39257746915
7.39535708028
7.42955545139
7.46690411341
7.47102513344
7.48176061831
8.03863186246
8.04425048231
8.07098944664
8.08198595398
8.10490484564
8.18885502952
8.27022992009
8.30526769491
8.45775348752
8.52373619118
8.55855366255
8.58991666194
8.78448089676
8.82939459144
8.92226684443
8.95875012868
9.04469888982
9.09035601492
9.29292679175
9.30807351123
9.55597876055
9.60760741803
9.66815322174
9.71371195765
10.8077392985
10.9510846058
11.0865807723
11.2039958689
11.2561729614
11.3116472409
11.4128623167
11.664480178
11.6771737792
11.7583601251
11.8706360922
11.9021581443
11.9420423299
12.1545400637
12.4753085963
12.6074952851
12.7011959245
12.7112115974
12.815581299
12.8882424605
12.9204006299
13.1544028251
13.3277267936
13.5179387442
13.962682877
14.1261448818
15.0325823256
127
