6.00380497974
6.00961582268
6.01156930648
6.02464203073
6.03709139845
6.04635659438
6.05376679317
6.05459037401
6.06771380385
6.07102209547
6.09087670917
6.10181275979
6.11081975513
6.11569825411
6.14200160079
6.15998968359
6.1736246
6.21950791766
6.23387118708
6.24107896238
6.24638943713
6.25008718194
6.25579382853
6.26138157607
6.26552646172
6.27167533498
6.29385407771
6.29504748779
6.30460843136
6.32285882604
6.33253869928
6.34224914688
6.36050788564
6.37031435823
6.37539849928
6.38052877117
6.41025481938
6.41381914877
6.42574849523
6.44479345097
6.46521766772
6.47667820442
6.48737618112
6.49693766288
6.50273435998
6.58451799185
6.59439834459
6.61296500728
6.62990341949
6.6335794429
6.650761011
6.66959744589
6.721280867
6.7697085225
6.79089950857
6.80856987383
6.95513098579
6.97785872599
6.99681995552
7.02588830104
7.04855105032
7.14395487935
7.14629343018
7.17913432295
7.78427610761
7.78979839006
7.83336370864
7.85893533532
7.90263631594
7.9103874134
7.96457562559
8.10148956602
8.14710842498
8.17028984545
8.62179826768
8.80132937697
8.83650215646
8.97916684509
8.99668994945
9.08183674877
9.09966461583
9.2251819992
9.26830565637
9.36581082287
9.45864562978
9.74062599867
9.74981514353
9.82137221914
9.87222341126
9.97369625677
9.99123928156
10.107427239
10.1749755762
10.2027843885
10.2386828241
10.3467067589
10.3969275813
10.4131313492
10.4681696454
10.481096781
10.5319527611
10.6306905571
10.6996211797
10.782672929
10.8699253414
10.9869440258
11.0656457998
11.1217227658
11.2922760088
11.4354168313
11.5138786587
11.7418810656
12.5437880133
12.6732799269
12.7187683993
13.1520011287
13.521253951
13.5622671009
13.7278597305
13.9172641018
14.0263937479
14.1244551158
14.2357500257
14.4823146498
14.6138939699
125
