6.00956956604
6.0211834774
6.02445812983
6.02634704192
6.03965077059
6.04937668195
6.05292897178
6.05954018568
6.06461702805
6.07924028348
6.0912654664
6.11775593954
6.12185626344
6.12676607074
6.13895913244
6.14952312956
6.15460978744
6.15795921155
6.1694221603
6.17757930068
6.23704392858
6.24133867125
6.2446372305
6.24659062812
6.25794389341
6.27455926261
6.29820510063
6.30858116087
6.33461468831
6.33756713204
6.33947249431
6.34267201949
6.34455680646
6.34650296321
6.4057103713
6.41652499102
6.42436155486
6.44905981083
6.45921391458
6.46046744825
6.47156933414
6.47327475154
6.48717025444
6.48922029549
6.51168343094
6.52624534541
6.55069644221
6.57472393984
6.5941008142
6.60419579684
6.60554405697
6.60656612054
6.61161144485
6.61745598756
6.64172652609
6.67111776808
6.68730545168
6.70989560996
6.74730671553
6.75474555889
6.75665704756
6.7744462456
6.78664151862
6.83751941106
6.84112917775
6.85693488953
6.92323729654
6.94473502764
6.96702288743
6.98988101662
7.00115650625
7.01574164186
7.05628326267
7.09029617333
7.13314873403
7.16930194722
7.18390701875
7.27656386946
7.29410060097
7.32111848751
7.33777382937
7.41341676799
7.43377229395
7.44268094653
7.46003766547
7.4818716698
7.49556176691
7.53222370311
7.57925781552
7.58299527513
7.65761496591
7.71880227757
7.85976536054
7.91229769032
7.99621597173
8.04135435746
8.06146407436
8.10610167642
8.15881612795
8.19532098689
8.23635156641
8.26743972752
8.28132831684
8.32009686407
8.38179262084
8.65617871577
8.82284936565
8.95547401028
8.98823955009
9.00004918798
9.0634575961
9.16566803499
9.19511188355
9.3392111054
9.39630600944
9.46034087298
9.49396230741
9.67230258215
9.82498694136
9.89033921597
9.91304005739
9.97555188883
10.0130139408
10.0434285238
10.1333843326
10.145598713
10.2923920758
11.9384592711
12.0219189994
12.1862820639
12.2180833599
12.2349185889
12.3988613244
12.4218378921
12.5254843336
12.5621770677
12.7115789572
12.9481680231
13.0838015542
13.9037574608
13.9735050879
13.9862008018
14.2798104124
14.5505132409
144
