6.0105800133
6.01706161634
6.24591096903
6.24693307832
6.27208593629
6.29648312081
6.30349400504
6.30543021348
6.31424626247
6.33162371826
6.3432068114
6.35744924674
6.36775477595
6.64581589062
6.65477601325
6.66885679196
6.67973053236
6.68750916222
6.69428856945
6.70305153972
6.70703249769
6.72731261921
6.73584747674
6.74467302128
6.80593899036
7.08590538918
7.08773502009
7.11019253013
7.52532236456
7.56675122856
7.59795489312
7.6262264182
8.00109869729
8.04109729194
8.09323701776
8.12925055997
8.18049196607
8.24870022925
8.25315159991
8.56142818029
8.58497985558
8.5927518179
8.67321558959
8.90158103821
9.05634667588
9.08118098592
9.15473153804
9.2003355248
9.3518440004
9.38414371993
9.45391016835
9.54938522495
9.55988343773
9.62597254759
9.67346489138
9.74428658384
9.78813515869
9.8269736412
9.92167072445
10.013961463
10.0535368773
10.126909397
10.1413459979
10.2660983764
10.3217863065
10.4097002351
10.6628303767
10.7768337997
10.8908992171
11.027496111
11.1233130338
11.2768082378
11.3371493698
11.7013506381
11.7564577472
11.8415685347
12.3268564623
12.4221109033
12.4326175328
12.5624127787
12.7370520442
12.7530236696
12.7854585745
13.0255937845
13.2375959903
13.6646844378
13.955811233
14.1943695935
14.2508033437
14.5832014596
90
