6.00443398948
6.03864647015
6.04454052957
6.04775395316
6.05026786897
6.05369040522
6.06313062457
6.13746822555
6.14501549661
6.15516367955
6.24460061698
6.24578830861
6.26316044536
6.27513181172
6.28597968666
6.29592745389
6.30766602762
6.30944204174
6.31717447062
6.32285361735
6.32778833949
6.33486886701
6.35847493255
6.43087075674
6.45787516316
6.46250529566
6.47414954717
6.49816788212
6.49943159191
6.51208432901
6.57837900025
6.59313127572
6.60447081773
6.62917243089
6.63138915386
6.65677745739
6.67202255868
6.70234113431
6.70357396628
6.72430298786
8.23183027134
8.2791076321
8.31390931154
8.33116017166
8.3487420521
8.43874233572
8.45819931726
8.52951414183
9.28801957752
9.43465899273
9.55743646606
9.66852046755
9.71776601506
9.80620520442
9.83008514485
9.91278805232
10.09793907
10.1394807698
10.186521863
10.2024570074
10.2874580142
10.3699960022
10.5592178147
10.6466819913
10.7193303114
10.8050706559
11.0647494432
11.0938541591
11.1388732783
11.1866070426
11.3028820746
11.3486848024
11.4891261344
11.5316793145
11.6270982782
11.6434331829
11.6793390065
11.905290012
12.0066548645
12.2471600497
12.4830261282
12.6303483513
12.7920942489
12.9744920019
13.0198024163
13.2464993961
13.5693814366
13.6740237607
13.6898949714
13.7476565597
13.8266239475
13.9328002077
14.0501673511
14.0676428504
14.3994189899
14.4558944195
15.0044718007
97
