6.00820663534
6.01880568376
6.04106990227
6.05157706213
6.05213429567
6.06154866119
6.06519664964
6.0720467139
6.1089570853
6.11254209466
6.11819237167
6.12712407871
6.18291830561
6.19626509454
6.20518717221
6.20649123258
6.22022628987
6.23839438139
6.23945946612
6.25177888591
6.26247750525
6.27336890979
6.29451284593
6.29792969276
6.31383361975
6.39976249705
6.42718777041
6.43616218481
6.4452390138
6.46577223897
6.47058617069
6.48063917449
6.49051031846
6.51801148731
6.52841681944
6.54048941745
6.54218270123
6.7188667738
6.77833750585
6.83589594762
6.85803875303
6.87786491647
6.9749844856
6.97818256175
6.98655355578
7.02174167196
7.06139468348
7.07117602895
7.10799995826
7.1247460003
7.1475847674
7.20452727824
7.22642197476
7.26702717045
7.35239911831
7.35479109323
7.38871857399
7.4649035896
7.51783364768
7.55843621795
7.56427433918
7.56848147103
7.60324881213
7.61511570002
7.68876884173
7.70413658491
7.71899701387
7.84730325336
7.89731839515
7.93270410705
7.97749752744
8.04581267654
8.08023293729
8.13738861543
8.23282473032
8.44930843486
8.47274867491
8.51885384913
8.57684221686
8.61971532415
8.64274437359
8.65943222513
8.77987957125
8.99912042915
9.08016956698
9.11624924236
9.18017616685
9.29130049844
9.44098172642
9.50071925636
9.53807896932
9.65382460996
9.70773106098
9.77470872904
9.82097682597
9.98311074385
10.0463450269
10.0713459234
10.1635933087
10.2468354571
10.3317818898
10.34605196
10.3760827636
10.3951670087
10.4028031317
10.5054411624
10.5470897375
10.603273819
10.7750541589
10.8332820251
10.8557156784
10.9509060293
11.0822430821
11.3988849072
11.7018366287
11.9275185727
12.4037923098
12.53124168
12.6433577162
12.6824317492
12.7767616469
12.9814915222
13.3363797593
13.4995931312
13.6671348011
13.9803837562
14.003946987
14.0681506066
14.2391046018
14.4860290335
14.6200236737
131
