6.00758060859
6.01921894625
6.026903486
6.68074365454
6.68325494103
6.81958393837
6.84162731288
6.85151523536
6.85613379752
6.88060631792
6.88752786757
6.90219179856
6.91629156382
6.91931819498
6.97330717695
7.01079760231
7.03061356393
7.05012102036
7.07243629389
7.11887812326
7.13423481664
7.16394649692
7.18465112758
7.19747938106
7.21261784675
7.22204284964
7.22995636484
7.25184976074
7.2742143502
7.31216351117
7.32125145972
7.35397268794
7.3670802493
7.39436048147
7.4159424279
7.43791208923
7.46907957079
7.48353969863
7.50003289009
7.53291249267
7.56631506441
7.60579434196
7.61194075193
7.65983529794
7.67170748331
7.76685394
7.7810122678
7.82433676636
7.89128989892
7.91350242908
7.92186223102
7.94366707117
7.96264670984
7.97978141515
8.05708805906
8.06927297027
8.16930753147
8.22223877017
8.22706060404
8.25040226507
8.2794572861
8.28372588152
8.35263516296
8.41885372395
8.47581153137
8.4801233497
8.55174517209
8.5653927035
8.64063431409
8.67615771535
8.71513244434
8.74330372103
8.80289189095
8.80623997381
8.83756796347
8.89941386626
8.9546547405
9.22624617127
10.1344682799
10.1766768725
10.2017080415
10.2121665884
10.2395657997
10.3440215322
10.3904060611
10.4761362765
10.7294693639
11.2140892327
11.3432378255
11.3717193373
11.5281793524
11.6841583187
11.8705721389
11.915938008
12.0003646753
12.0657647617
12.1980020463
12.4783966072
12.5805076455
12.7518832568
12.8692095499
13.0612305211
13.1199722332
13.3950543418
13.4721459279
13.6087067991
13.6657493137
13.780962913
13.930838236
14.1099085344
14.4385952984
14.5490717694
112
