6.00617075888
6.01291877702
6.02333904423
6.0284345822
6.02913536769
6.05214653682
6.05775549593
6.07109316475
6.10961093439
6.1246769542
6.1336019608
6.14330099904
6.14791004434
6.16257937507
6.16961756695
6.17504830305
6.17648278717
6.18609094119
6.33877074371
6.34398435696
6.34631274972
6.37502137529
6.37736838186
6.38741283372
6.40054281367
6.42654917128
6.44562768322
6.45332446806
6.45527801407
6.60876403385
6.61672468333
6.63166009486
6.66557552166
6.68616224855
6.71949658145
6.72658307167
6.74862144519
6.7527650256
6.77043676717
6.77265394858
6.77417258433
6.90718721961
6.93852709729
6.9576759262
6.98592955977
7.01661901721
7.02656541741
7.03382197487
7.0358886451
7.04996087636
7.05279337489
7.07523402882
7.11297406034
7.20508988355
7.21127157986
7.21382474032
7.21731952056
7.24930332288
7.27143102167
7.29235146875
7.33414460448
7.37347254777
7.41690845401
7.47732842574
7.55307270322
7.56093687081
7.59938715025
7.62697849358
7.64419328696
7.71170539462
7.73161670518
7.79416396618
7.84758585658
7.93447089334
7.95372978599
7.9781125636
7.99434247121
8.00290470118
8.00646857064
8.05274789386
8.06525012001
8.08194322917
8.11910087259
8.17954454464
8.53542636643
8.54545503947
8.64239350296
8.68021642368
8.70840117124
8.77658972606
8.78402581002
8.78933905313
8.82456275937
8.90343066415
8.96257148612
9.04055104766
9.11134626323
9.21238279774
9.24756231258
9.27510361148
9.38675210104
9.8636350648
10.0658743677
10.1480945385
10.2171275574
10.2505282823
10.8499531596
11.1355357824
11.1857376233
11.5164100927
11.6063014123
11.7203281083
11.7614041434
11.8255291665
13.2872002152
13.4068222347
13.5592023776
14.9918080811
118
