6.0015873797
6.00283291374
6.0058474186
6.01447730672
6.02032011515
6.0294651852
6.03007712772
6.04174217026
6.05360001586
6.0555627358
6.06335350593
6.07247331902
6.08304061411
6.09611933663
6.15188482295
6.16419760507
6.16916827049
6.17393805326
6.17949675661
6.18909103223
6.1954108806
6.21779193464
6.23675865746
6.24427089296
6.24527818338
6.25477551401
6.26553327175
6.27833085392
6.28350830351
6.28716880828
6.29566121133
6.29920021111
6.32145545228
6.33155174807
6.36793145584
6.40250883197
6.41645052551
6.42632948792
6.43723147389
6.45452435166
6.46257303072
6.46818657525
6.4714614145
6.48095062645
6.4983183679
6.50937794122
6.53212550867
6.54586260406
6.55236131559
6.55640437851
6.57284813073
6.58638328944
6.59213729842
6.59841835128
6.61882853125
6.63671106917
6.67793849021
6.70219047979
6.71104237467
6.74538211006
6.75519675947
6.77908457778
6.82924317074
6.85667967143
6.85803707788
6.93855741018
6.94515640808
6.94743294745
7.06496619657
7.10559779398
7.13059250772
7.13334304506
7.15342195607
7.16677783313
7.17620852884
7.19198961434
7.22524858815
7.23460808207
7.26388946122
7.26566385402
7.3008593905
7.32515225897
7.36258472775
9.45079324379
9.74258059977
9.80383102842
10.0216738939
10.0637007639
10.1928844533
10.284020331
10.4247738789
10.481035934
10.5468101661
10.6750919808
10.6852633581
10.7303769112
10.8138363162
10.9373142035
10.9948476483
11.0241066835
11.1920305884
11.265119592
11.3308832838
11.4341141148
11.4741775445
11.564248934
11.6947757324
11.9284324895
12.0198455216
12.1044010888
12.2354000568
12.2824154335
12.3156154296
13.7329659449
13.9474457439
14.1105342575
14.2549094972
14.5570332346
118
