6.0027459428
6.01425138761
6.02630821691
6.03067833379
6.03848859499
6.06638534145
6.07394695017
6.085930744
6.09350158657
6.12582878229
6.14939413169
6.1556148617
6.16212611256
6.18160146146
6.19126547187
6.20237604658
6.22794521016
6.23710098944
6.23983686307
6.24431735264
6.25218559209
6.29404760532
6.30022526159
6.31080072721
6.5049870389
6.52367531126
6.54992685812
6.56410316974
6.5764668991
6.60982815497
6.61827452989
6.63039176202
6.63197103611
6.63456433649
6.63666006712
6.74239920256
6.74928857567
6.79147163318
6.83742224855
6.86886542798
6.91384469835
6.93586502438
6.94771691234
6.98462506316
7.06101267187
7.07251628307
7.11942171289
7.16885068537
7.19814205109
7.21749637288
7.23769394706
7.25238974332
7.32188317945
7.32408803846
7.35272252283
7.38753340653
7.41321788876
7.42618934452
7.47011874542
7.49424268845
7.50805252055
7.54832075331
7.57666994149
7.63539045874
7.71609525658
7.88682971206
7.90420103152
8.44666735807
8.48255311037
8.54996866699
8.62489642365
8.72801201638
8.754248102
8.83605664475
8.8567322665
8.90233428537
8.97534709286
9.19400075655
9.28802564518
9.34626952682
9.38845010791
9.40768818007
9.46793180703
9.5429429978
10.5725382179
10.6226723978
10.7051041679
10.7410687595
10.7504151181
10.9253080143
10.9736570066
11.1290444485
11.1364877508
11.1959709998
11.220472931
11.2529667719
11.3103830709
11.5493600446
11.6444498086
11.7552528601
11.8253775651
11.9115973102
11.9824572366
12.0817281193
12.1473755629
12.3352674187
12.4672799193
12.7333354392
12.785362174
13.189769918
13.3012973646
13.52614092
13.652030438
13.6772511753
13.8730171382
14.1844715918
14.2600000169
14.4154944942
14.8052438887
119
