6.00324372547
6.01385879006
6.02912794131
6.04911572522
6.05666284714
6.06244658475
6.08720640882
6.09913063847
6.10426932225
6.11596732552
6.12068407402
6.13317934462
6.14467952749
6.14552623543
6.14979378751
6.16283671723
6.16682267388
6.16840357103
6.17350410856
6.17986817583
6.19691151497
6.20249508594
6.20919776108
6.21568333139
6.22571250821
6.2302698489
6.23446184864
6.23527335755
6.24912664109
6.25447410104
6.25972157134
6.27499514687
6.28391925469
6.29273312625
6.30448247825
6.30720392909
6.312774979
6.32327540821
6.42911173375
6.43878327259
6.460705706
6.47014554119
6.48458142842
6.49145911856
6.50903560867
6.51694306945
6.52668870156
6.53598591039
6.54465214399
6.56090100805
6.57204723056
6.58392462143
6.60485447949
6.63240801366
6.63619026288
6.64627241045
6.64754864394
6.69276292069
6.70022489874
6.70782158266
6.7232471224
6.85900768873
6.90556034612
6.9386799477
6.95795136548
7.00981758947
7.03064491567
7.07959377511
7.1388707478
7.16671385565
7.18410334309
7.25621525589
7.27916226948
7.29658778318
7.3113180471
7.39157726614
7.40929648651
7.44256497393
7.4451518815
7.47427223345
7.49696026074
7.51416155014
7.54304225652
7.55660478816
7.70055418945
7.74674996539
7.78307656668
25.5650346107
88
