6.00409073119
6.00790769582
6.01348331144
6.01840696848
6.02572118787
6.03227505046
6.03289350315
6.04748385591
6.08075726001
6.09995535979
6.10501217509
6.11104972317
6.11294958838
6.1173488241
6.11897448087
6.12864510073
6.13885000381
6.15089140233
6.16960942386
6.18892029992
6.19844554818
6.20919868552
6.22300281254
6.2268671443
6.26956247807
6.28172972936
6.28287348217
6.29833513425
6.33248057894
6.35435042983
7.18175192982
7.30638746134
7.33786946195
7.35435565725
7.36263785668
7.38185652055
7.47606924064
7.49122339692
7.52290313382
7.54267364153
7.56778544814
7.6157249177
7.63717442673
7.78623063705
7.79095971858
7.81320480546
7.89338825796
7.89738179191
7.90360824111
7.97228740783
8.12715295448
8.17491747489
8.22389555174
8.32931970994
8.3809330696
8.41109537588
8.44740385155
8.54884420766
8.69888450149
8.76061261959
9.07860589006
9.13923225201
9.18751435775
9.2157689005
9.23501865251
9.33069924209
9.41758613274
9.63785504299
10.0041665373
10.0586192584
10.1592931513
10.2174191209
10.2628298762
10.3716220389
10.4872622796
10.5709098515
10.5787855807
10.6844010603
10.761771944
10.8808710533
10.9405958343
10.9995653884
11.1811222198
11.3006357006
11.3676478771
11.4862842964
11.5363341941
11.9625241041
12.0577046712
12.5605603835
12.6748396786
12.7787832952
12.9678572019
13.0832858536
13.2681008712
13.401233473
16.1571021717
97
