6.0151241549
6.02310736071
6.07733475279
6.08009190519
6.09288546072
6.11249332083
6.11790374081
6.12822412409
6.13106167443
6.13899275527
6.22438080529
6.2323833637
6.24147998082
6.25842808133
6.26052272037
6.27107998243
6.27740622963
6.29029464283
6.30114429389
6.3183056146
6.33027053464
6.34314192531
6.35468051935
6.36265530761
6.37501101368
6.39208953972
6.40071050177
6.42240226264
6.44032567267
6.4536494231
6.46242394683
6.47567608268
6.49853158774
6.51491439501
6.52324623953
6.53004052712
6.53773921367
6.55825715169
6.58143596982
6.60242495422
6.60384007013
6.6299167453
6.64025189555
6.67730758539
6.68807972204
6.70966930288
6.7447051522
6.74662525957
6.75152326602
6.80325287713
6.82819704347
6.85694885372
7.14026196562
7.23571871972
7.47354278044
7.50635450413
7.5809234008
7.60358242019
7.6368277977
7.69446116609
7.72085559261
7.77931171301
7.83557618892
7.88450106045
7.91797449863
7.95845870665
7.99305321228
8.0246903799
8.10398289038
8.12290347095
8.16896270739
8.23308640804
8.28110965144
8.31938063662
8.32983907859
8.34108384065
8.35220320283
8.41120387214
8.418108708
8.43632849163
8.5368727312
8.55800366188
8.6337334163
8.67212406881
8.71343959475
8.8016221427
8.84265989381
8.92255296541
8.97631756623
9.00588343567
9.06433671674
9.09781206335
9.13069192133
9.14837470968
9.15444395088
9.31168999784
9.71043516311
9.74291233546
9.77722112522
10.3388124298
10.3838196352
10.43256711
10.5506421277
10.7263973067
10.7487017818
10.7544984503
10.7673512293
10.8035268392
10.9404865275
11.041760299
11.083758143
11.1847530926
11.2988871738
11.3471613296
11.3922620921
11.4544410369
11.4968150462
11.6430503888
11.7309560259
11.7844790869
11.9601830419
12.1331855758
12.2337696103
12.4569904103
12.6782916448
12.9906566888
13.3559625091
13.4228461899
13.5404081367
13.7139488125
14.0263607011
14.2307517469
14.2489961747
14.3401251915
14.5465662367
135
