6.01058387014
6.01767658167
6.02609486516
6.03723333149
6.03838211968
6.04596236726
6.05271207029
6.05720621818
6.06756531888
6.08204253265
6.09459218878
6.12616727424
6.13674893492
6.13788097028
6.17240011328
6.18961717238
6.20332766856
6.2116223371
6.21426621095
6.22450591526
6.23098289361
6.2364119601
6.23988092863
6.24912420542
6.26738633968
6.28173369253
6.28607478992
6.30154049086
6.30868363388
6.32306106223
6.33979674821
6.35739779167
6.36814005767
6.39947707847
6.41750841073
6.42255336918
6.42791101493
6.4657773415
6.48871485576
6.50372647412
6.50799564559
6.52031715655
6.54299657706
6.58713857463
6.59575687133
6.60189244153
6.61583951835
6.63132067297
6.6430579302
6.65524014773
6.67670445204
6.68708000017
6.70570798349
6.71611739053
6.72752800289
6.73118078383
6.74489469206
6.78171340887
6.7959138869
6.80362892078
6.80546916933
6.81256973374
6.81436376696
6.82753905077
6.82979963978
6.90330406895
6.92848957845
6.95555457048
6.96720957864
11.8769342911
11.9459892984
11.9918233139
12.0505112733
12.2509741974
12.3668546688
12.9400557622
12.9959246867
13.1187036605
13.2632668159
13.6577257326
13.7272303072
13.925465193
13.9649292308
14.034743393
14.4359397846
14.6609943175
86
