6.00262108104
6.01007307905
6.01576542897
6.02636616322
6.03050584379
6.03935108972
6.0474056674
6.05559058407
6.06537476041
6.12949991919
6.13312768096
6.13983901455
6.14703603172
6.14888910603
6.16876583191
6.17751447359
6.18444420367
6.20072055916
6.20148830316
6.2072697913
6.21644818913
6.22368995666
6.23791614791
6.25861684407
6.26797966048
6.27476638049
6.27875584531
6.28478036007
6.29244510742
6.2935378966
6.30254658558
6.32284709275
6.33502967255
6.34557330615
6.35140365893
6.36046694067
6.36525199128
6.36974206337
6.5417576729
6.58285287946
6.59023455977
6.61666476125
6.6224298624
6.64946140343
6.67724994025
6.68887808302
6.70940122312
6.72588368177
8.4590081765
8.52284495762
8.60059976243
8.63119779274
8.68937935207
8.69612266185
8.84377296451
8.90885085357
9.02003570941
11.9499739451
12.1089690992
12.4325340662
12.5743383343
12.7326388881
12.8100881559
13.0222014692
13.2130816814
13.3018838138
13.5456365535
13.8302051237
14.1130575577
16.7286666222
70
