6.00363242335
6.008451842
6.02008917576
6.02709984703
6.03619732021
6.04710816398
6.0624880821
6.07310576775
6.08270284401
6.08620700762
6.10692883724
6.11844391148
6.11946620181
6.12117300114
6.12745466746
6.13279958995
6.14195402055
6.15053390554
6.15964740877
6.16505023827
6.17003439963
6.18514734445
6.1924111787
6.20885963694
6.21247441766
6.2296387316
6.25655002322
6.26543305983
6.27446328012
6.27905317285
6.28980129855
6.30519290121
6.3151618786
6.32335760389
6.3340268668
6.34940683957
6.36601535395
6.37935884893
6.39683285877
6.40911082217
6.43690507157
6.44111538514
6.45195664421
6.45712351904
6.46220573667
6.46770848282
6.48388810348
6.50341562988
6.5251668756
6.55108879329
6.57714797927
6.59922965955
6.6100425711
6.61565592084
6.62631388085
6.63078688086
6.66783357883
6.68953121847
6.71426955388
6.72590749239
6.75652647621
6.81026933381
6.84218848243
6.84391676155
6.87816506242
6.89471820118
6.8983856234
6.91288742304
6.93409419899
6.95519922121
6.9958192954
7.23986229512
7.2585502145
7.29599694441
7.34233300245
7.35494405599
7.39395899495
7.43516171578
7.44996306766
7.4742044441
7.50211090707
7.54059360705
7.63238851914
7.66662914604
7.7087483623
7.72791234734
7.74929853735
7.79417191383
7.89536801368
7.9357856145
8.03424826102
8.09643160884
8.10003508462
8.16461628079
8.21322043176
8.27521199435
8.32063022477
8.34835107665
8.35993070052
8.50361737406
8.56750268107
8.66919516661
8.7180277351
8.7328498865
8.73773325271
8.89972297082
9.06388743903
9.16428573673
9.22095380267
9.37532689499
9.46302724753
9.51825886681
9.60962910464
9.68995409047
9.8138505586
22.8619765169
116
