6.01154296518
6.01490050122
6.02480482975
6.03233181507
6.03876935929
6.04399917472
6.04646143213
6.06424060641
6.06783698945
6.08282810207
6.0962552637
6.11151314107
6.11744417457
6.1183208698
6.1249930059
6.13387566109
6.13676986116
6.15081436454
6.15907501686
6.22212671478
6.23057407828
6.23847127655
6.24237105692
6.25950743165
6.26842242736
6.27157732247
6.71390289384
6.71999518382
6.74669412265
6.76118964687
6.76745961855
6.78973884335
6.79282187827
6.81932417542
6.8504536694
6.88769380645
6.93277061302
6.95912191658
6.97580927516
6.98114338983
7.00672197199
7.05096421404
7.12773859234
7.1631985995
7.21019689774
7.2696973365
7.30369441698
7.34125271111
7.36117255005
7.39925333977
7.40929488055
7.4293147751
7.43229496618
7.45163917723
7.49587316088
7.56987253132
7.58956990848
7.63507907698
7.69942715218
7.7135829175
7.75982249811
7.78237272392
7.82337624806
7.84320769687
7.86521578413
7.89847142956
7.90320364966
7.92476166062
8.0518109723
8.07579207431
8.10656880458
8.16758790108
8.24945682613
8.25250978781
8.30479909566
8.34642774968
8.42300102305
8.58445608791
8.61096858238
8.73328250894
8.75840799868
8.92225044692
8.95133506595
9.1149096991
9.16691112579
9.21631186723
9.24085075529
9.40395305586
9.47398584054
9.51221687948
9.56413413152
9.57252550793
9.64994252999
9.70115685971
9.74953272083
9.77529525211
9.81588031645
9.89046348961
9.95654893011
9.97938444316
10.032431038
11.6738365617
11.688491373
11.7832359792
11.9459142417
12.0081412277
12.3539164879
12.5637647921
12.7178677855
12.8295162325
12.868677402
12.9921669443
13.2702208174
13.6277381049
13.8391139685
13.9298573253
14.0010060381
14.7898810285
118
