6.00778734117
6.01699289314
6.04257016376
6.046222731
6.05847527081
6.06182536604
6.06252541548
6.06656624374
6.06848948284
6.07379327078
6.08422699277
6.09208041667
6.10525079084
6.1093891823
6.11464186593
6.14944743864
6.15315796404
6.16173257067
6.16276001244
6.17027103632
6.17201483837
6.17787375203
6.18247777528
6.18434074666
6.19932102634
6.20466664724
6.21400173802
6.22056595677
6.23389999635
6.23931557928
6.24479479282
6.25967155285
6.26698331739
6.28028240132
6.2847049061
6.30292818667
6.30903787527
6.31292327896
6.34132067685
6.35899323546
6.37177852717
6.37279288311
6.37859843125
6.38397544777
6.39184347927
6.43373325193
6.43925140918
6.45025901531
6.459052478
6.49607368658
6.51130206785
6.51796787217
6.52962394367
6.55849777609
6.56427876894
6.57732917893
6.61857292209
6.62791694369
6.66389505002
6.67950134205
6.71136295667
6.71880851605
6.73834998916
6.75461342088
7.18300520907
7.2236787031
7.2353014227
7.25188657362
7.35214516601
7.35953617084
7.48648845057
7.50343220642
7.54401693687
7.59208899995
7.62030090467
7.66994109705
7.87527228123
7.90941735084
7.92352715116
7.9584216753
7.99989161981
8.10328344121
8.12105552869
8.15686844237
8.19166796862
8.27295351601
8.3371967968
8.35127940256
8.37616852861
8.50266561501
8.51233933862
8.54315434754
8.5537506031
8.64870715086
8.70572677054
8.73189282593
8.76003524005
8.78603431958
10.6092150226
10.6990723549
10.7591244374
10.8025340641
10.9884845428
11.4878125314
11.7356766387
11.9438340492
12.0163681749
12.0297925103
12.0635045669
12.2979284764
12.3982394763
12.4773366946
12.734145762
12.8534705698
13.0731607394
13.3049107948
13.461372678
13.6214641386
13.9029788811
14.0038711917
14.4491421348
14.9560250303
122
