6.00163224845
6.00650233776
6.01386124778
6.01619605722
6.03662402167
6.10731098803
6.11820182916
6.13943032041
6.14703011945
6.15587395361
6.16517156828
6.18733234439
6.20193451755
6.22812540254
6.23395348606
6.25042172308
6.25121023055
6.54872056611
6.57245697459
6.59473993004
6.6050739701
6.62517493308
6.68579580257
6.70894467462
6.71450967531
6.74661005031
6.77147132412
6.80429121034
6.81893616571
6.84623141196
6.86606818589
6.96876007374
7.00004658257
7.00186146254
7.02866113048
7.03874184083
7.06714089063
7.10224781302
7.13700174458
7.28309504908
7.30382810998
7.34206655811
7.36979396312
7.38176898904
7.38715106188
7.39719909354
7.42347303823
7.48826827639
7.51252961901
7.57546926401
7.6111096314
7.67010633371
7.674122459
7.72717859365
7.73318768066
7.74125396383
7.79560315768
7.83871221135
7.90580108923
7.97662189419
8.03068181635
8.06779789415
8.11106290982
8.13762465786
8.14116196379
8.16503404341
8.20565010963
8.24892416628
8.27311032653
8.33455321467
8.37948978099
8.42246953814
8.6423009226
8.7257580811
8.74780856294
8.78975719212
8.83500108537
8.99570781099
9.01005459362
9.02372467128
9.07865262286
9.16003165879
9.33799701434
9.411721487
9.53938479481
9.65623664458
9.73954545202
9.75576193922
9.8027938475
9.83497484152
9.86010859638
9.93779819161
10.0075939782
10.2620469284
10.2976077066
10.530846531
10.5786611568
10.8366231035
10.8662833476
10.8817198415
10.9374474467
11.0288093889
11.6022764068
11.6630897919
11.8096353178
11.9640135759
12.0067699099
12.1581895983
12.4942224825
12.8545152719
12.9636752363
13.1121289034
13.4003092311
13.5335300999
13.8538427193
14.0023245143
14.2646998405
14.7040365695
118
