6.00586102749
6.0183396169
6.02310739901
6.04203784817
6.05380889506
6.05816259738
6.0598036927
6.06379624121
6.06976032075
6.08327573741
6.08658084336
6.09610628885
6.10758612069
6.13781228462
6.14867790917
6.15687389907
6.16713175072
6.17625005753
6.18646457418
6.20539699289
6.21476901822
6.22279801023
6.23468481775
6.24597928034
6.25397046326
6.27204236434
6.2845641869
6.29619336325
6.30893676468
6.32561521409
6.33656315356
6.35948328798
6.36904657692
6.40053934802
6.40909081732
6.42769947344
6.44866834264
6.55633994469
6.56842751029
6.5845096977
6.61656658304
6.62576446958
6.64007564178
6.65626007529
6.66255394932
6.67523100898
6.69996003197
6.86655638547
6.88218936732
6.89834702255
6.90130886359
6.91468882848
6.93269003869
6.94518878148
6.98062029811
6.99039775294
7.00893221039
7.05281886573
7.06111089
7.08880262461
7.12226045308
7.15181088652
7.16918536969
7.18939176341
7.21397768639
7.27077676682
7.30390602733
7.34286871567
7.36535673244
7.39615479819
8.15101222331
8.19230520282
8.9583524216
8.99907066771
9.04866457323
9.11641418312
9.1267242458
9.25052106125
9.28078334511
9.35684217582
9.459796323
9.58692693871
9.65036746874
9.67324916413
9.73901019902
9.85895212011
9.92201172961
9.98968011023
11.0554270495
11.2043300775
11.4729831091
11.6262378541
11.7475011669
12.0329008562
12.2158315719
12.2364437794
12.2810683712
12.3975297057
12.5242885333
12.6257647081
12.6786038332
12.6996303061
12.8579012182
12.9483211086
13.9577880323
14.0800249623
17.7676107243
107
