6.03494537161
6.03672195704
6.04018433265
6.05912418966
6.05991890817
6.06254217538
6.06343575132
6.07702602268
6.09971392268
6.10504635349
6.11750473031
6.12732770188
6.13630830361
6.1473011655
6.14959784019
6.15581127811
6.17540208004
6.20426068436
6.20692679311
6.20860011366
6.21028731765
6.2169602107
6.22413341682
6.26711635164
6.27573579561
6.28514818792
6.2940377204
6.30068764659
6.31065511104
6.3242094302
6.32926575582
6.34863089949
6.36036855053
6.37690366206
6.38982512294
6.39710029335
6.44916224618
6.45883522076
6.46145588627
6.47015507899
6.50370446347
6.50522341822
6.51425739416
6.53158956969
6.54400592297
6.55397725589
6.56518305226
6.57165811482
6.57889870689
6.58938698042
6.6687583006
6.6850765793
6.75856849561
6.76981078424
6.80053992305
6.8206112525
6.84827504252
6.8783258639
6.88961723616
6.91067451407
6.91528778189
6.93286441377
6.95594901082
6.97057333612
7.00220490938
7.02584422242
7.04122090718
7.06008355809
7.0992079361
7.10289640355
7.17783372415
7.19237499713
7.22807431596
7.3514881207
7.36388048849
7.40143273858
7.41595874587
7.42917346751
7.53548359715
7.56924709478
7.57972813203
7.63516601044
7.71811983358
7.73104235701
7.77328794872
7.7913573054
7.82731219135
7.86870292137
7.90162357639
8.05690015486
8.09910347861
8.15470134745
8.20108556758
8.24248521398
8.39183801706
8.42782671122
8.47859466179
8.54113964204
8.65313780007
8.69287658307
8.71303583388
8.79586834033
8.84402357998
8.97260622957
9.07676461917
9.09921801308
9.14857486969
9.20344343282
9.29962550715
9.78495510446
9.80539522647
9.95201370831
10.0724202248
10.189783821
10.2341478211
10.2686902883
10.3881323536
10.4435045724
10.5474381992
10.5603226899
10.7018122294
10.7074277514
10.7530717825
10.8288160553
10.9050900887
11.1345199673
11.1535259401
11.1952254124
11.2337729352
11.2839092348
11.3559435612
11.4124814915
11.5363158525
11.5794673462
11.7087259034
12.0847742905
12.122313325
12.376818887
12.4285383183
12.6700219622
12.8474263431
12.9200296819
148.335640162
143
