6.00220611327
6.00806275065
6.01773978126
6.02635412326
6.03784701163
6.04189676129
6.0492634621
6.07385758086
6.08123430053
6.08426536467
6.09347966
6.09902425948
6.10828455584
6.11408166091
6.12699058893
6.14530508491
6.15517067369
6.1635167284
6.17040176389
6.1784692577
6.18979056032
6.21708665582
6.234070388
6.24427050439
6.25424340103
6.26098488273
6.26951419428
6.2841790399
6.28837580376
6.30203384492
6.3353907861
6.38200362201
6.40668488151
6.42217048909
6.42600251798
6.42748301775
6.43646447583
6.4409964017
6.4591669874
6.48264354087
6.5042052874
6.54996159501
6.63735364706
6.64274439793
6.65454432392
6.6767006464
6.69583073667
6.72627497978
6.74893423683
6.77484781022
6.79006341119
6.79228166863
6.79812600385
6.84414412868
6.85025788741
6.86054951467
6.90265164314
6.92721252111
7.42601815711
7.47598349729
7.49647726684
7.54198947705
7.5792423617
7.66432709773
7.7014674718
7.75036185867
7.76211878727
7.81257266879
7.81933521313
7.8844999885
7.91382159138
7.93701985714
7.95167737192
8.0057638688
8.02382151552
8.09920929392
8.12308223158
8.19534995612
8.2790535507
8.29118296578
8.44813921821
8.49095610677
8.5481775658
8.57004545219
9.14529704796
9.27654410857
9.32995210272
9.41151266697
9.58747837785
9.6857214217
9.72044162626
9.7478585159
9.81464310718
9.86675133513
9.89081370185
10.0018930134
10.7244756593
10.7947033416
10.8575808564
10.9894055152
11.0272323889
11.0797142079
11.2496283844
11.2611291421
11.3469063103
11.4469020489
11.5405729506
11.5773774233
11.6467663934
11.7417204507
11.8731021702
11.9000445623
12.0131351266
12.1006997915
12.2055422859
12.2258004643
12.4321036966
12.6129920897
12.7720128888
12.8335766898
13.2157277096
13.4252044954
13.4643466846
14.2951984744
14.391094045
14.8110766062
126
