6.01316290733
6.02135345164
6.02327140237
6.04110833476
6.04725608509
6.05632259439
6.07287108681
6.08168497609
6.08635359345
6.09475344042
6.09870669098
6.10768119064
6.11143836949
6.1180338959
6.1198975244
6.12457858076
6.13779172653
6.14926723438
6.15511074192
6.16298142585
6.1840376017
6.18946138582
6.19353901158
6.21363822005
6.21662399429
6.22877977426
6.23632611244
6.43275068548
6.54655169404
6.54806544339
6.56352677969
6.57361730638
6.59084877155
6.61274338852
6.66635231108
6.67588883032
6.68499682819
6.72191136771
6.72504474912
6.78249116472
6.81039389571
6.81335475777
6.83946889246
6.84781295827
6.85650583221
6.87374517845
6.89909534399
6.93282898587
6.96122320298
6.9928052424
7.13524368628
7.19578724359
7.258544203
7.28714708743
7.31837442759
7.34633632073
7.44078657824
7.44550146076
7.47637839119
7.50544625427
7.53539536777
7.54969261561
7.59040953668
7.66417682099
7.686345531
7.69911507554
7.72209810306
7.7508180584
7.7697471106
7.80901481632
7.83343132099
7.87695355069
7.90361948674
7.92783495193
7.96025188866
7.98032510391
8.00059835991
8.01428471639
8.04646752554
8.06380444879
8.11836026848
8.14636089541
8.28202315855
8.32655854744
8.35562692728
8.36023990039
8.44610348275
9.14520477189
9.18779228116
9.20395537718
9.31225740319
9.39604359044
9.43766481552
9.47813822531
9.52004930076
9.61685457488
9.69467190219
9.72700929091
9.80483216899
9.82108086577
9.84680519312
9.92475071064
10.0149023056
10.0231633173
10.2543568707
10.439938177
10.5930901981
10.6779128721
10.7458480279
10.8085878872
10.8369535768
10.8747881711
11.0057236459
11.0366653231
11.4793435192
11.505065765
11.6538125965
12.0319872977
12.2061425813
12.3500289939
12.4072034259
12.4282125874
12.5333970429
12.6681993953
12.7866240829
13.3571114873
13.7827891141
14.0519285485
14.1225790685
14.5452350049
130
