6.02535214364
6.04311763617
6.04899812911
6.04958217616
6.05402446833
6.06059281759
6.07729293277
6.07790166553
6.08839600836
6.18971299041
6.19833815513
6.20792574463
6.2499798023
6.2868363551
6.29779955749
6.32216242814
6.62814205652
6.66640615748
6.66793969808
6.72437001998
6.73401320818
6.73878741034
6.74529093244
6.79650259482
6.80706598442
6.80976081646
6.83399670586
6.85218266797
6.91028451403
6.92783778099
6.93335260843
6.9591861531
6.96929399844
6.98741577281
6.99554319052
7.03178724719
7.04315113693
7.05586454475
7.07645590537
7.10379855514
7.11550936913
7.16356476549
7.18859846067
7.20928321272
7.22789044819
7.27598114514
7.3047443456
7.30943823617
7.36233721354
7.36715294909
7.39749212253
7.43217412525
7.46119758708
7.4986867971
7.52960912986
7.53747572125
7.56918289693
7.57306682266
7.61373748023
7.64273200776
7.70007016022
7.75271271174
7.80216809205
7.85164817177
7.87979460925
7.92048673565
8.00468569582
8.01689173966
8.02714431303
8.06738333612
8.13609268317
8.20457826957
8.25129907402
8.33359515717
8.36861716426
8.69245241992
8.71492890271
8.78466228793
8.84832198221
8.90726409137
8.95264275246
8.97538187511
9.06488452149
9.13238034971
9.16622569555
9.16965671012
9.204237345
9.22706187538
9.32698115336
9.33252059173
9.43548945903
9.49751676259
9.59191544246
9.67932309175
9.76618692132
9.92592160321
9.99077249945
10.0398937051
10.1418972322
10.2547692082
10.3117101672
10.3610025642
10.366875525
10.4123708778
10.4526809997
11.5237140884
11.5322756224
11.5930717823
11.734394599
11.8117937342
11.8849814332
11.9134578747
11.956153392
12.0637792795
12.114892677
12.1923701481
12.2395661586
12.4036929794
12.5904685032
12.9416163486
13.0124338802
13.1177189703
13.2670573807
13.2884001515
13.3456002386
13.6006616339
13.6578909505
14.0553130827
14.2202970259
14.26508924
14.3852323432
14.8305364322
132
