6.00858807441
6.01581085023
6.01656543411
6.02526980971
6.02806850123
6.03194610133
6.03773169485
6.04108078423
6.06438837403
6.06690795447
6.06798727549
6.07044299769
6.08384302285
6.08732736805
6.10048276178
6.10227627726
6.11419805291
6.1250756102
6.13329636403
6.14660528297
6.15363815259
6.16006324227
6.18512490284
6.19616280861
6.1974186295
6.20103943519
6.21553881268
6.22913220232
6.23559872137
6.24453897918
6.24841054387
6.27486869898
6.27778170193
6.28693039616
6.30013368146
6.31153157687
6.32461661377
6.34215195236
6.34834499005
6.36347127216
6.37618941189
6.39141025169
6.40576632764
6.41598673488
6.43110924694
6.4356087443
6.48364763562
6.55978498475
6.58119228765
6.58465292318
6.59731079711
6.60484580594
6.62793905843
6.66129790551
6.69132086609
6.69428660348
6.70156169123
6.72031702724
6.76722117901
6.76940823574
6.79593603006
6.83155017003
6.8639457471
6.8882478352
6.89522273354
6.92869491697
6.94516715832
6.97264330308
6.99699154889
7.02669156518
7.17608806433
7.1984642124
7.21315823324
7.22692813142
7.28699288049
8.4920652052
8.51410095598
8.5572213921
8.64025922049
8.70372420717
8.80163118525
8.81114765813
8.84124970393
8.9299812684
8.95371713535
8.98452160827
9.0012170139
9.06552611657
9.09930613308
9.18545996787
9.24507482247
9.28217023761
9.31594716127
9.43079671868
9.47269414462
9.60457168954
9.681424293
9.72286872516
9.78630693678
9.85645076081
9.90509077607
10.0183415248
10.1318847954
10.2604298898
10.3697681125
10.4306865046
10.5994185343
10.6334047234
10.7000818572
10.8412647913
10.9198126401
11.0005763423
11.0721575511
11.1106835809
11.2011498466
11.3621542333
11.5127866752
11.6634778469
11.7564281965
11.9360684348
12.0678955282
12.0988733475
12.2012392134
12.4147089251
12.560126041
12.653865751
12.7552900996
12.8970112148
16.0992756617
129
