6.01993775806
6.02830975635
6.03280410854
6.06774581016
6.06824597608
6.08279641639
6.09729567839
6.10099971383
6.10601520506
6.11123416956
6.12199195951
6.12425018491
6.12790738447
6.13216776958
6.14077903575
6.14925491402
6.16509231121
6.19836142223
6.21340805785
6.22476218535
6.22733369564
6.23242462284
6.23772451379
6.26606168596
6.28059426209
6.29360609504
6.31426879692
6.34368345419
6.35657752341
6.3729481762
6.38113445775
6.4114070953
6.43809918942
6.47238028812
6.4782505373
6.49562994314
6.53154945569
11.1497282623
11.3011182439
11.4218585883
11.5733471311
11.5840484308
11.6710308397
11.7335168615
11.8724823365
12.249728942
12.4135829402
12.4639205581
12.5516250586
12.590439479
12.6989616043
12.8513254378
12.960498543
13.9030591697
14.0776407553
14.3595358701
14.444064071
14.6236021884
58
