6.00928666362
6.01834061739
6.02841901224
6.0303805123
6.03795677903
6.04789433622
6.10551353619
6.11338928878
6.12238430429
6.22679644388
6.23759639326
6.24189152304
6.24426721307
6.25686242545
6.26898295208
6.2744732758
6.29003269864
6.31048696049
6.32210433797
6.3367103399
6.34661745591
6.36478978201
6.39370996798
6.39754134045
6.43252862675
6.43962743716
6.44194829335
6.45722769092
6.47442172058
6.48264613428
6.48757320872
6.49411322253
6.49934523346
6.51385161142
6.52139313736
6.54007551947
6.56118912993
6.57153389907
6.64273225366
6.66734585161
6.6894751758
6.7337963631
6.78248026667
6.80907428998
6.85560780151
6.86246782902
7.61045873871
7.6322941072
7.65306376873
7.67528820443
7.69666974321
7.87775757111
7.92969776061
8.00441546469
8.0161610706
8.02634370844
8.05661025152
8.10815036269
8.16676690197
8.18017533726
8.20823739926
8.3279906782
8.38791146713
8.61069119427
8.73278886646
8.7910606339
8.85925473475
8.9254097762
8.99346947166
9.04981826075
9.21141756458
10.1788673439
10.2290428279
10.3686125421
10.4242597454
10.4719043612
10.539574164
10.6290007818
10.7071557917
10.7839949077
10.8645535646
11.0501058653
11.1884277912
11.4993611042
11.5398512991
11.6156600583
11.8332726572
12.0320824666
12.1508656264
12.1603502326
12.2404652176
12.3416528766
12.5364070638
12.6699407569
12.7555118674
12.8045551994
12.9179688731
12.9500872973
13.0725564466
13.0879433668
13.2590844654
13.3217402559
13.8348925471
14.3867986724
14.5917396863
105
