6.00625739509
6.02374089497
6.02733673771
6.0496179859
6.0521738204
6.05614956738
6.06422014635
6.06894739058
6.07207517678
6.07859030676
6.08114908174
6.0887129984
6.0959399012
6.14009428973
6.15575547089
6.16166665131
6.17106660575
6.17498993569
6.191308359
6.19404550736
6.20047422725
6.22354225651
6.23726917965
6.2479277171
6.2647357558
6.27299866818
6.27902480085
6.32043683087
6.43164119212
6.45860149298
6.4821633936
6.48901265819
6.50026385588
6.52214445123
6.53352492719
6.55089945473
6.56732117879
6.59401644266
6.602662321
6.60867659541
6.64263987778
6.64732763765
6.68760688132
6.77139841152
6.78864689297
6.81787953926
6.82190781222
6.82878581059
6.84089680121
6.84778415316
6.85994958035
6.89504641331
6.90480682818
6.95793516819
6.98076083051
6.98866176828
7.02387854451
7.05995738169
7.12369009151
7.15893213269
7.19750578326
7.23825280013
7.30612563637
7.33097846793
7.3340603551
7.34680913324
7.36577454902
7.41064704353
7.43922076302
7.44923713918
7.47991567523
7.49637666807
7.51517119158
7.51745280432
7.55129717972
7.60757175868
7.63766744221
7.71879821156
7.74429714715
7.74676220251
7.76971501303
7.77353256208
7.80538890323
7.8208305796
7.86121834343
7.89204139405
7.95148856787
8.14876804996
8.20198297584
8.20869079077
8.26835328865
8.35563924971
17.5495412006
93
