6.01856603188
6.0535426672
6.05904294652
6.07030934432
6.08208194434
6.08393842107
6.11667071851
6.13387877369
6.13593655137
6.15417523279
6.16242976253
6.16894698119
6.17612485464
6.20939721074
6.21758646558
6.22153358207
6.22245340835
6.22653863251
6.31104231798
6.31528732045
6.33820458569
6.34420725552
6.87292716376
6.89654610709
6.9196694561
6.92764138075
6.95213832838
7.0018563136
7.03781380114
7.10173040358
7.15860867662
7.26147112748
7.29874553357
7.30277661182
7.32499421624
7.33554250348
7.35519546726
7.38943057457
7.57152367308
7.67395260431
7.69066015149
7.72390244957
7.76735023263
7.80687845458
7.82840978428
7.85415181953
7.95444714349
8.13336615848
8.13740447347
8.16084237902
8.432547345
8.50703503806
8.54485394212
8.56896205703
8.61501495039
8.63690146671
8.93545544149
9.06538176582
9.08314990985
9.13992223024
9.16646192057
9.30008871792
9.34771713058
9.37507875512
9.43061486462
9.45681583258
9.48695823566
9.51253521659
9.5621385726
9.57839977693
9.66485735152
9.72146138886
9.91531502096
9.92480335109
10.0951242368
10.1718139726
10.1779915774
10.1939745714
10.5058286433
10.5601036249
10.6728525052
10.775193003
10.7915361013
10.8315726765
10.9904760926
11.0577854444
11.2614319783
11.3592272183
13.1970860542
13.4577276106
13.5450035371
13.7634084616
14.0286062828
14.4866709902
14.8585720288
95
