6.00645473015
6.01289244019
6.02452896989
6.02996289819
6.03100760203
6.0331636411
6.04048236303
6.04182661016
6.05668351342
6.08188243523
6.10172988541
6.11411604663
6.14621610025
6.15172812244
6.16049823537
6.16888743366
6.17444229721
6.18079112069
6.18878921482
6.19149121422
6.19813157027
6.20264977724
6.21308840601
6.22470671006
6.23414562223
6.23979206123
6.25452140021
6.27626092927
6.28232434952
6.28801667753
6.29014631495
6.30511090957
6.31225708214
6.33380988136
6.34775872976
6.35521057341
6.35659499261
6.37067175791
6.37928923168
6.38463162209
6.40815934897
6.41668356938
6.42792756136
6.44765254088
6.45390848792
6.47509918863
6.49737752797
6.50086781192
6.51966375427
6.52510881388
6.52795056589
6.53872858117
6.62033732354
6.63909844168
6.65688294067
6.67297100593
6.67787488943
6.68235385782
6.7050313622
6.72164532959
6.97574682011
7.04102742924
7.26310226603
7.26916945931
7.28516166492
7.41107737985
7.42903703547
7.44445048568
7.91630664015
7.95836158682
8.02297465733
8.04467346998
8.04958455195
8.05480483116
8.14522212383
8.17337730005
8.24666195791
8.25072299129
8.43379009799
8.48474841398
8.52439766114
8.54115203438
8.57900743518
8.61327770065
8.67613458133
8.69633828836
8.76912404025
8.82263118877
8.8641244596
8.88366893696
8.9070889383
8.9424469026
9.12426226674
9.15245201074
9.23519342838
9.30242944703
9.38139110038
9.44953137241
9.57505834154
10.1226150633
10.1748093906
10.1865256261
10.2673261321
10.7136313159
10.7429383303
10.7906917545
10.8554401882
11.4517184289
11.5014272366
11.678638845
11.8026853578
11.9536061449
11.9952426741
12.3036668391
12.5130059897
12.6897147693
12.7397604946
13.1240632015
13.1448853282
13.351825553
13.5693277987
13.813948735
13.99994239
14.1396852781
14.1651196998
14.3867284322
14.8025095561
127
