6.00155792711
6.01125539956
6.0134435908
6.01844075209
6.03894413413
6.04328846469
6.04819851885
6.0522795976
6.05913254408
6.0659145904
6.07831188994
6.0985720041
6.10824042526
6.11110463587
6.11723949569
6.12953856807
6.13582064972
6.147088963
6.15608294305
6.15760997827
6.4390715875
6.45337689613
6.4579868035
6.46748863821
6.50135093035
6.51162745319
6.52120777437
6.53025649735
6.56803269088
6.59977206763
6.64352087492
6.64676858815
6.66796721384
6.68445952474
6.69506935592
6.79419997128
6.80514372977
6.84028464224
6.84960185562
6.93160691943
6.95347404032
6.96537035127
6.98248865201
7.61928342137
8.97466827986
9.00783402364
9.06985958252
9.11818352732
9.15304095488
9.27127512758
9.30463537449
9.32631853297
9.36876326935
9.39170723304
9.43672400649
9.46460345209
9.4712570304
9.48771203816
9.56213335347
9.68507710359
9.71930676598
9.90946283095
9.93519237055
10.0391773333
10.0443521158
10.1812173198
10.2389214475
10.2495307869
10.301485439
10.3689688738
10.4593468626
10.5122060667
10.5424280124
10.5629626492
10.5886436173
10.6167715788
10.6583623665
10.7451627039
10.8336344282
10.9437174442
11.0554371567
11.1111327784
11.1976342661
11.2663386676
11.4930530038
11.5039276418
11.61192935
11.6690658683
11.7043597145
11.749055399
11.8778647741
12.1645715978
12.1982384957
12.3942029135
12.5256283367
12.6931743321
12.8109592511
12.9303038756
13.0037493385
13.1680580683
13.3960186925
13.5935186888
13.7461251132
13.8370926169
13.8718815376
14.7024857143
106
