6.01429034549
6.02014214108
6.02233474651
6.06547130802
6.15432870623
6.1657965548
6.1743184426
6.38731097659
6.39388987566
6.40181006691
6.4751026172
6.48031753276
6.50518344379
6.51671928879
6.57535677546
6.5789701352
6.64023097782
6.66795090648
6.68185254557
6.68562711995
6.69347365647
6.70751591953
6.72130260908
6.74049116448
6.74850725797
6.77480952329
6.79131885889
6.80577832885
6.83569908815
6.91304285762
6.94963283594
6.97827622091
6.9839078558
7.00096952749
7.01289983266
7.0474127821
7.0599870526
7.07853773649
7.09172778383
7.0982494718
7.11985319269
7.1396326391
7.15247642645
7.20443757955
7.24227942969
7.25456672826
7.30053779215
7.30425737494
7.35549837108
7.37657191079
7.43251814337
7.48570301715
7.49332027629
7.51650541358
7.60731371884
7.65960087796
7.76029582839
7.77055188688
7.81649585147
7.83891779486
7.85358336544
7.85947600959
7.87717068794
7.88428038433
7.90168383625
7.9228633097
8.01757691656
8.0886113736
8.19489576312
8.24417649913
8.25072418027
8.29154988262
12.965286802
13.0677006283
13.2152947967
13.3395492972
13.5150277949
13.6650991497
14.1470747619
14.3132573421
14.3364651223
14.3997508148
14.5369291948
83
