6.00390897923
6.01404965851
6.02276961404
6.03878769545
6.04556672281
6.06339771238
6.06445186543
6.073196356
6.0748908353
6.07642719002
6.11569886017
6.11968106564
6.12727413167
6.13427153687
6.13764410621
6.1457116643
6.1541592869
6.15793401126
6.16198301013
6.20691067714
6.21679488653
6.22997102428
6.23609446455
6.33647580324
6.34775527056
6.36375137111
6.38276131537
6.4155195003
6.41719248947
6.42132668077
6.42612422551
6.45034328173
6.4583712294
6.52085215704
6.54655126116
6.56608653199
6.60289769061
6.61229595982
6.61995000228
6.64341363332
6.66402618274
6.68581861561
6.70785490958
6.72187638265
6.73974872219
6.74588249849
6.75832866272
6.78832921631
6.80528061344
6.83222053725
6.89556909575
6.91555731563
6.95620579088
6.98801586136
6.99804583519
7.02044602958
7.02546405416
7.06931750463
7.09244288383
7.11114723423
7.11344920815
7.11706766981
7.16377646764
7.16843448943
7.19890053808
7.22614720935
7.25039978828
7.25855637754
7.27343105344
7.28485006854
7.31936321928
7.33734948342
7.40896559115
7.44546939435
7.49713864267
7.54383978099
7.55989471154
7.59878198459
7.64244546578
7.6943725692
7.71853194639
7.76353676631
7.80186268596
7.83197270579
7.89784014317
7.94083863068
7.95275325148
7.99189968733
8.15802782922
8.21428364586
8.24349141925
8.26919675139
8.3207779668
8.4129647774
8.43209091282
8.49031496265
8.53046413447
8.60844561417
8.65771025536
13.3840173723
13.514914937
13.6186006093
13.7124952271
13.8201483814
14.0633010237
14.3426962523
14.6556510472
107
