6.00213426715
6.02103076983
6.02594429
6.03366035051
6.03812764326
6.04730560928
6.05739729745
6.06460763716
6.07164295375
6.07566718114
6.08127749397
6.09011938558
6.14473226883
6.15752567986
6.16645085573
6.17279146404
6.17805882904
6.19653151488
6.20865323677
6.21905246348
6.22379504885
6.22985175632
6.27488847108
6.28669283527
6.30458833871
6.31943461268
6.34647413593
6.36465312036
6.37214191667
6.37832938565
6.41811982752
6.42132301282
6.42990390314
6.49340672196
6.50269728129
6.51453839923
6.51672697908
6.52852106236
6.55314985454
6.56624735998
6.57135718462
6.58375307359
6.59382025987
6.60564545414
7.54158253641
7.55506818439
7.60900055537
7.64073430729
7.71398372931
7.7175714053
7.8224605363
7.86462280021
7.89062000443
7.90447454462
7.94674561758
7.97114181851
7.97425015032
7.99793546355
8.09935989328
8.13404954321
8.17350033909
8.17740604273
8.26520704649
8.28992428741
8.3479290359
8.35414043513
8.35817730464
8.45377683661
8.50350659374
8.5724134304
8.62993456937
8.70603653554
8.71641809076
8.73807252156
8.83180273676
8.92170963018
8.96249644629
9.23922774357
9.26635071196
9.33717639949
9.39073874998
9.63618993101
9.76341765916
9.83300397513
9.98741340251
10.0487788006
10.1095753812
10.1141718473
10.180078962
14.699646004
90
