6.01158398751
6.01214785063
6.01281703132
6.01407853934
6.02401040263
6.02730601239
6.03134250126
6.04574746206
6.04955405385
6.05566456754
6.07102076666
6.07669808895
6.07934413836
6.09509330337
6.10618930711
6.11055865385
6.11130585781
6.11913220818
6.12239593719
6.13664381651
6.13956606399
6.148020977
6.1631931048
6.16897464866
6.17876853977
6.18700756128
6.19384454929
6.29954125538
6.31555982588
6.32103731282
6.33714589261
6.35228006844
6.35892298225
6.36326941175
6.37615425694
6.39603476538
6.3976504453
6.40966293042
6.41238287398
6.41391458878
6.42727279623
6.43840947887
6.44398084063
6.46004187227
6.47120888545
6.48518594561
6.48695271553
6.50689357717
6.54135013357
6.74528576246
6.77370964067
6.78038883587
6.79051397196
6.82020678849
6.84359816429
6.85307262906
6.86161218006
6.877245875
6.88623982288
6.93129241367
6.93598353503
6.94414687248
6.96435121003
6.96707364105
7.00162357152
7.01152503456
7.14352275148
7.18389303843
7.2478765418
7.27809188764
7.30664691119
7.34139441589
7.39613141209
7.41975331627
7.47634892582
7.88566201213
7.94426443217
7.97073603386
7.99873250834
8.05964948816
8.09947510447
8.24844130231
8.30117780997
8.31612158184
8.36445357655
8.42221303282
8.4803564102
8.54566610026
8.54913985114
8.55437307331
8.56232317218
8.63270967786
8.65629313848
8.68153131264
8.72370962249
8.91848267612
9.00958525265
9.0383935255
9.08042419678
9.15010439805
9.1918181836
9.20384420314
9.22785562514
9.27776637323
9.75905554618
9.78650169708
9.84883669935
10.0155791949
10.1722587739
10.1770443687
10.2223321821
10.7112909378
10.8555385785
10.9581782704
11.0294231162
11.0867662414
11.1085788441
11.1880671464
11.329291393
11.3362972571
11.3485955434
11.4923419415
11.6199650782
12.0658048459
12.1440545684
12.8243324797
12.9688002835
13.1937253748
13.2745789974
13.4866020945
14.9834166596
131
