6.00584616989
6.00992206278
6.02139026792
6.02303808911
6.0311159285
6.03716878845
6.0622512537
6.08313615611
6.11549111714
6.12455139334
6.1305813704
6.1502603753
6.15693293591
6.17941883006
6.18743043953
6.18826860652
6.19540932757
6.20454101975
6.21609400613
6.22358604177
6.23199536712
6.24429390369
6.26680600428
6.28153381337
6.29319739797
6.30939593286
6.32631556576
6.34388784771
6.35823201525
6.63981648739
6.65472435423
6.80679646552
6.82527100434
6.82716653582
6.83272093251
6.84776640505
6.84932199667
6.86895295722
6.87959424285
6.90605827614
6.91732485366
6.93723090244
7.13268382
7.16793818063
7.17338406148
7.18997173864
7.21789685167
7.23604608874
7.30855621214
7.33909576757
7.36283405114
7.39059136159
7.41362582619
7.46284717743
7.49066351899
7.50079058375
7.52407322121
7.53936059216
7.56483837302
7.58432442986
7.62108986579
7.63732242521
7.68137843486
7.70407853994
7.74261385342
7.77347786657
7.83525982288
7.8448580046
7.86941652127
7.88991740954
7.9544090174
7.99254685856
8.01306799267
8.03999763534
8.07675993484
8.17901331079
8.18711322251
8.55030238258
8.64406313387
8.70453762866
8.76005761273
8.91339539059
10.0752495453
10.1051961757
10.1516165799
10.2608838382
10.3250621757
10.5051371357
10.6425738202
10.7255723805
10.7384814141
10.8123792427
11.1939095652
11.2580739308
11.3714526331
11.5040845046
11.7930406972
11.8855584772
12.0939820618
12.2976458085
12.4046423572
12.5130913489
12.5894171141
12.8659221337
13.0621978685
13.2266348528
13.2769962573
13.3773761296
13.5726308295
13.593314805
13.7203073401
13.9149291289
13.9256879262
14.0318457782
14.1134883195
14.2603200719
15.0274097404
117
