6.00448409066
6.00653579225
6.01406502672
6.02277390805
6.02729720865
6.04189718581
6.05240581576
6.06880320952
6.0749301858
6.07991335879
6.09619259583
6.09839157929
6.11170641009
6.11945554125
6.14834866468
6.17146676062
6.18729906088
6.19356086003
6.1942658141
6.19926351622
6.20015134246
6.22483886839
6.23648607638
6.23773808286
6.24642705252
6.26038124761
6.28209558569
6.294466619
6.300117535
6.31364481608
6.31903993759
6.3299716999
6.3454774071
6.35608164322
6.36656776306
6.38418644307
6.40199988181
6.41490221108
6.41844031594
6.42320889172
6.45003044337
6.52820508517
6.5333606532
6.53456719389
6.53731636182
6.54989134067
6.55606912572
6.57585205841
6.63775082927
6.66255650061
6.69192794531
6.70445959502
6.72942464489
6.74125884422
6.82529098965
6.87372807282
6.87567577858
6.91018588453
6.93970556764
6.972892496
6.98712593682
6.99985611228
7.0229587718
7.1325434071
7.2440188226
7.26009938138
7.33321737931
7.38167075072
7.4314359276
7.48760041425
7.51659167449
7.55959576645
7.63792989677
7.69294839854
7.7542563171
7.82085857859
7.83638644736
7.8723014264
7.91289173161
8.05008568574
8.09821348077
8.1370332159
8.21623658586
8.21974569777
8.24765705594
8.32722571868
8.34364801963
8.37541005233
8.4356659091
8.49009689506
8.5255456032
8.54934209011
8.61108506091
8.66050886203
8.73511224612
8.76375470613
8.81889318049
8.89235997129
8.9497420953
9.06958351943
9.08853831971
9.14259764632
9.20200817823
9.24371359462
9.29231003204
9.3316811139
9.41132546788
9.4919678585
9.51781473708
9.55319096458
9.62338295778
9.66198258355
9.76323840452
9.86982710311
9.913933326
9.95984651101
10.000727431
11.1095429507
11.2163904916
11.2777894481
11.4493752747
11.5230230857
11.5413192287
11.6779989127
11.8317965449
11.8408162316
11.9386823031
12.0538171343
12.1299574964
12.2936303449
12.4055013031
12.6511234232
12.7306173928
12.9303748586
21.7344850049
135
