6.00916527909
6.02012537663
6.02522788815
6.03153787073
6.03696713994
6.04124841003
6.04704429315
6.05125040662
6.05373236431
6.05702306526
6.06489431413
6.07670023518
6.10350398345
6.11464720771
6.13040234681
6.1429757611
6.15767856977
6.17052206335
6.19825138662
6.20273764133
6.21656236003
6.22815008473
6.25679562355
6.26868705363
6.27115926045
6.27463631705
6.28168338655
6.29680774653
6.30205235396
6.31287149154
6.31452718156
6.32239851766
6.33407195727
6.34917685501
6.36133340247
6.38180363727
6.38711941559
6.40327131679
6.42285210008
6.42926910052
6.44007554786
6.46508009849
6.4677757869
6.54132895209
6.55859131809
6.56935023832
6.59248538363
6.60486321105
6.61566656667
6.64284373617
6.65771439704
6.74878733423
6.78190859991
6.81074351555
6.8230434949
6.84033008262
6.86464195109
6.89491594304
6.92094120937
6.9464602882
6.9937080845
7.02605652416
7.04417410866
7.08685606055
7.10534638954
7.13407449816
7.14583268368
7.15837126657
7.17832500127
7.18838076228
7.19300869127
7.22492670871
7.2786553189
7.28083756168
7.28284192626
7.32503713612
7.39104942169
7.4286070458
7.46032069961
7.49273546563
7.63406405354
7.70964828184
7.78027345873
7.8626117644
7.92218394087
8.12466800745
8.1739420147
8.213436329
8.2537041276
8.57222476731
8.58856177126
8.66612315967
8.78974902407
8.90748155554
8.94539543594
8.96727923605
9.05359026903
10.6517886408
10.7599477848
10.8834781518
10.8970786593
10.9540268823
11.0839545959
11.3198548511
11.4037754855
11.6257211989
11.6822184262
11.9479923751
12.1558043739
12.2860806349
12.3620026393
12.5057235081
12.7542858814
12.899575111
13.0942160585
13.1849394145
13.2088443252
13.3742071361
13.6004257845
13.8964393438
13.9725719951
14.0707693149
14.1818899549
14.3902274819
14.6825918635
125
