6.01883176428
6.0301290966
6.03534362453
6.03694051999
6.04390198971
6.05184387239
6.05852944503
6.05983873143
6.06740647971
6.07703025996
6.08521505626
6.09908875574
6.10488658154
6.10574465154
6.11470799218
6.12172718547
6.14100920409
6.15031696471
6.16172283405
6.16629910761
6.17146310775
6.17724476884
6.18643945756
6.20171471159
6.20707023156
6.28359559946
6.29724172238
6.31519523121
6.32792210837
6.33832283095
6.34404179545
6.39294987177
6.40814924321
6.40940422593
6.41710427864
6.42489947654
6.42622344084
6.43554438593
6.4457717164
6.46072111577
6.46319365404
6.46452714071
6.47584682829
6.48559190194
6.4881758364
6.50683633359
6.51304148261
6.51628204054
6.52305268529
6.54957677894
6.57522851684
6.58080617098
6.58633422835
6.59646698529
6.61772512306
6.62537404184
6.64993722759
6.65538771444
6.67475157765
6.67636177182
6.73063662141
6.74807739722
6.76333610973
6.7835621779
6.80530528487
6.82503705396
6.93375293005
6.94992309611
6.95873754911
6.96265572851
7.00079816251
7.02121430321
7.02792898202
7.03816691551
7.04418842226
7.0578807268
7.07823740818
7.09739708769
7.13322004621
7.14272069884
7.27803484604
7.29803656518
7.32071735681
7.3314570034
7.52289970764
7.53729559648
7.59409393873
7.65086983936
7.76184693848
7.79946645115
7.81977117302
7.85913651588
7.99928191579
8.31588693032
8.38867864525
8.39433753639
8.41416995557
8.48045982215
8.69166042713
8.70309863889
8.77450020144
8.82142287326
8.84701119828
8.88824913996
8.94218521656
9.10551431706
9.22780773915
9.34587541654
9.35786969188
9.38890514113
9.42388197618
9.50015900162
9.77386570416
9.80340924779
9.88962614388
9.91681610553
9.9750163444
10.0786622719
10.1069456933
10.1950616366
10.3538882592
10.4862503026
10.535208326
10.6524392664
10.7242728759
11.1205171733
11.1789900742
11.2777184847
11.3446504128
12.6603316085
12.9082748128
12.9937087668
13.07165029
13.3074205852
13.5078662408
13.6091139305
13.6971892097
13.7693269966
14.073317764
14.1796091463
14.4511597418
14.5226265081
142
