6.00279186583
6.00770614767
6.01424741336
6.03204757419
6.04534920601
6.06077929249
6.06386504845
6.06781981687
6.0718893842
6.08042497746
6.08630198989
6.09205930467
6.23747680236
6.24048546392
6.25371663683
6.26979071563
6.28410927422
6.28598741383
6.29908772645
6.3061725205
6.3071013673
6.3225274089
6.32566067792
6.33955060918
6.37040194454
6.38821319474
6.40037381359
6.41498630426
6.43266221956
6.47372181992
6.47976922225
6.51456403859
6.52142228827
6.52425168508
6.5363118211
6.54435425166
6.55815707437
6.57062806915
6.58587584638
6.59435558978
6.60982848705
6.64050364374
6.64211061003
6.71570319898
6.74949426914
6.76886571182
6.77906367361
6.7959283492
6.82024861082
6.83550950968
6.8520737647
6.86350666926
7.3928127604
7.40738324327
7.4492130329
7.46955685955
7.50076573693
7.50425478012
7.53874038232
7.56588791041
7.60276630823
7.72514946616
7.74131150498
7.79703857564
7.80367715821
7.83870578776
7.86995355998
7.94516993993
8.00610312969
8.10682832999
8.15639006475
8.1614748562
8.28644627526
8.29351679955
8.33891279446
8.34984660997
8.38958723808
8.41765516108
8.4232425917
8.52828357861
8.56339465962
8.6271610674
8.6832732687
8.73993852121
8.7933278616
9.00861908897
9.11623083017
9.18911405928
9.22081188253
9.28227807931
9.3593873926
9.4010608332
9.49499872211
9.5621031647
9.66313955715
9.78861685482
9.89792325858
9.98626666164
10.1285590206
10.2330424135
10.2761450983
10.3157136484
10.449326265
10.5283085463
10.610848999
10.6596459802
10.9364904779
11.2875492422
11.3671388933
11.4007435443
11.5879806389
11.7144151151
11.7239974866
11.9153691311
12.0739419313
12.21864447
12.5616816344
12.6161662905
12.7891564637
12.9007084203
13.0906857353
13.2918062763
14.7523291399
123
