6.00788014399
6.01236269981
6.0158363496
6.0289822907
6.04007187669
6.04624801518
6.05023373066
6.05115401489
6.06342226609
6.06783708772
6.08738039347
6.10084019414
6.10564474368
6.12644233426
6.14625666271
6.15262953623
6.16393336489
6.17077624224
6.18391604573
6.19723165089
6.2647323903
6.33169351336
6.46141727831
6.4738336016
6.49022639595
6.49681508989
6.51891354499
6.54607952727
6.55776103525
6.58434835952
6.60160616066
6.63205850215
6.64289032955
6.6443987154
6.6783954144
6.69694513744
6.73419787743
6.75361960733
6.77885606752
6.79674054868
6.86333282558
6.87740359501
6.8918610964
6.91481251387
6.92344025238
6.9761615263
7.01365137432
7.0217934622
7.05727958803
7.09439122419
7.12091763809
7.12362525766
7.13406727955
7.16452652883
7.16657673351
7.17803730575
7.18385539371
7.22464001834
7.26076396835
7.28671630404
7.32974118729
7.34247387924
7.35470853016
7.37504009609
7.38782798586
7.46756177942
7.47291522988
7.48031582341
7.62354357364
7.64951706076
7.66984995609
7.70882303566
7.74739181727
7.76822614514
7.77908025509
7.84513546527
7.8657953452
7.90575411731
7.96320884605
8.01654160472
8.0774560665
8.13124714932
8.15626729717
8.20835681441
8.27331052899
8.30321569032
8.38500031883
8.51549524374
8.5857175759
8.62652230117
8.63944978528
8.64684653333
8.69296511454
8.70475730931
8.78334207703
8.85260423687
8.9221234216
8.96880028097
9.06463945331
9.11896703159
9.19682651578
9.312469207
9.43137168511
9.54649232006
9.59807487627
9.8753557019
9.94621864776
10.2273410843
10.3062128323
10.3163473369
10.4017216078
10.4221612442
10.6401249272
10.6909436196
10.726828283
10.894212678
10.9327589731
10.9839966391
10.9959824691
11.0975763757
11.2535607005
11.306799309
11.5068221198
11.6905231399
11.831528178
11.8390009088
12.0099046385
12.1774988329
12.3474428932
12.3567863063
12.4406494105
12.5847256686
12.7541493743
12.7827601157
12.8166052296
12.8964665805
13.0624348112
13.0887508241
13.3156587062
13.4022759553
13.4566337581
13.6740338103
13.7534555952
13.8501184553
13.9040503188
16.1194678626
146
