6.00123128016
6.01100646385
6.01744122261
6.02336772355
6.03642382775
6.05328015069
6.06354031884
6.07010014928
6.11428400924
6.12824816875
6.14790729185
6.15110145828
6.15184513699
6.17674565535
6.18735767971
6.19124787818
6.2004614619
6.31126942224
6.32058658686
6.33591642397
6.34156998617
6.370584622
6.38687119431
6.38795234034
6.43076668638
6.45954918196
6.47627877699
6.54496546981
6.5467936373
6.60845369934
6.63798350389
6.64252055347
6.66825926723
6.69258561579
6.79402417615
6.82324378162
6.84895100505
6.86354361204
6.87148816717
6.91276814033
7.09514218231
7.16490743045
7.18922967644
7.22624932717
7.23636414531
7.3037140251
7.33696758758
7.36770091238
7.3704070607
7.38966908667
7.40561532391
7.42465610093
7.71399115288
7.74171927578
7.76274667898
7.81892400638
7.84635438229
7.98749316057
8.0204058889
8.11100928331
8.11524015358
8.15530060724
8.16354736443
8.23159761363
8.26119242841
8.27716850579
8.29582108637
8.33361518949
8.37457335006
8.46996371662
8.5108898992
8.57499750674
8.60718534472
8.66096479427
8.73824343493
8.8099548587
8.81713429828
8.86650848259
8.91923393148
8.94114523324
8.98740867962
9.0110922634
9.11032922172
9.17730995979
9.26223418406
9.34936577033
9.35642719603
9.38460348309
9.40558342894
9.48111188694
9.5020127116
9.53599810402
9.62361497479
9.66213236265
9.7254150316
9.77523687876
9.79759571347
9.81584080329
10.0136339539
10.0630697818
10.1498072643
10.1991022271
10.2327994627
10.2689292874
10.2862796055
10.500816182
10.5609218726
10.6313878878
10.6645125515
10.6714281032
10.741353717
10.7829646666
10.8287258358
10.9709997519
11.1898060197
11.3585245631
11.4893602186
11.5975608014
11.7515940114
13.1296720356
13.3647371784
13.5392018892
13.667594533
13.8113482789
13.8989367956
14.1730669685
14.2995901345
14.3205598595
14.6123697553
129
