6.00993365271
6.02706327298
6.03074108438
6.03438773531
6.03855714854
6.07097426784
6.09805139122
6.10041547432
6.14297105309
6.15195972706
6.15943642089
6.16870004895
6.17512517918
6.1770297573
6.17836304821
6.18720318207
6.19596727099
6.2024761674
6.20764680821
6.21085513849
6.21938702481
6.22103152987
6.23496348005
6.24383740623
6.24597104146
6.27407765177
6.28463654572
6.29287436345
6.29816603409
6.30707124937
6.31640540294
6.33272142651
6.3381366486
6.34905564202
6.35237424053
6.36927986511
6.37065327122
6.38343436882
6.38895488823
6.40602895277
6.42091403237
6.85672060106
6.85898552184
6.90414818198
6.91809726167
6.92272321084
6.93964203878
6.95939088856
6.96694109983
7.02339417985
7.04209589093
7.05519350081
7.06376065998
7.08501190761
7.12599650913
7.14047019084
7.16152741713
7.23269629143
7.26856611527
7.29454918608
7.31409657238
7.43801295028
7.46529774606
7.46920810096
7.49700177144
7.53005062109
7.56120911753
7.58835757725
7.66583910804
7.69824713281
7.71615915149
7.76116152856
7.78862151358
7.86445733246
7.89360942356
7.92506074265
7.96152488427
7.99762273772
8.03013697091
8.08064129148
8.1402379931
8.19921368083
8.24289187116
8.28045043616
8.29979476679
8.36462161443
8.59084048829
8.60078573016
8.63916138464
8.70845165386
8.73168138821
8.88104623738
8.89470701603
8.91770818746
8.9354999233
9.02006132613
9.04140683271
9.14177177729
9.16950983922
9.25792519197
9.3596470726
9.39173175854
9.42827497615
9.48304545059
9.50589370489
9.56686206438
9.62061429264
9.67447932417
9.74751160138
9.80435634351
9.82021129544
9.89705343684
10.2048198084
10.2839272385
10.3770729904
10.4523048067
10.5719476123
10.6338832019
10.7335615116
10.7855590997
10.9014424315
10.9693356682
11.1917915612
11.436202319
11.5055658391
11.5917857166
11.6845054721
11.7601372919
12.1092899436
12.120398561
12.1844637685
12.3291610893
12.4211297424
12.6964095776
13.1071180054
13.2680492693
13.3571157161
13.6028299311
13.7734344462
14.0278974237
14.6142258206
141
