6.00623579004
6.01603387518
6.02551216427
6.02960706791
6.0453848174
6.04663684891
6.05218545506
6.06506177049
6.06929722296
6.0804188208
6.09152690847
6.09709222503
6.10104927497
6.10592379405
6.11736085045
6.12585964376
6.12675749009
6.13086494801
6.13512291886
6.14228488793
6.14508294195
6.15676523781
6.16057398537
6.17697440492
6.19237810993
6.206104012
6.22594566802
6.23337643602
6.24484938114
6.25172854251
6.25377004523
6.26098741616
6.26666502944
6.27640790814
6.28442673182
6.29566693839
6.32644652742
6.34012676915
6.34508828803
6.35466732648
6.37430751094
6.3944539264
6.41013661546
6.42071898418
6.43031924457
6.43371732485
6.45229251687
6.53265677903
6.54429524032
6.55467470292
6.58322795209
6.5863095143
6.60805992756
6.62382969578
6.63398343978
6.64925778791
6.65836146177
6.65971706483
6.68141315534
6.68852693729
6.69098872315
6.70625362905
6.71523097976
6.71708387146
6.80565141583
6.84440373893
6.84638256972
6.85116006131
6.89573131508
6.91214806307
6.93566612043
6.97317439391
7.01715495149
7.02959105842
7.05288464377
7.15103660139
7.17335470511
7.21175037866
7.21794603387
7.25563311553
7.47136121431
7.47493748957
7.6290440132
7.63337757607
7.66266866563
7.71153102073
7.7531759205
7.8012762038
7.82160120988
7.84659993926
7.95780836099
7.97184812094
8.03722470841
8.05078408656
8.11015814008
8.11595626075
8.14046299778
8.18046882552
8.20705970491
8.22775297348
8.27136625264
8.32996844854
8.38619892265
8.41578892026
8.44091566689
8.44870023022
8.60510620679
8.68075056454
8.71160385948
8.7778119213
8.81128847069
8.89284188388
8.92274241169
8.96281642314
8.96824010165
9.0080796484
9.08119303095
9.09766652911
9.10468869214
9.11796988361
9.1612557822
9.20766765709
9.29275818187
9.36994204761
9.4570120739
9.46828107868
9.54290263783
9.62204367262
9.73759563481
9.84297049366
9.9387456321
10.0229001335
10.028186102
10.0990507449
10.1290110776
10.2516264697
10.2572598141
10.3372965164
10.4385233847
10.550908366
10.6171461435
10.6537433877
13.2275229562
15.8918749856
144
