6.00175997952
6.01097893594
6.01240185582
6.01812395492
6.02074553686
6.02731870999
6.03510411789
6.04640799707
6.07191938983
6.08488572801
6.09783850786
6.11035010366
6.12002317784
6.12282671276
6.13141514898
6.13277857885
6.14293906004
6.16266155831
6.17606924827
6.18931938379
6.2136172051
6.2267547574
6.23513350026
6.25714050498
6.26325864362
6.26884712713
6.2750446339
6.29290123923
6.30935976899
6.32207444929
6.32382337712
6.34471859029
6.34772687083
6.35611681119
6.37155100172
6.3790973691
6.38093911708
6.38763487152
6.40461831416
6.41338306314
6.4311284224
6.46314195511
6.46797707271
6.47944872002
6.49300443762
6.5118771922
6.52279546755
6.52833152188
6.53448064869
6.55121301099
6.57944789829
6.58941164297
6.60207182479
6.61886226569
6.64288153335
6.64852372264
6.65315505779
6.65781188817
6.65923486694
6.6729052917
6.69687761452
6.77123731774
6.78479663955
6.86403282269
6.86523526192
6.86677941981
6.90681826196
6.93581212542
6.94723983251
6.9591126856
7.00730420974
7.09183465194
7.11236581924
7.14596950826
7.17397508467
7.19847906732
7.22647705128
7.72536565885
7.74079990115
7.76394311762
7.76851888226
7.79240159674
7.79730799575
7.84320762242
7.84600385479
7.86899596017
7.93480435355
7.94050966797
7.97706782469
8.0014990253
8.05805773853
8.10822314224
8.11077076165
8.13972509138
8.15342345887
8.25659783153
8.28634207086
8.33150697399
8.34517195894
12.1960108599
12.2841531467
12.3769189325
12.7273004266
12.9455884953
13.0110354944
13.1595576832
14.0506894182
14.1736816329
14.3212199996
14.3724076537
14.5593868987
111
