6.01320930632
6.01391472468
6.0227213798
6.02375883263
6.03619363746
6.03821575461
6.04381566644
6.05319707521
6.05520049726
6.05949008199
6.06634166516
6.08599904665
6.09449138246
6.09828223734
6.11133199043
6.1157380279
6.1246742522
6.12771196909
6.12831577364
6.14255899165
6.15357882234
6.16074084158
6.17263843866
6.18259340605
6.19189434444
6.19687112867
6.20028994998
6.22180528683
6.22848705046
6.24763307611
6.30441155227
6.30525723238
6.31154519092
6.31835654998
6.33547960427
6.33868180302
6.36641536151
6.37802433488
6.39356559696
6.43139858734
6.45926912165
6.55795544726
6.56596765477
6.57575824992
6.5778262394
6.58198782766
6.59186203927
6.62859533773
6.65270339977
6.66619584266
6.7662190736
6.8097121092
6.83369382753
6.84986701107
6.87098480589
6.88303466997
6.89907518531
6.90689979905
6.92232734042
6.94424295025
6.9669775218
7.00153097594
7.05360666444
7.06549097214
7.08816200088
7.10330838766
7.14559769302
7.15753411865
7.18822300056
7.21140469409
7.22983625322
7.55669525795
7.63195004942
7.66814252995
7.82240828578
7.8625244413
7.91216602519
7.93572490687
7.94973526846
7.95850716392
8.01905904527
8.0299787173
8.05243059936
8.06866998906
8.10073971636
8.27976218424
8.40983051993
8.43849293494
8.49062409583
8.53867067787
8.58846378348
8.65160954411
8.67468788089
8.70606665118
8.7692056196
8.82502431066
9.64237537874
9.97038006449
9.98823825729
10.0601865394
10.1156781156
10.4586720604
10.6974367069
10.7405650868
10.8436958102
10.8763000205
10.8873434043
10.9389279002
11.2235961433
11.6238701827
11.635405389
11.8170489783
11.927786299
12.5318319398
12.6245522334
12.8617552972
12.9956405818
13.1342192925
13.5945990858
13.8187937029
14.0253895629
14.2775389718
14.5895798342
123
