6.01467137883
6.02963424644
6.03515706845
6.04050326687
6.04769997487
6.05240960913
6.06258418321
6.06968192982
6.07807630842
6.09890842941
6.12578387622
6.1289462095
6.13697217771
6.14705668616
6.15340069348
6.16373120619
6.16779338382
6.17746488994
6.18962542104
6.21125612628
6.21421572867
6.25739922757
6.26182780811
6.27284340382
6.29162972712
6.29807736236
6.30093620979
6.31357590862
6.33368938743
6.33471280247
6.3605405805
6.37200020484
6.37933381198
6.39169880704
6.40061375008
6.42468662102
6.46699182935
6.48120760854
6.49011493589
6.50117892348
6.50444239887
6.51139159638
6.52700161551
6.57592419501
6.61167925435
6.634870357
6.65604376844
6.67528095975
6.6996626192
6.70344451509
6.71556571357
6.72232840891
7.08226344881
7.11688834498
7.13633109366
7.15369313573
7.1799655341
7.20782242261
7.22489578534
7.24780676795
7.28322773532
7.30373697689
7.31976965624
7.36002870269
9.21215699489
9.2515170287
9.28895035354
9.32334553523
9.34931338899
9.43435257079
9.5453010266
9.59383608554
9.66024762535
9.70527511176
9.81405683668
9.84894711049
9.90881907207
10.1389521295
10.2262849672
10.5356697568
10.6056578224
10.7598145773
11.0553899605
11.0696579237
11.1094928014
11.161277287
11.2563836683
11.339535498
11.38587643
11.4024286333
11.4480896566
11.5819905243
11.7235720218
11.8073321763
12.0696962531
12.0896797172
12.1387820621
12.2474175959
12.3633466095
12.5502847641
12.5955790792
12.7695569239
12.8370636242
13.0444733567
13.0593425108
13.929905262
14.2733017527
14.4302383397
14.6081164416
109
