6.00685230623
6.00763594335
6.01323138201
6.01813964013
6.02987371757
6.05382136829
6.06351797551
6.06768990599
6.07045707887
6.07803748542
6.08123950422
6.08419947918
6.08529528487
6.09348191626
6.10515931034
6.10952606611
6.16006151247
6.17247091686
6.20608041106
6.22118538663
6.23405655122
6.26225424541
6.28078481993
6.29033473958
6.30618615246
6.31788548633
6.32738946916
6.42665863803
6.44723024028
6.54031410392
6.55134455059
6.59041182645
6.60106442255
6.60705924169
6.62014037214
6.63447534983
6.6453662669
6.65152515061
6.73847113988
6.7459997423
6.76562329317
6.81076668548
6.83309829319
6.84041909649
6.86816278234
6.89158252005
6.90952458887
6.93349708369
6.93827673773
6.94594320154
6.95139879747
6.95929826879
6.96850423749
6.99460777592
7.06967455528
7.08500910237
7.10987028505
7.11540285791
7.17332635517
7.20066566228
7.21891142988
7.22962974014
7.32108798039
7.35285202416
7.37789572511
7.41198517232
7.47272724198
7.50096067282
7.5306900177
7.54134717366
7.5621296697
7.61016476441
7.65792152483
7.73603017019
7.79205164679
12.0379412815
12.1074882355
12.1932686576
12.2147541905
12.3636863537
12.7849117726
12.8437207967
13.1263960716
13.1452320643
13.1657425678
13.2691090971
13.5392610601
13.8011278295
14.0513532867
14.127964256
14.2570541405
14.7103144725
92
