6.0031682549
6.02003563059
6.02789928751
6.03158342048
6.04391643495
6.05063672749
6.06183219675
6.0724347309
6.07861215273
6.13897624281
6.14167516383
6.15139625025
6.15598833268
6.16677289452
6.1746836804
6.19095585972
6.19793652728
6.20527575495
6.24441675402
6.31415082409
6.35013884932
6.36023795021
6.3701044354
6.37208998623
6.3794495014
6.40100940419
6.4054374555
6.41797111046
6.56075183571
6.57417072309
6.61617025943
6.72699827267
6.75582949356
6.75785211934
6.76348455401
6.78795447793
6.79521364113
6.8092733198
6.83807953323
6.89702896254
6.89992846239
6.91436589058
6.95600741808
6.97370478747
7.03387025709
7.41211067727
7.48827233068
7.51308328429
7.54989835589
7.5687341278
7.58352284996
7.63101833284
7.68308346239
7.70615247595
7.73122756305
7.75762700958
7.82443853194
7.85343261696
7.92420481633
8.03895456085
8.05727661723
8.08883301969
8.13617943109
8.16309230591
8.17227562793
8.88753791192
8.90466320444
8.98695208239
8.99954114939
9.07179921294
9.12748580728
9.1488090935
9.20708043085
9.27789172906
9.38157197937
9.48425726578
9.57725995263
9.68456200718
9.74750726511
9.7660599347
9.77510070508
9.82596496947
9.860803337
10.0547595591
10.0825849929
10.0923648468
10.1048078016
10.1463780013
10.4259512936
10.6696913733
10.6774210267
10.8051537545
10.9572875931
11.0868962404
11.4030186189
11.4930498492
11.547505905
11.6904703149
11.8469212115
11.8811366611
11.9966609883
12.1097180395
12.2249750102
12.3600305032
12.4298393175
12.7756813761
13.181413623
13.3124223463
13.653982541
13.859318661
14.0501961764
14.4118780587
14.4753133623
14.9822555465
114
