6.00359468365
6.01377716812
6.01777958071
6.02693715365
6.03380300162
6.03745103699
6.04749077642
6.05147372386
6.05657175082
6.07205296272
6.07633462968
6.08643895964
6.1018341934
6.11220385987
6.12076074198
6.12886384101
6.15539351512
6.19412139898
6.28405936551
6.28619054037
6.29242334512
6.30427879453
6.31660205272
6.33030646224
6.33459644856
6.35589577958
6.40472932798
6.42072958482
6.45754088574
6.46138570267
6.46528840837
6.47270911238
6.48542009189
6.50311011813
6.56152477956
6.57503972374
6.58171919354
6.58454697708
6.59792650446
6.62137298824
6.63424106143
7.91476311534
7.93641806626
7.98893801514
8.03800332721
8.05582580341
8.08228709129
8.10538202177
8.10809867287
8.41197477266
8.48777945485
8.51125355309
8.5475858745
10.1880714766
10.2293596412
10.4111735394
10.6876591607
10.7667158625
10.8319874496
10.9178117113
11.0565034809
11.1079257782
11.1695827117
11.2488402854
12.4901051099
12.6453394162
12.7243591481
12.8615773666
13.071106518
13.2687260855
13.494552854
18.52535062
72
