6.11019579001
6.12035309654
6.13035452817
6.14013711033
6.1535239302
6.15716140819
6.16398889841
6.17165096882
6.18542714678
6.1913592927
6.19932388333
6.21010982925
6.23696949354
6.24752236369
6.25379386929
6.25813768389
6.27154516712
6.28704014448
6.28829644248
6.31902068004
6.33047520191
6.3453719289
6.34667527865
6.35226480414
6.37101330739
6.39419117325
6.40419720607
6.41255185869
6.43187201856
6.43807429178
6.452633244
6.46830195815
6.48420886737
6.48776011208
6.5006573879
6.53389353675
6.54263191639
6.5552325184
6.55878643157
6.57977032944
6.5862086077
6.63081408805
6.6611602991
6.70074582566
6.70313585863
6.72295998179
6.74010006447
6.75134922081
6.76396066341
6.77660805395
6.78633605368
6.78936917738
6.97477307794
6.99301752976
7.01563134834
7.0571560232
7.11624829668
7.17488972148
7.27218683976
7.33398434529
7.38639045465
7.40853935102
7.4395768108
7.47630346855
7.48732864984
7.55825471927
7.65654182299
8.22470141714
8.27738492486
8.30725575777
8.32713203652
8.33354211976
8.41270500838
8.43725652822
8.46545316399
8.49737117956
8.58443987668
8.77619442215
8.85951599206
8.90378683716
8.96426611644
9.00494176659
9.03794481636
9.55009008638
9.62077334737
9.63147506511
9.64101294339
9.7415485488
9.78156674909
9.82915528147
9.90283353378
9.92535012019
9.99786948288
10.0450123182
10.0790157935
10.1824387664
10.2031788041
10.2094600489
10.2153937233
10.3733292151
10.4029032001
10.4548320452
10.5253776375
10.64849278
10.6850263362
10.8180284309
10.8878461003
11.0091463872
11.2154213677
11.3100529002
11.3843238938
11.4329573064
11.5078835974
11.6175753413
11.6991147743
11.9201583126
11.9975141639
12.1168520421
12.3281451766
12.3366161398
12.4915409027
12.5368004784
12.6375770369
12.8723338111
12.9857108513
13.1558501623
13.4039352169
13.5436233368
13.6066738518
13.6484172917
13.7547949731
13.8271111716
13.8951198211
14.1993569546
15.339199809
135
