6.00107521377
6.00559844721
6.00981346882
6.01568772579
6.02784485949
6.03368167498
6.0449058329
6.04723308273
6.05293699524
6.05700093051
6.06993523493
6.07065937794
6.07564671681
6.35730296378
6.3646148781
6.3790535506
6.38478788339
6.392725842
6.39975262429
6.41081537338
6.41261820199
6.42430595497
6.42545074076
6.43965733334
6.44681329058
6.46105636549
6.48288326288
6.68286941177
6.70048126536
6.7305517965
6.73238128533
6.75764925684
6.77651713623
6.80364696741
6.84986185799
6.86732033307
6.87562499051
6.88628266863
6.90178057184
6.93036567926
6.96618388503
6.98181796861
7.00780533284
7.04465579364
7.39203823096
7.95055989088
8.01323411612
8.05654626623
8.10651707004
8.13139754547
8.14431766599
8.17483771135
8.27459709209
8.36230918721
8.38486254302
8.38973190329
8.46695388764
8.51332176067
8.57918074227
8.63359708288
8.68724457845
8.70623206878
8.74294403948
8.78309863367
8.86947733542
9.024821609
9.07538111908
9.12398513784
9.14317937436
9.2905883501
9.38578030453
9.57477339535
9.63092310795
9.76112360153
9.80030489623
9.91417487842
10.0710554602
10.2091637648
10.3797555415
10.3920725671
10.5621783561
10.712346271
10.7833075348
10.86748585
11.0142156682
11.0231560851
11.0733572788
11.1532002205
11.2757205749
11.4108791316
12.4865807246
12.5038628462
12.5336303556
13.9200716396
14.178763807
14.2345477268
14.5277362801
97
