6.02086011402
6.03186037962
6.04638831286
6.05099189771
6.10955598222
6.11021005573
6.1802010814
6.23143700423
6.2338693737
6.25528328953
6.26346367982
6.28189884412
6.29687439441
6.31058072731
6.31141865216
6.31992780594
6.33484089555
6.34401412808
6.37266554696
6.37780592021
6.42366106064
6.43033075704
6.45417360106
6.4611679761
6.58737599397
6.61437386122
6.64874835138
6.65463825386
6.66354705827
6.66681514333
6.67597279232
6.69388987991
6.6995941937
6.71785803255
6.72496114539
6.72803360741
6.73434005389
6.75353072602
6.75533157724
6.79476462879
6.83112236012
6.84565750405
6.8519137448
6.86718274986
6.88045397663
6.91188141392
6.99183072933
7.02088423243
7.04399064564
7.05713779283
7.07643086392
7.13920174673
7.14729377193
7.28176787708
7.29700560956
7.32267505677
7.3487041987
7.37626365608
7.38423769391
7.40651065145
7.4393303215
7.45305840951
7.5004284563
7.5458731728
7.55517499025
7.58426906766
7.61548858071
7.65769291307
7.68458257983
7.72275274339
7.78004934783
7.81825284743
7.85462388721
7.86390205848
7.8734268447
7.88473360176
7.93638430471
7.95572927687
7.97605643692
8.05863916295
8.07906833417
8.08503196647
8.10771680309
8.17822211083
8.21870007353
8.34621310256
8.37948292444
8.41258219426
8.44734917935
8.56611495104
8.60902730275
8.65043398506
8.6684893992
8.73574503539
8.74145304893
8.75844482399
8.80310388511
9.67717050697
9.76318759847
9.77616265925
9.84180091678
9.9436838115
10.1348934447
10.2105789039
10.2876885127
10.3918562673
10.5888894419
11.0505731548
11.1191388846
11.2268668016
11.30018465
11.3457560606
11.6648109283
11.8112160932
11.9477516506
12.0643804318
12.2475089386
12.3259878193
12.4995945077
12.7178556571
12.8141237838
12.9295708641
12.957241177
12.9861750907
13.128831114
13.2143422118
13.320944316
13.3885066762
13.4016307567
13.4893264814
13.7076273071
13.9779066303
14.0100064285
14.1312994561
14.543360972
135
