6.00470309018
6.00900335589
6.01283668355
6.02088585803
6.0260215214
6.02980739463
6.03537789112
6.09266796332
6.1264415633
6.13588409122
6.1404340526
6.14539819101
6.14957562269
6.15374596995
6.16673519523
6.18749600828
6.19299055475
6.19774550803
6.20226344981
6.21390267672
6.22291586311
6.22758722267
6.24034744654
6.25570137547
6.26017598197
6.26298443113
6.27710056272
6.28697091679
6.29261040465
6.30046640643
6.31362021951
6.3240099491
6.34361743038
6.34499559242
6.35549183403
6.35850522718
6.36752163088
6.40904207516
6.41520566123
6.43230315359
6.44724405797
6.46724578243
6.47934596588
6.49568387287
6.50133655971
6.51079941004
6.54304734202
6.5514850564
6.5670345449
6.57574005424
6.63004807897
6.65034938695
6.65918374143
6.67191038032
6.68586799656
6.74315941169
6.76610809183
6.80399010439
6.82537771545
6.8613139382
6.90478367467
6.92339056278
7.01381378913
7.03829355447
7.1406273244
7.15289231921
7.17006181599
7.23675936002
7.24561940932
7.2978334008
7.3504998833
7.35278649564
7.38726546852
7.56335334923
7.63133325227
7.74524232868
7.80552051611
7.85302214321
7.87925378504
7.96458518821
8.08008261945
8.10838128254
8.16060465214
8.18387148624
8.22525204317
8.27352067726
8.3042350463
8.3935585395
8.42997727128
8.46594113736
8.47960135894
8.53040627214
9.01941424353
9.02332874242
9.84414927952
9.85106203076
9.91685220589
9.98864862581
10.2354494002
10.3434973024
10.5645596475
10.6011150655
10.6338805903
10.6972801682
10.72036193
10.7950909206
10.9628934039
10.9951538365
11.1723271088
11.2652625869
11.2729502554
11.3800780687
11.8061077497
11.9031805904
12.1195476389
12.1388237367
12.2425675564
12.4876803608
12.5494241444
12.6698243716
12.9166323176
13.2154289063
13.3599334945
14.5224382293
124
