6.00440842513
6.01129532129
6.01792627978
6.03216379626
6.04474940036
6.08061494274
6.09426946308
6.10446585257
6.10911661639
6.12064569563
6.14811559655
6.15584758914
6.16465256506
6.17301540576
6.18176004712
6.18849000155
6.23402136381
6.24523346112
6.25251984686
6.26193804205
6.27406248465
6.28330488215
6.32045981786
6.32818254677
6.34253513577
6.34462087021
6.35556618783
6.36639839083
6.37776600136
6.38632361772
6.43754543638
6.45752583455
6.48291749263
6.4871577812
6.50884741364
6.51869048107
6.52723647902
6.54889413685
6.56335659825
6.57698198319
6.59398704598
6.63194042402
6.65321486739
6.67543083085
6.69495189122
6.7191789367
6.72714445135
6.75811034171
6.79034856061
6.80604812684
6.82007710362
6.82634934622
6.87104895493
6.88791895347
6.91059539734
6.9182520633
6.932839445
6.94190184501
7.09590929885
7.1449517604
7.17835679974
7.19078121705
7.19648428218
7.43532378205
7.45712618256
7.47792724725
7.49014577359
7.52757741441
7.56992051648
7.64331949478
7.73898873749
7.8020881712
7.82000987502
7.8381999778
7.89385970312
7.93318108643
7.99141733883
8.01387203346
8.06916715894
8.09610929979
8.14636301005
8.20158810151
8.2759604944
8.36128355144
8.37358669324
8.42854826455
8.43768746263
8.47414585493
8.54232192262
8.56991394503
8.57324416507
8.58325119223
8.58858606183
8.70470019785
8.7702316465
8.79076642978
8.85678377596
8.95796541138
9.06735541205
9.14558022977
9.20795738057
9.25806999372
9.31340837372
9.38265194583
9.45565327678
9.46458189764
9.50495819929
9.51113905369
9.54453826222
9.66165886943
9.68686741588
9.81518222035
9.851813618
9.87652320334
10.0213630362
10.0450531064
10.1035252025
10.2746195931
10.3244581321
10.4034522842
10.439957648
10.4467314882
10.4809540048
10.5912239288
10.8107697622
10.8607435439
10.8829584844
11.0209298889
11.1085334219
11.3066346218
11.4573735384
11.5975703225
11.9390359015
18.6765981189
134
