6.00322013959
6.01589571518
6.02421947555
6.02744774657
6.07349703661
6.08071037069
6.08981302014
6.09436538142
6.10910356168
6.11533730671
6.1221892327
6.12381055701
6.13336985517
6.15557061561
6.15749769978
6.16352165424
6.18350117332
6.19262234639
6.20884067072
6.21189620816
6.213506717
6.22664976706
6.24164805369
6.24833040495
6.25960690154
6.27482138574
6.28612728203
6.29108982735
6.30191423767
6.31411496754
6.32006625768
6.32268302043
6.33112702047
6.33470373691
6.34921071915
6.36239067851
6.36893302186
6.37543777535
6.37685318614
6.39531247075
6.39924042722
6.41585702241
6.43530077252
6.4441925854
6.44960274308
6.46441494524
6.48405895698
6.48990029083
6.49167803799
6.52978227494
6.55114222942
6.56412141224
6.56945557829
6.57769311632
6.58389967547
6.59921785176
6.62012886612
6.63996953163
6.66753576699
6.69270830327
6.70708288075
6.71175259081
6.72801020657
6.74973235551
6.76191293
6.76827955865
6.7862082513
6.79571459691
6.87250855028
6.88925697223
6.91418181745
6.91755470866
6.95926758925
6.99096547003
7.01391925958
7.03902451532
7.06921758255
7.11583129217
7.14067180632
7.16591121296
7.18409030269
7.19596283959
7.21847793803
7.23324901768
7.25688222556
7.30226144959
7.30558123045
7.32195701861
7.3637361504
7.40517225582
7.41678662292
7.42421201828
7.49660078774
7.54291772743
7.57633706939
28.8114847094
96
