6.01025901295
6.02076403944
6.02826164897
6.05762431774
6.06523805448
6.07999669256
6.09501461549
6.09565870838
6.10717541165
6.11341458685
6.11970863313
6.12296381846
6.12436175176
6.13561014413
6.14003301438
6.15559045565
6.17394042464
6.1809126516
6.19620980339
6.19908648694
6.20562726216
6.29891826103
6.3174235598
6.33495009515
6.35266828761
6.38361557094
6.39796466101
6.41490326044
6.45821054867
6.48957337451
6.50717572376
6.52875269444
6.54329636631
6.55994459826
6.58216670738
6.59550922133
6.62083937107
6.63293416298
6.64173639207
6.64459465138
6.81184855828
6.95775103934
6.97376190057
7.41482235174
7.4596511593
7.49141463146
7.55259490456
7.59826332528
7.61405238947
7.64138956775
7.6543392892
7.70612712524
7.76396330145
7.78619272367
7.8320721157
7.86337917845
7.89776030437
7.91049425693
7.96351475977
8.02329955489
8.08050615319
8.08420823973
8.10986820392
8.12357808015
8.15005004227
8.17768787804
8.21426511028
8.25387210803
8.26400269731
8.30964785643
8.33726279676
8.38683878743
8.45006705406
8.89943430717
8.94660503453
8.9771830908
8.98498512513
9.00438873156
9.18223022758
9.26161143011
9.40724439324
12.5524417587
12.6723176411
12.8130518803
12.827701151
12.984696645
13.2318051324
13.4130717139
13.4658841781
13.5644763679
13.6653972703
13.8614324519
14.0337515363
14.2996634513
14.3776125928
14.5178894541
96
