6.04397986516
6.05106857683
6.05368927946
6.05704177719
6.06903503734
6.08847536385
6.0967760117
6.09783411694
6.13938903984
6.14057944716
6.14450083813
6.15358015482
6.17413176351
6.17743559028
6.18873183019
6.20065640495
6.20373426531
6.21801411223
6.22691400837
6.23355109456
6.25267258336
6.26052549344
6.27518537584
6.32496958337
6.3333550536
6.33526597588
6.35415249084
6.35800343323
6.36898583483
6.382384437
6.3841132836
6.38852800037
6.40210079068
6.49250214568
6.49511308798
6.50476385537
6.62172889811
6.65142346564
6.68260881653
6.69430990485
6.70877306335
6.72166502225
6.73867702786
6.75454922469
6.76979267914
6.77932102085
6.79411216279
6.87150950731
6.89730322007
6.92108057492
7.10284194641
8.78460782669
8.83875286145
8.88340407436
8.95908933259
8.97612363241
9.00501036775
9.0324482066
9.07591728558
9.07944690494
9.1596126767
9.19881783922
9.25166895227
9.30032918894
9.36917588273
9.37591358551
9.73772094515
9.79834463823
9.84159025585
9.89076579832
9.97021843357
10.4037778222
10.4902359098
10.5158571018
10.560164071
10.7365521704
10.8364151559
10.9308840902
10.9728583414
11.1329778692
11.1767766556
11.3777121459
11.5059143412
11.9860536565
920.821852638
85
