6.0146294256
6.05489192029
6.05760594567
6.0691352405
6.08003697517
6.08559962489
6.09916732053
6.11685433712
6.13381707976
6.1492837998
6.1568816881
6.15954267159
6.17659018949
6.18209831612
6.19407220811
6.19542932021
6.20659004261
6.22146926052
6.24609969146
6.27395695944
6.31730814597
6.33102109049
6.3378791563
6.35026094662
6.36511524832
6.37573922166
6.38939413042
6.39553718336
6.40736076031
6.41050817327
6.41513743127
6.42666870063
6.60979091985
6.62062531462
6.65158912326
6.66572837126
6.66842252416
6.68088606469
6.6891680406
6.70837018759
6.70978488725
6.7112972378
6.7403084006
6.76515218938
7.03200180917
7.04621787752
7.06723208128
7.07860846896
7.10582063486
7.16302000408
7.18856196136
7.22843997631
7.24706294458
7.2701335416
7.31842298755
7.32721844833
7.35181445198
7.37007955112
7.38639182545
7.39506412639
7.39702758121
7.46831793408
7.53828586242
7.60784953505
7.68116179971
7.70809007334
7.72015840287
7.80277224079
7.81377056406
7.97465853687
8.00633174818
8.05425585348
8.07913943835
8.10344179817
8.14340361501
8.58920610622
8.60723373097
9.22026917686
9.22549145492
9.86211541933
9.95800275558
9.98550829641
10.0677911083
10.0995594615
10.2376605848
10.2839712258
10.3603465549
10.462107342
10.5150460735
10.5880138177
10.6565218624
10.6944522066
11.182254274
11.3094913479
11.3208356608
11.4145085102
11.4700904663
11.5641298202
11.6354866163
11.7041099529
11.7809709013
11.8892370732
11.9005610201
16.0668722361
104
