6.00081376411
6.00830575012
6.01976799524
6.02744100972
6.05609657666
6.06032737203
7.62918932829
7.65130343034
7.67043026219
7.70019673842
7.75126791876
7.79315409335
7.82779292004
7.92768516185
7.96365841965
7.99798102911
8.18942756841
8.23226485342
8.59125615778
8.65387474833
8.65819461196
8.6767993371
8.75854556095
8.80012918959
8.84413703681
8.92739258443
9.07929395015
9.16693615507
9.22154511233
9.25655155057
9.28504964251
9.33565457323
9.40290202729
9.4379897079
9.54058379926
9.56100144126
9.6629865798
9.68500589236
9.75449424316
9.83188521994
9.91538277068
10.036646127
10.1113286953
10.1304081592
10.1415043397
10.1780333634
10.307721975
10.4025247676
10.4158823168
10.5192764394
10.5689824776
10.6729826971
10.7984726807
10.842604786
10.9024382816
11.0032569544
11.2339267351
11.2578198979
11.3252870657
11.332659402
11.5135807572
11.7031578767
11.8911799219
12.5212914396
12.7762544977
27.7623945531
66
