6.00867452906
6.01458958961
6.02085210366
6.0217292772
6.03069511358
6.04051373969
6.05396807264
6.0610655016
6.07664699442
6.08877077536
6.09412591006
6.09500658891
6.10933294367
6.12717473197
6.13166975899
6.14485996662
6.1502114413
6.1635028228
6.17084948224
6.18219105808
6.19759899393
6.20397608818
6.21878268231
6.23311928768
6.24856693262
6.26617107724
6.27862220608
6.29372481206
6.31096669223
6.32551546896
6.3265183121
6.35066812473
6.35650084435
6.36632618228
6.38923392668
6.39554458261
6.39914630512
6.40760877172
6.44202994721
6.44807996933
6.45435503033
6.4614156471
6.47339743604
6.49849395893
6.51542086326
6.51751249421
6.53066717466
6.54659086347
6.55558007007
6.56420724267
6.56562312553
6.60709458883
6.61815880013
6.63055592453
6.64556090037
6.6480663163
6.66162648753
6.6752462143
6.67922436436
6.71121502198
6.74752525716
6.76763109992
6.78114437873
6.78272151408
6.8047936094
6.80980555628
6.8293925054
6.86173154961
6.90936366457
6.9176657707
6.93032406641
6.93248844838
6.93467296494
6.96161598132
7.01204395984
7.10296378747
7.10753323941
7.11724224568
7.13967882409
7.14377883734
7.18899682973
7.19626413207
7.21191443896
7.22869449398
7.28238065375
7.37711157356
7.38570798699
7.41124151634
7.42744845955
7.43882594133
7.47313876011
7.75909841475
7.78061206073
7.80522067021
7.85717586172
7.89623250434
7.91880862409
7.96626982846
8.02339397004
8.04947786761
8.1781704532
8.22374573592
8.42937073724
8.45101248689
8.51646275813
8.52447634663
8.59939255777
8.67649523633
8.72768875367
8.78808860116
8.80714187812
8.86226935644
8.91808874425
8.96977217581
9.12809858055
9.215378607
9.31120511018
9.35116268131
9.35598409532
9.41571011398
9.45289509354
9.47947000626
9.52656030787
9.58289720785
9.61496340138
9.77301743669
9.87076493516
9.92804850892
10.0250173425
10.0441703248
10.0976272938
10.1058327638
10.3815680519
10.4108022377
10.466679166
10.4936578023
10.5502427657
10.6811148951
10.7841797841
11.1407024221
11.2263967238
11.5742464436
11.7746824038
12.0246440204
12.0813991749
12.1762489549
12.2204197587
12.2547249896
12.3652152374
12.4509115381
12.8666565326
12.8928507884
12.9745414383
13.3553051075
13.4092831878
13.4214564725
13.5137025111
13.8145346559
14.0402828238
14.0929929743
14.38715842
14.7035162801
162
