6.0013113641
6.00840811684
6.01905329408
6.02128937368
6.02353025508
6.02519373518
6.0366124002
6.04226111893
6.04967812164
6.07083191183
6.07551863934
6.07665402629
6.08536590263
6.17631581795
6.20456805397
6.22111521818
6.22668383618
6.23265714236
6.25209955451
6.2664329457
6.27139979382
6.29569374635
6.30135668154
6.31045105156
6.32066660539
6.32648524313
6.34292045033
6.35488604795
6.36178913865
6.36919019901
6.38445520479
6.3948330632
6.42621123586
6.49724145193
6.50233056492
6.53089014775
6.53399851101
6.54227006328
6.57827461944
6.5914193617
6.62368519753
6.64265103609
6.67392308681
6.67759702942
6.69434852925
6.70668813201
6.74758675406
6.7562273958
6.78372622513
6.78943766569
6.82931574825
6.88633076368
6.90486808636
6.90859723155
6.92430638545
6.98160221128
7.00492440212
7.01702752308
7.03952549172
7.05367946639
7.08174504994
7.1906399459
7.21447582512
7.2496782205
7.27938783409
7.3082233122
7.3208903449
7.32430119997
7.35753613475
7.45089385611
7.47074291636
7.517452017
7.55843352756
7.57699203037
7.62419609209
7.65878214448
8.29493223434
8.33402500285
8.36414499472
8.45759670786
8.49661174532
8.65040436504
8.70395601565
8.72357764202
8.77840839329
8.91530443803
8.96543581499
9.03585099493
9.08879669918
9.11123254561
9.16437817352
9.22494560077
9.24882191967
9.40874239569
9.44637931878
9.50226568053
9.57535212351
9.62440131736
10.2016496324
10.4174653385
10.719827615
12.5840001601
12.5957130907
12.6197771887
12.6677758132
12.6910793787
12.7429984203
12.8382450325
13.3851907351
13.4566012476
13.6860532177
14.0503575112
14.2057149301
14.5323581764
114
