6.00855363537
6.01657497691
6.01865750109
6.01969985403
6.02268623421
6.02526876742
6.03403707068
6.03806716587
6.04145218048
6.06010512011
6.07461890505
6.07669837559
6.08190781759
6.10489033761
6.10565041615
6.11516189263
6.16963069868
6.17071599019
6.17599583021
6.19850495446
6.2025801504
6.20563979636
6.21223252373
6.21986646583
6.2239758752
6.24991239387
6.25592316585
6.27472349361
6.28982538262
6.29785744507
6.31369588778
6.32660752572
6.32904717509
6.33669914834
6.36657542593
6.3791968796
6.39065953849
6.40093258208
6.42682051174
6.43969783453
6.45376594546
6.47235022677
6.4810661919
6.49591426326
6.5095095404
6.51836229654
6.52052548842
6.52969676731
6.5598451294
6.57210727026
6.59108899152
6.61471446348
6.62076859899
6.63284521156
6.65544125564
6.67058055724
6.69647001676
6.72326255742
6.74945848658
6.76918687323
6.78826786842
6.80866758127
6.8251506601
6.87998237593
6.90661958692
6.93709574029
6.96493292183
6.9689941722
6.9858398896
7.01002906825
7.02822473624
7.04045881637
7.05041747511
7.0563401943
7.09019427726
7.11006397973
7.22663663589
7.27768426736
7.31731963363
7.36517052785
7.38022968407
7.41336353235
7.51620778369
7.54413167494
7.55416898272
7.62793832845
7.65247771896
7.76705412015
7.85036199339
7.86666181301
7.88883239996
7.91237400524
7.96345700806
7.99491833423
8.03434756749
8.07211261166
8.22259965086
8.36700904513
8.48911278805
8.57984570891
8.68924657597
8.84586667382
8.9539819417
8.99145570177
9.15834018411
9.37541992022
9.48434065753
9.55506756737
9.62065208534
9.64636291655
9.72005968568
9.78530035438
10.1916320611
10.5074589089
10.6041983898
10.6259497907
10.6610460215
10.8089031895
10.9388287211
11.0838955894
11.1962854703
11.2655506554
11.3297245498
11.692092246
12.5768171306
12.7356594815
12.9391808315
13.3900880124
13.5833608698
13.6857487396
13.8080663291
14.0226123712
14.037533341
55.0444320494
134
