6.00455702176
6.01337558577
6.01745264654
6.03289637185
6.04037065329
6.04601639932
6.05800637755
6.12119798035
6.12792219633
6.13690466548
6.15539435781
6.16303587195
6.16435426767
6.17687847735
6.18207310455
6.18474434567
6.19131741805
6.20388834745
6.20961198747
6.21953209987
6.23515174806
6.24673808384
6.25951489517
6.26458056299
6.33149035407
6.33523185252
6.49330514244
6.49446045053
6.50002986535
6.5137994795
6.67484760915
6.70625012516
6.71160933266
6.73057020317
6.77687923111
6.78976077185
6.79798905041
6.84429679069
6.85140958236
6.8662562604
6.90251379353
6.93123456249
6.94934530338
6.99869352089
7.04228324549
7.11826952412
7.13673615041
7.20856144512
7.21843702512
7.27555576194
7.29951975733
7.30798401714
7.31709714809
7.321203488
7.34515345002
7.36750545537
7.41011537963
7.4149244058
7.46360538783
7.52509149703
7.53381397975
7.54903652617
7.56593227614
7.65397053576
7.65805456695
7.68034384832
7.71788590019
7.73174303964
7.73989248897
7.74361063665
7.76716948365
7.78083674913
7.85844417014
7.88645194819
7.95417838633
8.00882413572
8.10200971184
8.1778163772
8.21094950863
8.26930546811
8.30955859556
8.32457985676
8.37676770498
8.97798133162
9.01383095867
9.04170743453
9.13031999873
9.18229700627
9.23371502105
9.3161695392
9.4154281322
9.46668482096
9.47902531423
9.48945194395
9.72159956249
9.7757413558
9.80805503721
9.88617813543
9.91538293628
10.0045719191
10.0227357478
10.0994607607
10.1731415703
10.2254793907
10.4757854302
10.6329175864
10.7670366365
10.9128938943
11.0930673824
11.2214034395
11.2453455788
11.3783302419
11.4138402376
11.6569630823
11.8415666677
11.9469904939
12.1530673237
12.3487768314
12.56725757
12.6550961473
12.7489565422
13.0945338761
13.2372929432
13.3501576886
13.6505894943
13.7497416675
13.9182425967
14.1396648583
14.7794118766
129
