6.00573291503
6.01890709617
6.02380160785
6.02498376235
6.03426332845
6.05279773637
6.05355361536
6.05764989917
6.06438548127
6.08280657703
6.13474276375
6.14498878921
6.15360461409
6.16525234293
6.17183621176
6.17997752074
6.18841354689
6.19055772452
6.2083981309
6.21863524478
6.22067966324
6.23115879479
6.23890346352
6.25303782617
6.26798116049
6.28573829128
6.29836833768
6.31024808005
6.32029287004
6.33004735138
6.35185869632
6.35823471719
6.37455061962
6.42287135706
6.42578027675
6.42753261042
6.43228267413
6.43438006598
6.50004256528
6.51723872988
6.63769974829
6.64639558118
6.65230810557
6.70077310843
6.70996746882
6.72074271379
6.72373770229
6.72525309009
6.73958831436
6.75252194434
6.78327012972
6.79113918862
6.82045921818
6.84528084292
6.84912540997
6.87071599404
6.87763537596
6.89790708696
6.90341496766
6.91758363972
6.94204213578
6.97209427955
6.99188659256
6.99425600238
7.00539230478
7.22767761174
7.31815922741
7.34331333098
7.4138347369
7.41769804844
7.43124756716
7.45107545956
7.47023660648
7.49737985267
7.50159074634
7.54551838199
7.56813705114
7.60161134773
7.65966886124
7.6927267324
7.70326552389
7.72350300989
7.7279374872
7.76330331177
8.44011104875
8.46323306283
8.50073583191
8.56195739819
8.70035406874
8.70368116369
8.76110493004
8.79266483134
8.84458578108
8.8556398228
8.90479569225
9.06242177389
9.09796061231
9.15109384426
9.17428294471
9.25088602728
9.2883907262
9.35489748496
9.40002545584
9.45269303978
9.50769351631
9.56321956305
9.62223222896
9.70950097126
9.77479190597
9.78234897408
9.79445899258
9.81787393867
9.8252144355
9.83144619455
9.89608286501
10.3912562193
10.773371046
10.782166772
10.8670060498
10.8734054962
10.8833559937
10.9261037239
10.9562546932
11.0598641907
11.2049014409
11.2549580624
11.2852182244
11.2923090392
11.5210007614
11.6409026766
11.6883202637
11.8834834417
12.2043624922
12.3325594365
12.340993308
12.4787151533
12.5856520407
12.6491221839
12.8769673155
13.4516744844
13.5258633626
13.7539499942
13.9505312444
14.3075894118
14.6239164677
145
