6.00673177749
6.00772185394
6.01688083185
6.02657436802
6.02764632239
6.03436414351
6.03490578921
6.03934743016
6.04019820827
6.04123099334
6.04195744174
6.05188118263
6.06000013529
6.06706918632
6.07541562134
6.07984819059
6.09442530036
6.10276916028
7.12543020516
7.14170181521
7.16652680144
7.21549974062
7.22752959648
7.24373205461
7.29454334848
7.33026838187
7.3970045662
7.40546084043
7.41556098161
7.43285726043
7.5068781969
7.56982900315
7.63269493268
7.67105671722
7.78953728419
7.7977510049
7.82261382882
7.84474050717
7.88263523569
7.8939676595
7.91688425561
7.98058386438
8.01783934758
8.0738192082
8.10786110768
8.16235498648
8.20219436038
8.30211600067
8.37450686586
8.44884537535
8.51708380785
8.562190715
8.632417675
8.74138514708
8.78629775138
8.8958867415
8.96411390067
9.05479284308
10.6787005114
10.9799018808
11.0497539554
11.20324429
11.2819825955
11.7204381921
15.0710447182
65
