6.00248168729
6.00813598603
6.01293291064
6.03320892399
6.03879517371
6.04535545298
6.05386953895
6.06370937544
6.0689243757
6.07084448206
6.0803884715
6.08919126481
6.09928526576
6.11594085078
6.12267630671
6.12337109895
6.12799852083
6.13534186527
6.14269114751
6.15424197019
6.15865524139
6.17878519216
6.19492416045
6.2053217682
6.22031380867
6.22754866203
6.23373736865
6.24112549113
6.25526248771
6.26783579396
6.27528134428
6.64408432729
6.67527293082
6.68254752183
6.70706698646
6.72181823265
6.72993621487
6.75065869636
6.78788070192
6.84504474523
6.86018775203
6.88204638564
6.93542977398
6.95848095706
7.01376403052
7.01664660734
7.02464531579
7.03478707881
7.05695248084
7.07549432562
7.09696012703
7.09979254543
7.15018269983
7.22029163529
7.26413458416
7.30136652899
7.31951321637
7.34153030241
7.35457151303
7.37527823775
7.39674822893
7.39984947886
7.41803724659
7.47679498511
7.53054805858
7.56736954131
7.61276683022
7.65912188328
7.69679877952
7.71834418519
7.75972942398
7.77355768663
7.82019625127
7.85929657917
7.90465302931
7.92671751892
7.9407062912
7.96369166734
7.96644808376
8.04942812706
8.11597894505
8.17351708408
8.19529357362
8.25188881066
8.29458822495
8.32218033266
8.34057968959
8.42195023402
8.44710788054
8.49731067404
8.54187191503
8.59437800428
8.65676579545
8.81265811656
8.87858891318
8.88812091363
9.19337700948
9.21270367237
9.23845244392
9.33129344582
9.37171639898
9.65125204469
23.5817703746
103
