6.01804839826
6.02199303221
6.02589492677
6.03245053031
6.03777912522
6.04539443768
6.05484036221
6.06449452453
6.06552755272
6.06654978101
6.07352185756
6.09266074016
6.0976205624
6.09980604616
6.10446658171
6.11008324237
6.11540146769
6.12448172906
6.13542065273
6.14411634277
6.15265214239
6.16573417234
6.18361530855
6.19874664881
6.21262339363
6.23532682557
6.24006703451
6.2512022711
6.25788268422
6.2933499011
6.30556834126
6.3062179121
6.31750260403
6.3926947576
6.3974059942
6.42990674342
6.45651382982
6.47661549849
6.52293141507
6.5369462293
6.53986503629
6.56043062584
6.56904102049
6.64457577047
6.660960303
6.6819196382
6.68884169654
6.70085910781
6.72689630239
6.75700849263
6.76806087274
6.79371727637
6.80458070309
6.84690625504
6.87246336385
6.89380911186
6.92036911022
6.93999730563
6.98226663748
7.00739386412
7.08013943235
7.12512575835
7.13866337975
7.1600208031
7.17015213299
7.18617698502
7.18837285566
7.21879132692
7.25721842194
7.29213374975
7.31358236216
7.32384929629
7.32956267194
7.3952434906
7.53293896061
7.56457325019
7.59637215889
7.60224459491
7.61258024795
7.65656875784
9.93392170075
10.0494362651
10.3924487112
10.5067644282
10.5620289817
10.7891726818
10.8234499946
11.0604228245
11.101873442
11.3253375763
11.4589331107
11.5627352896
11.5855203842
11.7299424073
11.8496199423
11.9111975375
12.0901032699
12.225781603
12.3710095671
12.5459278302
12.7174229435
12.8672426529
12.9559910594
13.0951773863
13.3349339179
13.345897703
13.4870639328
13.6524163405
13.8001888226
13.9284824006
14.3905102689
14.6113130684
112
