6.00410775153
6.00936806898
6.01470787969
6.02192029313
6.02533107141
6.02698252743
6.02754497975
6.03226904886
6.03564637083
6.03977959572
6.05255745964
6.06077981949
6.06892643867
6.07876236781
6.08250037212
6.09193812387
6.09746626789
6.1377327735
6.14913278572
6.168796515
6.18942745428
6.20100333763
6.21047536082
6.23143840909
6.24011941913
6.24445364838
6.26563201145
6.27753702723
6.28341033119
6.30142760044
6.31564492246
6.32318790919
6.33400575753
6.34569659259
6.35931529018
6.37750375065
6.38834724156
6.38975428892
6.55686737242
6.58310053357
6.59826439976
6.61235989683
6.61694707946
6.64478842179
6.65695902082
6.67596728252
6.68115073275
6.69279539474
6.69543000583
6.69825174829
6.71990049375
6.72613583888
6.72845060836
6.75065508674
6.77102430956
6.81175860316
6.8307546046
6.83991949051
6.84325292876
6.87330287698
6.8782644378
6.89025653704
6.90466960667
7.30836961014
7.32940780637
7.33708489674
7.37188467869
7.3853107224
7.41680130159
7.42096262686
7.44397665224
7.44626470848
7.90172546089
8.3076113303
8.31589482574
8.34152952067
8.41276064512
8.62885438013
8.68416555162
8.69127182357
8.70095626315
8.70958253896
8.78973915757
8.80690260003
8.83526964309
8.85377200435
8.90261191854
9.09942775358
9.12868366007
9.19717503437
9.27293400985
9.63674020556
9.70522950057
9.74371111596
9.78435877463
9.84488500551
9.89886656744
9.93588816232
9.96620849986
10.0478782052
10.1273047929
10.1927112918
10.2606764605
10.3433956204
10.3516371138
10.5027232481
10.5801934031
10.7410084667
10.8325169564
10.9342056666
10.9788516521
11.0557144041
11.1404090327
11.217985632
11.2592411535
11.3995849013
11.5750530572
11.5839920022
12.5402256242
12.5634373982
12.7426330953
12.8218389571
13.3113626505
13.5651173756
13.8328337474
13.9516378534
14.0531259801
14.3847878527
14.4159443429
14.6016009393
130
