6.01179483674
6.01583443337
6.02010151603
6.02358758944
6.04106542314
6.0544094577
6.0576030214
6.06580256967
6.10114030036
6.10840899838
6.11561997264
6.11690801998
6.12209918568
6.12670211077
6.12872495543
6.12953758366
6.13379683198
6.1481242998
6.15528928239
6.16060613377
6.20416781194
6.30957351242
6.31419400714
6.31845052356
6.32014233644
6.3242383577
6.32869578518
6.35673568546
6.36266262129
6.38787208882
6.39636818362
6.41665790342
6.64267624398
6.65554630235
6.67617186833
6.68914248011
6.70825765225
6.72543829234
6.75416689281
6.76032273093
6.76196203719
6.78362028353
6.79833127247
6.83191664495
6.8477267372
6.8499126637
6.92725391685
6.94900441573
6.96072330557
6.99253003391
7.01090489298
7.01304159798
7.05215824238
7.10209364086
7.15569486776
7.1609184496
7.16554190989
7.17943138043
7.19586603487
7.21328142846
7.25322788874
7.28258538126
7.31437493518
7.3845069767
7.40229611491
7.44066259776
7.48853747289
7.50357919926
7.54387759376
7.55748920403
7.58810765028
7.63387065689
7.67188878346
7.6797325309
7.70932445331
7.74274283385
7.7664836822
7.82387259239
7.92198495075
7.96309651945
7.97529935162
8.03475221611
8.09463873995
8.16713712551
8.21028103976
8.23513256744
8.25281842446
8.29696010836
8.35236505545
8.43851291234
8.492020969
8.5212609104
8.54737637395
8.59798882985
8.67409290039
9.13943031808
9.25472205729
9.30725699423
9.44969137793
10.0826050034
10.1509685999
10.2059086184
10.282902757
10.315629293
10.3530644119
10.7308394399
10.7956275439
10.9092885254
10.9358184054
11.0455353582
11.0924400405
11.1168033596
11.1604331256
11.265164595
11.3472821224
11.4101508433
11.4806106334
11.5819795417
11.7069990903
11.7176485128
11.8428984503
11.8520788151
11.8945384442
12.0455854962
12.1386267185
12.1806263684
12.3013354102
12.4262447928
12.5970743135
12.6655158393
12.7055603407
12.7654578293
12.8322714316
12.8539502669
12.9290264319
13.0730733666
13.1608664442
13.2329418284
13.4682875931
13.5549184079
13.807823336
13.876907551
13.9411178406
14.3121334677
14.3269741621
14.3954808547
14.5642676206
147
