6.00095199644
6.00647602367
6.00997204169
6.02719328741
6.03897202217
6.05356160464
6.06374778955
6.06959075227
6.07425248694
6.07796145685
6.0862492882
6.10649669714
6.11807192099
6.12586924587
6.12922943234
6.13364347607
6.14191667734
6.1501979439
6.16024118479
6.17156793002
6.18053690184
6.18992038361
6.20023622812
6.20428592765
6.21022293832
6.24161903394
6.24371818137
6.24837944538
6.28686398567
6.29652328543
6.31436617541
6.41885208041
6.42165820073
6.42945668717
6.43623870623
6.43756340272
6.44766791104
6.46017422398
6.46643207849
6.47750818663
6.48494643892
6.50310417662
6.51239243941
6.52103539026
6.543744008
6.56212093971
6.56913202967
6.59278649624
6.59659922912
6.62688012299
6.63217475134
6.71953148509
6.74536757925
6.74754591805
6.76757239185
6.76937362138
6.78298248204
6.79202210395
6.8374750251
6.88191913648
6.89012612301
6.90756860627
6.91047762478
6.94031274693
6.96319023878
7.92346291748
7.98503277699
8.06323731765
8.14633313315
8.17944085589
8.21851588158
8.50531910897
9.1036883921
9.16561606024
9.21277625063
9.25797719309
9.29141177584
9.41334633814
9.49213854089
9.4962279485
9.60129152396
9.60952092182
9.73487957775
9.77050566114
9.82371479454
9.95040323033
10.6101193445
10.6680747516
10.7988092528
10.8601599271
10.8822983397
11.0014477832
11.1171931938
11.1790924421
11.2580487355
11.3855512387
11.4842983612
11.6001695132
11.6647609869
11.7414405396
11.8453003939
11.963558854
12.0120734993
12.1323047055
12.2668416822
12.3405892299
12.4360054985
12.4888456809
12.687275984
12.7038633661
12.8499936699
13.1147059416
13.1462864055
13.6465541342
13.7996944951
14.2189906046
14.579573187
117
