6.00933005099
6.01660869645
6.02699732185
6.03216527585
6.03690849539
6.0418501267
6.04558594309
6.05981617658
6.06207239338
6.06470332324
6.06853828222
6.08028164166
6.08188297738
6.09464245512
6.11447019403
6.12024713098
6.12824271433
6.13830580013
6.15045117695
6.17135430844
6.17525878232
6.17785639316
6.18642830652
6.18733585325
6.20081613833
6.20984555719
6.21065238259
6.22040846394
6.24672476899
6.25647569491
6.27052119341
6.27756916015
6.29593036428
6.30653655831
6.31795596665
6.32449480923
6.32875915293
6.33313443643
6.34241321104
6.34775913672
6.35755768742
6.37335671126
6.37947478396
6.38217733712
6.38302136282
6.38890930597
6.39310279628
6.4074269767
6.41478647769
6.42578849579
6.43033848673
6.45157065946
6.46706712671
6.47666532214
6.49084127086
6.49806882814
6.50891239207
6.56861484041
6.57887981542
6.59220271455
6.61552070721
6.64527276102
6.65245602628
6.66162802996
6.68605922531
6.70951833581
6.73098135909
6.75448319136
6.77393833134
6.77538267632
6.89528038342
7.02248535365
7.05643879653
7.05832535064
7.0735036659
7.08074982881
7.11271702783
7.118896718
7.13021391748
7.16749539449
7.18583787781
7.3014425287
7.32351528526
7.48517364101
7.49490070818
7.50540393007
7.6724365543
7.68432816306
7.75657432855
7.80819549035
7.89589182073
7.96376426683
7.98537219076
8.01255288508
8.01772404263
8.03699919132
8.13249682424
8.17318292736
8.19450033726
8.30873109751
8.74133111324
8.91814667903
8.94950944732
8.9571071219
9.10953464105
9.15161787269
9.30715139291
9.31445112877
9.37221034247
9.68211219321
9.71358640968
9.7220417343
9.79521785349
9.8991543328
9.9586084851
9.99242427857
10.0276459252
10.1063844632
10.1254351873
10.2117825086
10.2243317768
10.2625661746
10.3715941917
10.4008279284
10.5109722188
10.8678523417
11.0553200595
11.1290515142
11.2236990393
11.2889433191
11.366470974
11.4868961849
11.7550358339
11.8604020228
11.877590669
11.9758024786
12.0185082282
12.0441196716
12.0663252547
12.1094023588
12.1566488241
12.3305394119
12.4138140172
12.4937656619
12.6178730852
12.6963379078
12.91099614
12.965534082
13.4575801267
13.6394140203
14.0845870497
14.285879302
14.7063486884
153
