6.0086761002
6.03226017133
6.0368836416
6.04843902095
6.05508543733
6.0635281899
6.07408401908
6.09228701792
6.09459793907
6.09995830374
8.34248836361
8.38442650435
8.41378757018
8.48379809474
8.56389828978
8.61755859358
8.63175788948
8.68277773645
8.82302865508
8.82781212062
8.84887973375
8.8534720802
8.88172358988
8.90791757856
8.95204438357
9.01226365794
9.04340519537
9.20772774764
9.21443384455
9.30018925475
9.36633321906
9.41484445737
9.45441441014
9.56088185573
9.56935742795
9.79816313122
9.8103914987
9.81821378455
9.89806789152
9.96892545545
10.039598554
10.0815912347
10.1266857519
10.1730072584
10.2865550419
10.5219556024
10.5642740011
10.6847269083
11.7725143724
12.042564646
12.4760720231
12.5348160566
14.6052573859
53
