6.00193513858
6.00754127182
6.01432798669
6.02183156105
6.03158893898
6.0402415396
6.04863697964
6.05327649197
6.05806316506
6.06205088094
6.23259254764
6.23713943621
6.25900775083
6.28256997699
6.29000615406
6.29448262641
6.29559429433
6.31926496908
6.33282847677
6.33795094464
6.3455960409
6.36358705657
6.37015761111
6.39608228105
6.40158096098
6.41079071698
6.41849389243
6.448087016
6.46113026763
6.47055989147
6.48929959233
6.51287444148
6.51818143739
6.5229570775
6.53490185279
6.54065272706
6.54940494227
6.60522064578
6.62924888404
6.64502096646
6.65432574985
6.68045807772
6.6965177937
6.70098173175
6.71469502713
6.72223506821
6.7420549006
6.8241773337
6.83582335205
6.8738599569
6.88992089767
6.90605484662
6.95378549764
6.96008673076
6.98633762549
7.04046641115
7.04698877549
7.07316802477
7.11571969457
7.14583441674
7.16870493454
7.20449343568
7.26380732141
7.29234935418
7.30645087768
7.31438556528
7.32717869955
7.35933043715
7.39421565637
7.43525433853
7.46067089544
7.47833861273
7.52973077753
7.54496539185
7.56362420951
7.58716775821
7.69448676097
8.39075822962
8.55512622251
8.6086713155
8.77297639331
8.82809818716
8.88398195108
8.91866113684
8.94919396371
9.08712221946
9.12617962886
9.15216644485
9.1811022552
9.24239090805
9.31420596981
9.36382839283
9.42536018189
9.50395455979
9.61145227538
9.76567689156
9.77981654008
9.84682573759
9.93634106803
9.97536110746
10.0166769829
10.0983050393
10.1846138027
10.2898079166
10.3083945497
10.6611780968
10.696567264
10.7404762183
10.8138364051
10.9151989055
11.007787896
11.5919820115
11.6512316831
11.7460594314
11.8605443654
12.2184108227
12.2584945518
12.6109249561
12.846898343
13.1390587583
13.4389249646
13.4717162182
13.9974694402
14.260827926
14.3774311714
14.5352514731
126
