6.00637571555
6.01346746365
6.02023364992
6.02096705886
6.03147693512
6.03393408334
6.03609088706
6.04249840145
6.05172556717
6.05942314924
6.06860546183
6.08509564522
6.09447511944
6.09807336634
6.10320129884
6.11486299199
6.13359488824
6.14411950922
6.16614566689
6.17244555615
6.17918046052
6.18774900596
6.20117170881
6.21337301481
6.22414404776
6.22865088018
6.23906159112
6.24818771823
6.25329246934
6.26268070449
6.26835234577
6.27393258718
6.2763963645
6.27706401954
6.29439789969
6.30553119082
6.3070708232
6.30846958953
6.32092772002
6.3260322449
6.3511807794
6.36187623909
6.36281540174
6.37087082044
6.3831282307
6.3999286451
6.40657531661
6.41554012132
6.43591197076
6.45515877767
6.4676584814
6.48633443736
6.50269230547
6.50776693206
6.5185731713
6.52068475417
6.5371677511
6.55684507243
6.5672371924
6.59678596265
6.59914157458
6.60139932788
6.61091474706
6.61410229242
6.6333446672
6.63770509902
6.66113977884
6.67034775243
6.67783184574
6.68751411376
6.70617753215
6.72871932583
6.7688328377
6.79294703156
6.82959472531
6.84680417135
6.87480582715
6.89368126797
6.93345962443
7.18499449719
7.20387788503
7.21596955538
7.23228947678
7.24061991356
7.25302089761
7.25885283728
7.31071759638
7.32264861122
7.36394903632
7.37749440302
7.399589964
7.4111267585
7.43933919353
7.47373606376
7.49248598141
7.54424860024
7.54892669768
7.60554395942
7.62687578516
7.67040235583
7.71884870151
7.73561436277
7.75196233667
7.76877660363
7.83222469253
7.93450545593
8.0055692802
8.01434461393
8.05249835628
8.08737430612
8.14824259112
8.16726992251
8.19322047058
8.24415651364
8.28068970637
8.51705438216
8.73006921444
8.80081934486
8.88911261436
8.96501962106
9.03422355451
9.06076707434
9.60500562848
9.61292133781
9.68194684553
9.72676865031
9.82069113582
10.0282359654
10.1366706399
10.2061347321
10.2930170644
10.367880595
10.5092267025
10.6015248482
10.7870607099
10.8089261614
10.8526833532
11.0093676377
11.0697574542
11.1079817004
11.1501001893
11.3765429401
11.4807128815
11.5319586985
11.5669348439
11.7520978881
11.9360269495
12.035479588
15.9418299252
149
