6.00683523461
6.02295401237
6.02567226263
6.09078410107
6.10078903972
6.10128763213
6.1102766243
6.12365318319
6.13261656885
6.17136479712
6.17726506356
6.19424410885
6.27377803882
6.27513920943
6.27725145847
6.31630966129
6.31817732336
6.36466429815
6.37597929696
6.3826161762
6.44446017537
6.4634037168
6.48863107398
6.53928839361
6.54472790206
6.55131996185
6.57176218514
6.58648447348
6.60214437978
6.60879570496
6.61005676265
6.64797692994
6.69845610245
7.10288447939
7.16692745937
7.22344823096
7.24812244889
7.26681291804
7.287217072
7.31314979348
7.34885468811
7.35082457441
7.36478196662
7.4070022141
7.43976183086
7.44975280881
7.48078708261
7.50010395589
7.52479713361
7.53664888458
7.57515105696
7.61150703674
7.6600800091
7.68503339736
7.71324162147
7.91842915505
8.01275087761
8.04606686269
8.11532215446
8.15816631579
8.19980830372
8.21092501879
8.24394358299
8.27266562124
8.3057730957
8.35370682028
8.38837265586
8.41154075218
8.4370027283
8.46310848882
8.53577463516
8.60505813812
8.6742902701
8.71958303972
8.88095525614
9.16631346532
9.19190286647
9.22545722578
9.31538673859
9.34601236432
9.37298867503
9.46806186126
9.56754814085
9.59794987898
10.0837554141
10.2846545465
10.7026755965
10.9367331481
11.0146082117
11.1460230823
11.3175184855
11.3232233924
11.4281641122
13.098616775
13.1848552452
13.3231763674
13.9026026858
13.925807055
14.2316306469
14.6030934162
100
