6.0096675198
6.01497927749
6.01888820349
6.0381268682
6.04604261502
6.05153288139
6.05584590194
6.06508063638
6.07174127961
6.08343637682
6.08507506409
6.0964467573
6.13871677203
6.17756512243
6.17917551687
6.18779720537
6.19667229668
6.20864597514
6.21333838439
6.21943152615
6.22527459054
6.23531758889
6.24163565885
6.2581679393
6.27369672434
6.28326915745
6.30095836927
6.30508814192
6.30977695796
6.32019632565
6.37960029146
6.45122350167
6.45610061755
6.47889684556
6.49366145641
6.49513850672
6.5022065782
6.51977287376
6.54582585266
6.56681724123
6.57013108875
6.58082524411
6.60016840499
6.620342751
6.6348084505
6.64664922212
6.65697190201
6.6692810518
6.69807689221
6.72742666657
6.75105226691
6.77973946232
6.79677511148
6.83539096504
6.86160760508
7.61649842751
7.72413100747
7.74985888533
7.78840020786
7.82684525851
7.83066927378
7.88192925104
7.93261775598
7.98119008064
7.99823816049
8.03731191475
8.07593886236
8.11133606427
8.14527688306
8.19559889629
8.24718047655
8.26678798993
8.28572330264
11.356169815
11.5617789333
11.7576860671
11.8986114009
11.9479857416
12.1043518975
12.3163821441
12.3496752412
12.4335912195
12.5244508907
13.1812522971
13.2351895265
13.306061296
13.8442546866
13.8583026254
13.9761078682
14.1266719689
14.497738938
14.6789580364
92
