6.00958590869
6.01660375625
6.02532298139
6.03083663779
6.05469730067
6.06028960777
6.06374562208
6.07376261768
6.07697482586
6.08493742755
6.08780909613
6.09280695171
6.10515088819
6.1098721741
6.12224878435
6.13419691932
6.14854943079
6.17164051587
6.17834286489
6.20855366048
6.21443262889
6.23361809489
6.27477147558
6.28169307046
6.2911202681
6.29211307901
6.30433207351
6.30628393923
6.32361911015
6.33782301
6.35463465261
6.36566590972
6.40531090196
6.40890920429
6.41732061994
6.43519405657
6.44247539866
6.46718432794
6.47685278036
6.5650638213
6.58430180004
6.58934334487
6.59960315567
6.60647312517
6.61418592308
6.61889847836
6.6251028734
6.63587568229
6.64919718725
6.66636430992
6.68746343815
6.77943139161
6.80663228017
6.82613528788
6.86073445683
6.90284088092
6.93385189317
6.97451029555
6.98562146774
7.02016010511
7.02210202964
7.0468226532
7.05098812325
7.06092184378
7.08382795256
7.08868759536
7.11586596542
7.19324421486
7.20550943372
7.23728553863
7.25898254848
7.28943145583
7.31257940531
7.40174337992
7.49071750403
7.5397829567
7.57279090329
7.65054556263
7.6992945424
7.89935078375
7.94816236865
7.97321937347
8.02929613017
11.0411089831
11.1530474238
11.2578183156
11.369854441
11.5057284677
11.6476746103
11.6769288649
11.9628390617
12.0470165565
12.2875913351
12.3267738524
12.4330249836
12.7199166955
13.1033917266
13.1724950192
14.5786688578
99
