6.00500005378
6.01335727563
6.01846600652
6.02943715205
6.03363988145
6.04340220422
6.04736257359
6.05513074896
6.06673322976
6.08535556515
6.12622661793
6.13166344258
6.1554736911
6.15625845272
6.15714354544
6.1677608399
6.17265556708
6.18175680859
6.1967124637
6.20067908011
6.21391229008
6.22829969651
6.2395315501
6.2477209213
6.24966516404
6.25468255985
6.26195794953
6.34362406021
6.35138334271
6.35662028946
6.38380623596
6.40842537929
6.40953314034
6.41782586517
6.94350505753
6.95201556936
6.97216187559
6.98364341181
6.98876750512
6.9983419775
7.02125901575
7.04618257113
7.06399684289
7.07389480035
7.09020814429
7.10176761468
7.11913361885
7.12993575182
7.18083002097
7.18814625834
7.20857192053
7.27975761684
7.32690725715
7.36043175586
7.42230911315
7.45460652412
7.46350321702
7.48496408601
7.49556241773
7.53538559322
7.57572968332
7.60579011299
7.63633095056
7.64084474805
7.67922836539
7.73108987355
7.77318030635
7.78864680515
8.00671253775
8.05535458359
8.2336651032
8.27071488655
8.2866826654
8.36547847975
8.38077473142
8.40932773173
8.47672124413
8.51469346588
8.54621713557
8.5873894998
8.63312503851
8.67948471546
9.03859174298
9.42982881864
9.48995711089
9.52374981408
9.90659124638
10.0173757722
10.0353038729
10.0994389385
10.2056607569
10.2478476165
10.3348937575
10.5887875114
10.6254904887
30.3170298733
96
