6.02633715481
6.03618149039
6.04587809035
6.05923015277
6.06226864457
6.07149617298
6.07846908365
6.08976082998
6.09771970853
6.10460835982
6.1217672547
6.12385299607
6.12983779787
6.13739364378
6.16493177329
6.17895381941
6.19015421262
6.20044518698
6.21154030502
6.22095249586
6.2279720131
6.23404948211
6.24577053149
6.25390934126
6.27243642681
6.30004564919
6.31953562385
6.34151890779
6.34841922394
6.35458288436
6.36506088557
6.38086531873
6.38951633252
6.42979312605
6.43579350177
6.45785868825
6.46324702002
6.47398500243
6.4802494379
6.51892815798
6.54882811491
6.58153619382
6.6031070056
6.6211674602
6.63497772051
6.63860298551
6.6672797049
6.69193312793
6.69856434294
6.71288484022
6.71866128842
6.73558308171
6.75957471191
6.77365908913
6.79552680268
6.81867623863
6.83678280991
6.87892543119
6.90414294031
6.93239191757
7.20903056399
7.21089916368
7.23012004016
7.28109236353
7.29439462368
7.40343111291
7.43211517407
7.44332211433
7.50084234718
7.54555705157
7.59086630095
7.67616686598
7.76798631641
7.8097986157
7.82497657409
7.88885596373
7.92541574901
7.98897192944
8.02027821065
8.03395342083
8.06222562455
8.1104329651
8.12613776461
8.18102715976
8.20924856699
8.23654477931
8.25606713916
8.33855375138
8.43218722386
8.46082649539
8.51645382843
8.5620820226
8.68647329105
8.71965368664
8.80085155035
8.87353612308
8.87720104983
8.90609383323
9.01568524699
9.08598134486
9.11279579295
9.16991129595
9.22082862102
9.25826090417
9.26281608553
9.31418170779
9.38713186111
9.42311692742
9.45435700785
9.55768775943
9.57447451805
9.62812139425
9.65315435903
10.2888248643
10.7115332747
10.7477598811
10.9129443986
11.0468292254
11.1448538765
11.339684758
11.3906255378
11.3989675618
12.0200391768
12.1278409701
12.7182598791
12.8426251493
12.8608038156
12.934326933
13.1769290916
13.3852075939
13.4853463308
14.0231582672
14.1785505032
14.3029787248
14.3496059645
14.8503733528
136
