6.00674823907
6.01082305005
6.01970782848
6.02990514703
6.04352289414
6.05096193891
6.0531758184
6.05898681915
6.06398419611
6.06461578104
6.06738660402
6.08610766039
6.11157634462
6.11492296689
6.12124663289
6.13060918825
6.14623932249
6.15158617834
6.16115077279
6.16318683521
6.17177219142
6.17381411042
6.18297335158
6.18845291318
6.19422828142
6.20623030031
6.21540357046
6.24277591154
6.25514798855
6.25911583845
6.26940469973
6.27048235006
6.27545652212
6.2768846609
6.29706912054
6.31229968549
6.31343812508
6.31935081568
6.34768161221
6.3642509248
6.40588528407
6.42358829362
6.43932845151
6.48308235518
6.49990225512
6.57873663668
6.59496689901
6.61790655281
6.6268562107
6.65421743051
6.669211684
6.68363222849
6.70710047643
6.72261116859
6.74399698189
6.76793079769
6.78393837336
6.82536469158
6.82718699346
6.84063007994
6.86001280658
6.88823619525
6.90931994205
6.92913131319
6.94773092699
6.96239556281
6.98660627185
7.02354519698
7.03380293587
7.06138454284
7.06708149257
7.09580681399
7.12235547551
7.17432234203
7.39265511278
7.40824720951
7.44785707884
7.46512951091
7.50684861511
7.55622359903
7.55885790203
7.59547423641
7.65731837822
7.83184324391
7.88515165831
8.0123731982
8.21758965346
8.25955864977
8.29406744346
8.36528512322
8.92522356661
8.93007396944
9.00564805675
9.07892216409
9.13669225715
9.1826042048
9.2353552271
9.29007536532
9.30629320779
9.37768493448
9.46209020728
9.4940840541
9.54560657676
9.79850751245
9.87427358705
9.94060114739
10.0591818963
10.1723397765
10.3207730779
10.4017177666
10.5225469965
10.6569768562
10.6965952442
11.0882751955
11.2272081012
11.3314390309
11.4924001848
11.5028970763
11.5427096216
11.6054997663
11.8436106836
12.0276175487
12.1323938333
12.1726274936
12.2598472533
12.3637833272
12.4932965075
12.5944904845
12.675441817
12.7259341252
12.769002486
13.0433409381
13.2414649118
13.4399243502
14.2523604045
14.5165718038
136
