6.00831853759
6.01488403047
6.03009215317
6.03878248704
6.04856453734
6.05458927104
6.06397822147
6.0703633879
6.08136567172
6.09370100665
6.09943548909
6.11103678662
6.14661513007
6.19383913635
6.19552703113
6.20592059118
6.22069935005
6.24020113173
6.24791628013
6.25214779568
6.26852302721
6.2769420978
6.28440046579
6.3030138924
6.31892463503
6.33450776353
6.35440988111
6.35551336872
6.36300027345
6.43017092655
6.46585603392
6.48395546164
6.50570511392
6.52338947356
6.54163155265
6.62035194614
6.63215259353
6.64574152808
6.66040711899
6.69135886676
6.70602827737
6.72991459958
6.73969546576
6.76379681823
6.78260056789
6.80304450262
6.86296968796
6.86671982214
6.87127264776
6.9042109625
6.93640345795
6.96679873881
6.99777803471
7.04025012365
7.04276823925
7.09282110511
7.11522361274
7.11952975172
7.16487206056
7.19873422826
7.23002373821
7.25745369583
7.31379819823
7.69215523535
7.75242313171
7.83788164825
7.84151743702
7.93639143241
7.96398874713
7.97643077655
7.99262336999
8.01394421609
8.06465080786
8.1105742474
8.17985563636
8.21043562347
8.23988970309
8.27952160119
8.39234662791
8.44658159957
8.48239615983
8.91964827371
8.97181936233
9.04217944213
9.15728249485
9.19688994444
9.23259664608
9.29231974804
9.32915073007
9.34179418621
9.36215503411
9.38603589655
9.42723002941
9.48616917081
9.57433593707
9.5855980364
10.2021695367
10.2612410228
10.2864128376
10.341231888
10.5215868699
10.5810709825
10.633012054
10.6707107806
10.9463234327
11.0359160974
11.0440890174
11.0769759351
11.117090436
11.1550189682
14.8797202688
111
