6.00519407166
6.01473549023
6.02068872447
6.02624140949
6.03622400491
6.03805852951
6.05275480758
6.06017131142
6.06636918553
6.07430829044
6.07935474764
6.08384925913
6.10439794171
6.10802641296
6.10913929244
6.11324045054
6.1842693256
6.19266659406
6.25957972845
6.27091210485
6.2773194854
6.29307655813
6.30272996831
6.32637649325
6.35705321325
6.37607278212
6.38265291866
6.39613440755
6.452366355
6.47499892785
6.48572874666
6.50373382944
6.52381705267
6.54691114771
6.55408379249
6.59542917741
6.7169553291
6.76841868705
6.79422314564
6.8277098367
6.83974458245
6.88453667549
7.58463486272
7.63211611388
7.63677183923
7.63994704393
7.6651323356
7.69641137653
7.76672324591
7.79694271205
7.8222283652
7.96138084668
7.97555824809
8.00434132804
8.04115615559
8.08430476535
8.10674544046
8.13768616
8.16605415678
8.1908459066
8.2439998504
8.33543039928
8.41206745639
8.50154653314
8.52912900554
8.56910429051
8.6768800542
8.73917567686
8.81702049838
8.84645604168
8.95716910648
8.97680579235
9.071446378
9.13053458703
9.15714590292
9.16277035412
9.22659018943
9.3604499646
9.38506027144
9.42792329954
9.51131234253
9.55740460943
10.5031281093
10.655752404
10.6616195797
10.8012485151
10.8824117654
10.9483189019
10.9881448481
11.0411926014
11.0690886377
11.1462845472
11.1809141868
11.2833456994
11.4290907729
11.4381156631
11.6077780322
11.790412329
12.2197451302
12.3873227943
12.5281741074
12.6752913036
12.745230806
12.8625888722
13.1512998045
13.335643141
13.4089120052
13.5700152435
13.7992360225
14.6328803037
110
