6.00076210075
6.00563382378
6.00679009025
6.01439008384
6.02254201028
6.02576313446
6.02879948081
6.03610916335
6.03918659923
6.04243178965
6.04719604449
6.05453677735
6.0691085226
6.07575857701
6.07933291108
6.08934759137
6.1120401591
6.12630862592
6.13447648065
6.13924265425
6.16762901865
6.17874002019
6.18484022091
6.1881147623
6.19579603519
6.3096653817
6.33729732427
6.34572668713
6.34909509543
6.3625257169
6.37858398042
6.39375682268
6.41468452686
6.42887500756
6.43898539002
6.44229642575
6.45975518355
6.46374890258
6.47618690892
6.48358167953
6.49132388355
6.51765260136
6.544408985
6.55140416487
6.57310856253
6.58411059001
6.59166272777
6.62078270128
6.63527150866
6.65173583765
6.65574053366
6.67822558998
6.69193818689
6.69823726945
6.70945951561
6.72792394039
6.73705361766
6.74999241113
6.76399917764
6.78644522802
6.80356675221
6.80549246315
6.83769981645
6.86334667815
6.87544857928
6.92244224569
6.93662041368
6.95693385224
6.96875477225
6.97751181088
7.12032495871
7.1455993522
7.1901901357
7.20018195131
7.22067047975
7.35720187968
7.43346773127
7.47745109413
7.52354658504
7.52986274306
7.56293256174
7.58637567098
7.62614533857
7.67862936784
7.70578874424
7.73510454078
7.75855166329
7.81195551598
7.86370933753
7.88644467865
7.90952461207
7.94765861522
7.97027927407
8.08887947095
8.11379583872
8.14697833956
8.16876779644
8.21271349517
8.40727903982
8.43836630434
8.54754545942
8.58444843263
8.6626389459
8.94414279646
8.97374425657
8.98927837635
9.06417225384
9.25023844342
9.28121423458
9.33791446842
9.34246477817
9.42613926463
9.43649268541
9.48037931874
9.54931610948
9.90641626811
9.99920301079
10.0205342819
10.0537240033
10.0757902239
10.1630029039
10.2169407788
10.2744636084
10.2898047999
10.3395369561
10.5712454933
10.7423581534
10.7592246134
10.7988249182
10.9284282665
11.0329078392
11.0455207682
11.1407371793
11.3190366883
11.3445058313
11.4273076918
11.5523219109
11.5645178498
11.6819180204
11.772790928
11.8040039368
11.8370802021
11.9312527272
12.0007236697
12.1939242241
12.2639975598
12.3859922507
12.4305379056
12.4636381851
12.878548851
12.9732880511
13.1020015575
13.1513437611
13.4131492624
13.6893085405
13.8427647572
14.1539629665
14.402798755
14.5437074333
159
