6.00440860525
6.03487296254
6.0768727238
6.08918284401
6.09517024835
6.10003160395
6.10318576142
6.1098753691
6.17065620113
6.21381832302
6.2211993099
6.23617429329
6.25169735755
6.2628434694
6.2637854193
6.27033107262
6.27472153419
6.28861069152
6.29424362525
6.299411031
6.30611636431
6.3657117395
6.37508290645
6.41399784522
6.4273405671
6.44367605706
6.44973882697
6.45663209278
6.46371526983
6.54751428143
6.56879102756
6.58177955232
6.59471755531
6.6168442499
6.65071586222
6.70806928361
6.71968435535
6.72569503047
6.73124384228
6.75687503982
6.77813353904
6.80504356788
6.85213577483
6.87303314231
6.88119356864
6.90417126246
6.90803602166
6.91889369641
6.95822300858
6.98097296231
7.00662669201
7.01336543653
7.03306647964
7.11242833573
7.1245644775
7.14041595387
7.20907067312
7.22493172854
7.26508852235
7.27012855871
7.29361380425
7.33786369042
7.35430255872
7.38806699817
7.41152520886
7.48484823105
7.54346099338
8.1927639053
8.24012087591
8.33193231665
8.37927246768
8.5439461893
8.57813877414
8.61099547519
8.645220563
8.68813689953
8.83381863483
8.92113334594
8.95522588948
9.01780831634
9.07411821394
9.07914893212
9.14952735162
10.5931324109
13.6432419509
13.8665803492
13.953941325
14.0582912111
14.1952559598
14.4757968154
14.490260485
14.5682541922
92
