6.00805954337
6.01746302703
6.02746451284
6.0284032604
6.03385251214
6.03455439488
6.04915971773
6.05993227801
6.07835859886
6.08791573571
6.09081236613
6.097726767
6.10733359066
6.11134440085
6.11340990602
6.12936199705
6.13927687191
6.14183537372
6.15462889718
6.16073858187
6.17579676127
6.18760965435
6.18900660494
6.19621726465
6.2146226735
6.22043360649
6.22871347931
6.24106639983
6.24989698842
6.25680763338
6.26834865584
6.27603760976
6.28056429917
6.31762119297
6.32305368153
6.33015610483
6.34763359611
6.37165407479
6.39211126359
6.40709710031
6.41163448904
6.41621414088
6.4485568667
7.42523981253
7.42830987409
7.45318128983
7.47697880441
7.50500158379
7.58931653068
7.63880857188
7.65166340948
7.75128816757
7.78918595154
7.80601858298
7.82675375166
7.99327450865
8.06163515874
8.12443439633
8.19062222661
8.20173052827
8.24824875839
8.3201957621
8.44312830645
8.46679436401
8.51846567357
8.53693276832
8.57172276794
8.59990609247
8.66959568337
8.73558465924
8.78291230259
8.84291349286
8.86886269081
8.89211407997
8.94269307984
8.97276231189
9.0161439493
9.13606417524
9.16782729464
9.2595960584
9.28426441606
9.30419337539
9.35839495048
9.44364728501
9.5079188318
9.55194572562
9.59944765006
9.63041794462
9.64840410728
9.67776793026
9.68573924286
9.84459933656
9.85133888639
9.885204939
9.99675019004
10.0139715576
10.0564262219
10.1044338019
10.1798707594
10.298475361
10.3573220465
10.4986259626
10.5409538072
10.6934397081
10.7652528855
10.9309413609
11.1095283245
11.1203622853
13.8294266811
13.9230834207
14.3501965262
14.7116836775
112
