6.05370653184
6.06131424508
6.06400826408
6.07723576994
6.08300223064
6.08359742203
6.08816643727
6.09696881284
6.10395980459
6.11702246983
6.11875076937
6.12550202865
6.12662427591
6.13305786911
6.14508062269
6.15150104661
6.163793206
6.17165909041
6.18552226165
6.18998144395
6.21191158075
6.22749561805
6.23273874018
6.24375947543
6.25086154294
6.25524653248
6.2657703932
6.27479024469
6.28132685752
6.29657828583
6.31290306065
6.32880536154
6.33279963313
6.34787462885
6.35219556952
6.35420907777
6.37146122797
6.38378561216
6.40979556782
6.42548984557
6.44365448179
6.44819662146
6.53855411815
6.62412250188
6.62781022992
6.62890043681
6.63858136116
6.63982515979
6.65121047794
6.66202318125
6.68620034654
6.69489350249
6.7047198172
6.7132611864
6.73450325646
6.75761963331
6.75907870685
6.77609506959
6.81140094706
6.82510456439
6.84356053538
6.85193257468
6.86628745631
6.87634236431
6.87998095526
6.9012036446
6.93965814727
6.9841625304
7.00565424384
7.03601042607
7.04656275595
7.06940065805
7.08369966056
7.09907993709
7.11266708978
7.16147293723
7.16301792217
7.27095933186
7.34966573658
7.3654112234
7.38742128027
7.42335449451
7.45125596014
7.5114085519
7.5587957175
7.63217991555
7.66669089658
7.67072962618
7.69400231742
7.71265187281
7.76720884043
7.81899809877
7.94196896729
7.96682608005
8.01979990226
8.03150047317
8.09005160055
8.10862996712
8.13934768826
8.2269884437
8.31955768087
8.36834256302
8.45739645436
8.50764945373
8.57911758829
8.60245099205
8.65266954759
8.71203110873
8.73740022281
8.76104647249
8.8695697499
8.90536395225
8.94617735444
8.95435488019
9.09051166854
9.11177563612
9.15168150401
9.17261496885
9.30441690482
9.39608122111
9.44992954564
9.49550588237
9.55745606536
9.62890988728
9.63876796531
9.69323545905
9.76173110089
9.8679349945
10.0031254458
10.119767328
10.1636205737
10.2175086591
10.3038033823
10.3671973279
10.4400644172
10.4747687097
10.509647277
10.6661027684
10.9235735713
11.0278717836
11.0632643334
11.0891969792
11.180632047
11.2825295123
11.4448894685
11.49347622
11.6485003884
11.6586480009
11.726787308
11.8184010939
11.8288943304
18.6192344204
152
