6.00846313694
6.01402860055
6.02644809067
6.033862849
6.03629749799
6.04393794266
6.04696378217
6.05728716196
6.06204010182
6.06886020239
6.07019806772
6.07903331781
6.09757585683
6.49507225599
6.5019149602
6.51531578815
6.52145443235
6.52922719763
6.53401927137
6.53768154953
6.53929769497
6.547551119
6.56066576334
6.59288715211
6.6089208824
6.61642988841
6.63444586827
6.65181323174
6.69968684016
6.72597793267
6.75570180838
6.77949024249
6.7834562012
6.80195646068
6.8862292932
6.89655324605
6.97952834052
7.01261861089
7.02134650066
7.08311302674
7.14447526165
7.17491000531
7.20143606985
7.22572390355
7.23811821225
7.24549265072
7.28473464122
7.30262844364
7.34514368655
7.38990963468
7.42096691305
7.45560463484
7.45879309263
7.88628088679
7.89234170997
7.90897942592
7.91992471777
7.96958600897
8.02573145125
8.03651222423
8.14231520327
8.18535756954
8.2180293812
8.24329034887
8.38255975794
8.41143327596
8.4638177989
8.49128887009
8.55559976102
8.57194787492
8.58727881221
8.63936023993
8.67861919906
8.68643763579
8.85419184779
8.94383440119
9.08335842032
9.15344526674
9.20834087269
9.28717183002
9.2944298197
9.43473229861
9.57085446367
9.59298190644
9.69662131745
9.72700545276
9.77363763408
9.78087820353
9.8776372804
10.0533512472
10.1190348658
10.1508248548
10.3035225682
10.4049581962
10.4753715494
10.4844670263
10.5203874906
10.5562027879
10.620032232
10.6736235234
10.7061584715
10.7861339473
10.8851753037
11.099977572
11.1862647095
11.1971302541
11.2808827408
11.3031193485
11.4306528388
12.1914161366
12.3624801372
12.4832691782
12.569003568
12.9030957841
13.4597548628
13.6640798226
13.7307753539
13.8459564861
14.0643281828
14.3618816469
14.7564499013
121
