6.0026326052
6.01480394274
6.02463882035
6.03318412432
6.03566841321
6.05596450199
6.05728114163
6.05944693157
6.07185767279
6.07312214539
6.08014704098
6.08477983802
6.08907430691
6.09644397949
6.10426395819
6.11633467029
6.12291867158
6.16279299456
6.17774507303
6.18389682006
6.18690575741
6.19922066162
6.20246946479
6.22479141019
6.23186142606
6.24064314388
6.26136972222
6.29900642356
6.30258665912
6.30966114532
6.31101533117
6.32256152046
6.34159431477
6.35241571409
6.39332509508
6.41976214207
6.43194586007
6.44232928056
6.45786851594
6.46301412769
6.47199508387
6.48045421002
6.48256533061
6.55814906283
6.57501596355
6.58520921444
6.59280458337
6.61059096843
6.62895141972
6.65104633071
6.67319810186
6.69431541812
6.69927153768
6.71507600298
6.72588598472
6.72805077389
6.74059339423
6.74521120396
6.77541467544
6.8035724143
6.93425679108
6.97018314868
7.02680207463
7.0423575761
7.07235043569
7.10572157376
7.14287819508
7.21733244139
7.23594939348
7.23769215466
7.30079047519
7.3078722307
7.3216690643
7.36584117672
7.40153493956
7.43432267535
7.46168388172
7.55188185359
7.55385268639
7.58574092319
7.61271041832
7.73965639973
7.78217286924
7.80451064496
7.86778482299
8.12725385144
8.1970544125
8.25275598202
8.28236125008
8.31011244168
8.34500383809
8.39284883699
8.42432178692
8.47483005405
8.50316176502
8.72108797138
8.7640698152
8.84968885912
8.88197079558
8.89943336284
8.91224803423
8.99254827156
9.02177614237
9.74904056407
9.83727067978
9.92990796776
10.0295014995
10.626702939
10.6719929307
10.810519799
10.9584864449
11.3094654583
11.3502598923
11.4862118771
11.5807937246
11.8847646181
12.0207470984
12.1811609077
13.5850800298
13.9916670457
14.2360423169
14.3341025445
14.6745019304
123
