6.00370455299
6.0095011208
6.01270013274
6.01663543211
6.02633483044
6.03287305044
6.03808689502
6.04491801025
6.06046977378
6.06355055222
6.08580571033
6.09063053234
6.10302606215
6.1141806822
6.1380940308
6.17203736175
6.17801724155
6.18261474831
6.18873647305
6.19514684468
6.21147508282
6.22347357215
6.2326387826
6.23980000812
6.25885937667
6.28270363313
6.28900079437
6.37559036399
6.37754043888
6.37859613794
6.41698723633
6.4290696103
6.44227172907
6.45387192145
6.47676540253
6.48241897624
6.49834386963
6.50375171584
6.55009111127
6.56464491005
6.57928450634
6.62347573795
10.1430769125
10.2467182305
10.3297720011
10.4966172374
11.1503532846
11.2799114743
11.3996390872
11.6191852302
11.7079634571
11.8230474702
12.0013281865
12.0795831887
12.2330285047
12.4198496408
12.6242890512
12.6399359283
12.664304173
12.7265818727
12.9476560731
13.0420622359
13.2746572057
13.5412738969
13.597750974
13.7946873946
14.1373852394
14.3994015902
14.7904968316
69
