6.01940947458
6.05871731718
6.06050731693
6.08719684163
6.09122953535
6.11748641381
6.16415992367
6.16831576926
6.17504699716
6.17644528395
6.18526319132
6.18944969147
6.22212783374
6.22943582526
6.23206605768
6.23668503255
6.26737442655
6.29285408845
6.29754175957
6.31399393498
6.32717850535
6.37424291562
6.37554665671
6.38123123147
6.38929501
6.40839977934
6.41566675951
6.42136417147
6.43452202425
6.4527497166
6.51491771415
6.52732700818
6.53188405755
6.53515066018
6.54653437549
6.56075604236
6.59566761616
6.65667559994
6.67013808047
6.68426058237
6.69184890354
6.71720024551
6.7275819302
6.77766647783
6.78504720907
6.81101311814
6.8244606229
6.84833010605
6.85991527777
6.8751976788
6.89349946595
6.9325107064
7.06580868368
7.08188914176
7.13173459106
7.17288484484
7.21634772069
7.25417165961
7.27603632812
7.28610009647
7.3314602344
7.3599641607
7.36640971077
7.62566456239
7.67095949889
7.67573106793
7.91544468806
7.99321431984
8.03729611996
8.06230567336
8.1367628063
8.24015920501
8.24952096799
8.35088971004
8.3773792932
8.48265431915
8.49093885936
8.55347470393
8.61293077895
8.68205140171
8.7445561987
8.77662205031
8.82699059286
8.85396954026
8.96689017465
9.00425033684
9.15832935982
9.21536693782
9.29754198968
9.5177653353
9.54578969468
9.57803694198
9.59723002295
9.62149712899
9.85019139382
9.95936287932
10.1052399807
10.1569836776
10.2818637374
10.2981616679
10.3646900021
10.5447068389
10.6401258045
23.3902169382
104
