6.00835788591
6.09596741902
6.10143750476
6.11659786853
6.12553769214
6.13716106841
6.14415251814
6.14535250791
6.15204271724
6.20043461786
6.20610139966
6.22329838521
6.23518342793
6.25217946516
6.28295422186
6.29039101423
6.29292243235
6.31081843323
6.31349971479
6.34792455291
6.36337361002
6.3643635563
6.3909834184
6.40769478531
6.43374774934
6.44242901002
6.45112456454
6.46014363986
6.48579379244
6.50022736138
6.52246251751
6.52909331973
6.64786706183
6.66061231137
6.67617943559
6.70545879806
6.71984270529
6.74763339345
6.75014754693
6.77947676246
6.79814189667
6.7999586762
6.81102003938
6.8255240494
6.83814950088
6.85603573322
6.87089822573
6.89681824664
6.9009228616
7.08879597725
7.12920373125
7.13372007369
7.22477430473
7.52785736477
7.62251124018
7.64354565635
7.67866973075
7.72026185394
7.98990765556
8.1236008784
8.17054091797
8.32378920272
8.32867569378
8.33721494594
8.36214327101
8.36680457754
8.39813735818
8.44681915746
8.49045311583
8.51021018363
8.52128065755
8.54734692618
8.76474233705
8.8094567057
8.83758459355
8.88432996133
8.91950132927
8.92808199239
8.99369394723
9.07717479653
9.22401817553
9.27229153649
9.37009657842
9.46165040979
9.53166354279
9.54104687957
9.66234618152
9.69230463605
9.7704569071
10.0212756807
10.0783558806
10.2360844736
10.2830547307
10.2884105314
10.332707164
10.3734572672
10.4730071731
10.5207037978
10.530453817
10.6278205347
10.6988162345
10.7773222732
10.8903630727
10.9937464181
11.122573541
11.1661186862
11.2360199377
11.2443234483
11.4033827952
11.453883767
11.6741239244
12.03807487
12.159784254
12.3235205541
12.3307216658
12.3794793473
12.5168368868
12.6394281808
12.7468905107
12.7918852849
12.810554705
13.003398628
13.1099257917
13.1811719194
13.4427338809
13.4542994649
13.4746453245
13.8787769173
14.0302208786
14.1597764326
14.5834356516
131
