6.00225658628
6.00329728464
6.00947928804
6.01565652833
6.01616102086
6.02154958162
6.02494087926
6.03095105802
6.03365452901
6.03536871697
6.04040557534
6.05065581152
6.05716574221
6.06609437449
6.07358283776
6.07584590224
6.09055278374
6.09413045254
6.12033190644
6.12988337217
6.14640082229
6.1500237969
6.17378654311
6.18319343561
6.19592843462
6.20266619934
6.20505022462
6.2214336512
6.23020747376
6.23322473965
6.24092048891
6.2532132705
6.26237459542
6.27738312766
6.28063244593
6.29190054105
6.31514937357
6.31700890618
6.32498603664
6.35666329468
6.37178824659
6.42332475216
6.46829707869
6.48402036337
6.49792947556
6.50798899735
6.5146629247
6.53594259685
6.54281422406
6.54507462514
6.54639972757
6.59706922495
6.6151332032
6.6241250217
6.62546059901
6.63361048064
6.75287577216
6.77996303128
6.80795036201
6.82342504273
6.84993247378
6.88142105681
6.89903473902
6.9184201716
6.93808004613
6.95371989641
7.00501624166
7.03775991608
7.0432259584
7.06571969233
7.07444810061
7.21876008153
7.27497909816
7.31164025217
7.33735043049
7.36335690946
7.38733008684
7.43888966204
8.13340763544
8.1520141753
8.2173251524
8.27973852165
8.32146603079
8.40466182531
8.5104516132
8.60625114055
8.66052018923
8.70972138615
8.76417775192
9.01842028174
9.11829421876
9.18030917704
9.23732623799
9.28704514371
9.37663891349
9.44741194115
9.45266044436
9.53434255847
9.58799245317
9.78941203469
9.82670638751
9.86458092797
9.91161721457
10.5572467805
10.6808648825
10.7588254681
10.7777674557
10.9784361691
11.0702466641
11.2461467395
11.2634827953
11.3141832091
11.4471804344
63.087172157
114
