6.0052661122
6.01304384647
6.01950363926
6.03480438278
6.05497779741
6.06552029344
6.07067341171
6.09784615577
6.1031204087
6.11224512211
6.12431617875
6.14137422751
6.14239987654
6.15544433712
6.19364708443
6.2010543847
6.20749230683
6.21792236097
6.21992925482
6.22613873356
6.24054862526
6.27255087298
6.27688254985
6.28557168075
6.30994322639
6.3453261551
6.67563883299
6.68012311279
6.69646243391
6.7000455415
6.7094206713
6.76059512166
6.77517071442
6.79854856848
6.81702886328
7.16251494715
7.19379683833
7.23742837503
7.30965452277
7.31979747973
7.3583910552
7.37558288605
7.37895243653
7.47790053275
7.54687648497
7.59176528666
7.59508668439
7.60309707169
7.64820565827
7.69859139695
7.77678626142
7.78334002033
7.8125242715
7.8673639474
7.89975339542
7.95929569616
7.98017546953
7.99939465128
8.0455216275
8.06100143823
8.12903237759
8.16177813536
8.25175561108
8.27249840969
8.3934552292
8.4473812097
8.48142346594
8.51923552932
8.55215113272
8.81317536978
8.90287208147
8.96538412186
9.00916192283
9.04254733368
9.06255929851
9.08097584005
9.1482266124
9.22921428018
9.29003241872
9.43334104287
9.61842165045
9.72853045297
9.78403292327
9.86331418097
9.89412940358
10.0172213422
10.2188554553
10.3386600438
10.3943873627
10.5231721413
10.5705630667
10.6577804388
10.795999379
10.9022950571
11.0478273851
11.1510775908
11.2293625056
11.597328216
11.6512688127
11.7027440958
11.8299979676
12.8757805565
13.1133575827
13.1548323576
13.4352584267
13.6435338686
13.7833660163
14.0005361133
14.1972326229
14.3129784733
14.562119857
111
