6.03965378661
6.04961313183
6.055619991
6.057724509
6.06662838951
6.07110049319
6.07607499657
6.09305733103
6.12573083525
6.14004344526
6.14237775044
6.15668359016
6.1704820994
6.17881209484
6.18691313043
6.19358286004
6.19710534394
6.20006984615
6.21717464677
6.2269548282
6.23502726704
6.25227412357
6.25303029238
6.26819470935
6.28430562087
6.29684405961
6.31270830613
6.32732083026
6.34099170014
6.3472889028
6.36332003315
6.3754779818
6.37999269308
6.38770055309
6.40268735549
6.41065906111
6.41820519447
6.44835868027
6.46846501046
6.51377587141
6.53449931866
6.55501762844
6.63901882131
6.72318648377
6.75068566703
6.79048097912
6.79848319977
6.80171564359
6.80476610171
6.82222468298
6.83379084765
6.84272939944
6.86191702595
6.91256687197
6.92788350377
6.95812460087
6.96524526158
7.02770397174
7.0517255812
7.06129702942
7.10615523769
7.10908699837
7.12646461044
7.16029667874
7.1790672815
7.2382880198
7.2691725836
7.31853780611
7.49288593476
7.55926726358
7.60223271864
7.64286630308
7.66503527484
7.66976919317
7.700210823
7.74370525104
7.79328380378
7.88721816705
7.91338564043
7.94450762005
8.41631753636
8.45507071115
8.49794828185
8.55433355474
8.6096821784
8.64447748497
8.70023419665
8.74860035253
8.7648114205
8.80861507394
8.89393846092
8.92517454445
8.93004475178
8.97975361032
9.01853969551
9.04431176096
9.09047728855
9.16516599424
9.26535341544
9.3417527148
9.43119709757
9.44181933519
9.47184893843
9.51819874939
9.57443950379
9.61649604188
9.66446866752
9.70224987919
9.75950456116
9.84263306893
10.1987803613
10.2828006302
10.3679451348
10.4482315129
10.491577401
10.5624322868
10.5679783881
10.7387218673
10.7886857809
10.8395572586
11.588509358
11.6463822802
11.9225087278
11.9922450716
12.1174261108
12.2146119399
12.2740052844
12.3362123893
12.4341450038
12.6162013961
12.7947315347
12.9740561599
13.1310272038
13.7566083238
16.0430788337
135
