6.01449287791
6.02307002021
6.02926440889
6.03989092514
6.04743385244
6.0482985308
6.05428869457
6.06580257898
6.07486575973
6.08266708307
6.13238648631
6.13347655017
6.14236300407
6.14675723855
6.14885183894
6.16758890381
6.17898912113
6.19452022657
6.19869174208
6.20546744139
6.21228756004
6.22757085571
6.23048517014
6.23531481659
6.24581109548
6.2468036848
6.26046021266
6.27204271615
6.38258007939
6.38920490853
6.40180685459
6.41976015732
6.42594649051
6.45924937925
6.46953551148
6.61405932843
6.64379771468
6.82610949568
6.87923827337
6.89054685634
6.8937730257
6.89653142447
6.95614936463
6.99900728562
7.04929513337
7.06915937469
7.08998677607
7.09988977766
7.18147534483
7.20707345533
7.2530203586
7.25554386584
7.26881341148
7.3075746199
7.31317386973
7.35240671934
7.38348211644
7.41040453888
7.42343012289
7.42755020794
7.45220658615
7.46288863616
7.49891901411
7.52459502029
7.57748344182
7.58437691642
7.59677325994
7.63183387054
7.64661509028
7.72705010214
7.78968563039
7.86851528836
7.88854360297
7.9360127137
7.97668157413
8.32308568767
8.35108544643
8.38658827278
8.43030951277
8.48432491444
8.54164900992
8.61545385154
8.65517278922
8.69182318506
8.75415854966
8.76636739256
8.8944360601
8.93546014336
8.9610092651
9.0032485281
9.02586026732
9.10615860282
9.15056752193
9.17659561835
9.21649121416
9.28741644834
9.3509389293
9.35987481752
9.47750176467
9.57971669083
9.65371680158
9.69444640152
9.73395854056
9.76752682761
9.78423382194
9.84323244155
9.91444632498
9.94754760509
9.99590492624
10.0041669794
10.0611538618
10.1321863026
10.2797534878
10.3258878422
10.418365792
10.4952126173
10.5336381018
10.640104756
10.863373714
11.0753261082
11.1368222929
11.2011054684
11.3082317543
11.3663930077
11.5436357346
11.6226533515
11.7470507251
12.3381069249
12.4124454929
12.5892062753
12.6822865849
12.7628118587
12.8575635672
12.9308058682
13.1968837849
13.5561556236
13.7562294697
13.8612257877
13.9365902925
13.9555743013
14.312963392
14.3268594646
14.3964066977
14.523906224
144
