6.0027091076
6.00340382776
6.00538682936
6.0059602243
6.01621607743
6.02040230313
6.03437359164
6.04026732671
6.04603526684
6.0589352912
6.07901046899
6.08424660595
6.09355792072
6.10031737282
6.10554501538
6.10956811568
6.118764701
6.12311689486
6.12370386366
6.13546647827
6.15437909427
6.15961039456
6.26339683163
6.27628962812
6.28404985456
6.29324884078
6.30074988442
6.30670530963
6.31281381513
6.32476300622
6.32586497652
6.33734302696
6.34088610633
6.79666689528
6.80397715034
6.80968241852
6.81692901621
6.83224957556
6.86237701742
6.88376400071
6.9148621157
6.93629565531
6.97996296272
7.00185399587
7.02892219223
7.04351622759
7.08580637818
7.08839374702
7.14772784133
7.16898909376
7.19171638925
7.2237265872
7.27751659425
7.28003000099
7.31499755255
7.35518212323
7.378674978
7.40219164871
7.42014685426
7.42968679526
7.43322176724
7.44968737342
7.46252940039
7.46646970527
7.51240743234
7.56137541039
7.58980195846
7.66199836584
7.68322063049
7.71449244302
7.73829346065
7.76358770274
7.83276979551
7.86329025476
7.97471079467
8.02215763763
8.07069524927
8.08433309779
8.16085412319
8.21307781331
8.2261385873
8.25063296189
8.26912075041
8.31874034786
8.35950603647
8.38941414057
8.44828550404
8.57866007973
8.65262492566
8.72284039337
8.74114629168
8.7649200495
8.83805864418
8.84756570595
8.87915505662
9.15011648118
9.23240220205
9.28038403507
9.29597677477
9.52457163025
9.57809184263
9.61229902879
9.67529496376
9.76004407973
9.83980628088
9.96584961242
10.0127588849
10.0756276657
10.1152137413
10.1428725834
10.2267048651
10.3062609412
10.3641683601
10.4088398908
10.4484044873
10.5806824065
10.6416077963
10.7411105941
11.2897355158
11.4410259317
11.5505255067
11.6230155709
11.7404301583
11.8317540917
11.8893032951
11.9238977754
12.0768853404
12.2292230389
12.2712081801
12.6196492741
12.6977369972
12.9319669452
13.1521860248
13.9456873529
14.2024950385
14.3060027271
15.161190546
137
