6.0566108866
6.05922733405
6.06340881723
6.07085810068
6.10377675819
6.11745686548
6.13052280874
6.139597912
6.27016342751
6.29538541779
6.30970640552
6.31800631931
6.32997858509
6.34809055061
6.35316740823
6.36160445321
6.37148511644
6.37913728309
6.38891849946
6.39609809188
6.40200885101
6.40287645405
6.41232928578
6.42604795791
6.44236919391
6.44943284771
6.45466336284
6.46200866711
6.47203309187
6.48589130544
6.49751093348
6.51168892955
6.52690292142
6.54426612362
6.57376453338
6.59181492907
6.60208571863
6.61733469215
6.64602901288
6.7333148406
6.73537085481
6.74579831322
6.77584774979
6.80569525276
6.98569117178
6.98828487103
7.00431898845
7.03155217607
7.04461170183
7.07130664795
7.07566168303
7.08197393957
7.17708423036
7.18683244537
7.22136555865
7.2288782227
7.23730142549
7.25449554846
7.26007066106
7.2784898917
7.31706358121
7.35298732097
7.37338648273
7.38030194799
7.39245045981
7.40996989618
7.46544897105
7.48262589472
7.50572195822
9.06720559057
9.14939037385
9.15583861835
9.2316384238
9.36890133594
9.56464469707
9.61685012462
9.6523633899
9.80258610824
9.8099634087
9.86867134408
9.99485955627
10.0957810608
32.3228901124
83
