6.00110881173
6.02431257359
6.03759571046
6.04194831797
6.04441539408
6.0519459919
6.05661484132
6.0655146542
6.07466956886
6.07934215314
6.08638971248
6.0962934635
6.16644150771
6.16788574261
6.16980721736
6.17744298075
6.20758990681
6.21594540448
6.22274307618
6.22888488712
6.277063721
6.2976409709
6.30734103889
6.31786705493
6.35050012088
6.37503759453
6.38293125498
6.39451697638
6.43728466717
6.45184110408
6.45671256605
6.46432213346
6.47243583562
6.48222388744
6.51532971128
6.53115172912
6.53708804314
6.54636308267
7.6575594137
7.6932977022
7.71249728973
7.77510890873
7.82403049939
7.89233220068
7.90977250601
7.91613331197
7.94515254639
7.99795413774
8.02181008591
8.07034881666
8.11544419393
8.16456453761
8.25199462674
8.31474622927
8.34798773062
8.37769758675
8.6575008963
8.6867906719
8.69792931164
8.74781005512
8.80145679008
8.93161549187
9.00692572484
9.2721427928
9.33814652095
9.37192457726
9.38627234504
9.49337828772
9.570074858
9.60809388491
9.72378499728
9.86928200831
9.98574431268
10.0477908413
10.2047531328
10.2342807147
10.3085346109
10.3440219996
10.3940392411
10.4157302001
10.4957500063
10.5881832149
10.6701333198
10.7095879112
10.8010005711
10.8208211535
10.8797154913
11.0489738701
11.0964768236
11.1953220388
11.334839695
11.4664914512
11.5107294467
11.5854728514
11.5948497141
11.7412245641
11.8173270217
11.929545677
11.9670759524
12.059614559
12.1981703157
12.2805037655
12.3559416365
12.3648650578
12.379478157
12.6018141999
12.6782925812
13.7117759481
13.7364297835
14.1200341774
14.3104271782
14.4385348287
17.4179505606
113
