6.00687278522
6.00757184753
6.01001160648
6.01638003378
6.02688792704
6.03279605568
6.07597945186
6.08632261836
6.11004384695
6.13030440224
6.13164770908
6.14024129745
6.14572083445
6.15017929051
6.15855099731
6.19028858931
6.19135778172
6.22896117646
6.23305930526
6.24088910689
6.25205165734
6.25303183886
7.69100701635
7.70562112634
7.71729434563
7.76415201323
7.78753851055
7.82031513264
7.84658511226
7.8572550466
7.88022259581
7.90929350467
7.97749375545
7.98485503421
8.01565376151
8.06453478856
8.09097569254
8.15225932743
8.17713883402
8.19655608501
8.24091489806
8.26653592053
8.3313548651
8.38897734167
8.44375125653
8.53472479939
8.6511960381
8.71749788317
8.74770689068
8.78871560041
8.82850103553
8.88149396419
8.95339320115
9.03499139616
9.10514515302
9.16508657492
9.18641373545
9.26104564528
9.33234278138
9.36144807051
9.40662340553
9.47495009298
9.52631952315
9.57473120165
9.59863411612
9.66349995324
9.70142582369
9.76537537868
9.85165378433
9.93815956388
9.99817934217
10.0940292816
10.2042337434
10.3014641589
10.3463311823
10.3716203891
10.3869803157
10.423852103
10.5774374163
10.6256781967
10.68051494
10.7225462317
10.8756430237
10.9275487839
11.0829496983
11.1946903651
11.3845319049
11.3932569906
11.4670334095
12.9793732201
13.2431558644
13.3160422075
13.4351580449
14.3690990679
14.4351664839
14.4688179385
14.7182012716
97
