6.00212886065
6.01246519074
6.02986539545
6.03602869324
6.04398151187
6.05117242574
6.05941252213
6.06981897932
6.07986476632
6.09145203938
6.15272968276
6.15620569608
6.1653033861
6.25575840125
6.26107982067
6.26605444216
6.27060328246
6.27689801832
6.54931513746
6.5617267503
6.5728644853
6.57795647907
6.59642864375
6.60382795515
6.64940138701
6.68207021538
6.72567169581
6.74491800685
6.8003813711
6.80633392574
6.81776532693
6.82464774806
6.87738548889
6.89791121274
6.91555856625
6.92279404943
6.94639804606
6.97531481482
7.0072864515
7.18438239889
7.19937766686
7.22794473183
7.28122607454
7.3008135508
7.32374427988
7.345448315
7.36929812063
7.40373345737
7.43034873685
7.51396869872
7.56652863698
7.58189897027
7.62118993477
7.65708111131
7.72326932847
7.75547170623
7.84706142426
7.89688568337
7.91901606591
7.95870777931
7.96944456979
7.99998472814
8.0291246203
8.06123355178
8.18298346364
8.20182919689
8.28275589532
8.42676979147
8.49527336008
8.53693218738
8.55783385073
8.59902978
8.72768574335
8.76102120224
8.82138337817
8.84948542152
8.87980508695
8.97263304044
9.05039298268
9.12191617316
9.21538874089
9.23446628263
9.33498822371
9.4099381169
9.4312927623
9.4432830569
9.50478508755
9.79713612389
9.86784201281
10.3851569873
10.466900106
10.5731787911
10.6818637616
10.825823705
10.8961348097
10.9394413505
11.07037339
11.1181296683
11.184252501
11.2718767926
11.4328647432
11.671394072
11.6973499375
11.7260476785
11.8241988813
11.9734539217
12.1486985098
12.1823250721
12.4214769068
12.4893943107
12.6296243332
12.7818187139
12.8905033676
13.1130416586
13.1691205017
13.2873312158
13.3302091181
13.4621890123
14.0761055247
14.1633400306
15.9835897761
121
