6.00859012826
6.01165352324
6.02087835308
6.03971586113
6.04739220764
6.05605106628
6.06158704421
6.06655741772
6.07986201111
6.08882287191
6.09620144665
6.09707810732
6.10905344455
6.11488594626
6.11748815092
6.15936652366
6.17144145219
6.17884240306
6.18284790381
6.18970925605
6.19718272071
6.19879490496
6.20464358289
6.21600399664
6.22249333822
6.23497169515
6.24189559765
6.26126227471
6.51973021265
6.53142839097
6.5338106478
6.60047668574
6.64167466465
6.71259616106
6.72687262472
6.73779073835
6.74419408717
6.7777574082
6.78584106926
6.79346011655
6.83857625686
6.85562354071
6.87456771868
6.88400934028
6.94302767191
6.98469035952
6.98678581054
7.00472773026
7.00878045687
7.02535370064
7.04873324837
7.06950420381
7.10424659152
7.16375277862
7.18974511528
7.52304600137
7.56988805705
7.5805582167
7.67119250745
7.7363709705
7.78000693327
7.81830496142
7.86229952654
7.90228450526
7.94078703458
7.98960467501
8.0168020759
8.04891575151
8.07794822633
8.11058003317
8.14450987329
8.1923494887
8.22921652454
8.28069854862
8.31653669559
8.49995977689
8.60390038352
8.66696496499
8.702221154
8.84206388584
8.88018501975
8.99549473027
9.0615577624
9.11282243209
9.17493538455
9.25331502255
9.28792285811
9.30827824627
9.31910806093
9.42061438775
9.50774583902
9.53958387343
9.58338044267
9.66416593251
9.75647296124
9.85592949306
9.94899009207
10.0035592709
10.0827765034
10.1570106828
10.2011387315
10.2994308836
11.1512471923
11.1616651834
11.2197230511
11.3385536769
11.3890942019
11.564844945
11.7310864646
12.5238050446
12.6884708991
12.7866745586
12.9286005686
13.3270174057
13.8172315613
13.9811855786
14.2044788081
14.4075341142
14.6084779389
119
