6.00263398336
6.01337018302
6.02465597446
6.03281828161
6.03377764255
6.03706343049
6.0444198102
6.05753282118
6.07053402331
6.08061473105
6.1215632524
6.1318876247
6.14158548681
6.14909057893
6.15987296383
6.16889134109
6.17497092894
6.17612746097
6.21759042933
6.22562940902
6.2378960118
6.242203394
6.2485207032
6.25421101654
6.2647537923
6.27301317582
6.27994209889
6.29307419351
6.30530953423
6.31755830468
6.32744531357
6.34148458812
6.3463785832
6.35806181385
6.41159946313
6.4333540733
6.45002435026
6.46778119294
6.47848207789
6.48082950485
6.48204306986
6.49066447768
6.50848731813
6.51885869901
6.53920647544
6.55608405808
6.56566701313
6.60603168817
6.61475212336
6.63285744429
6.6453901849
6.66074051972
6.67272057321
6.68670419658
6.69972462722
6.71918972758
6.76534429655
6.78045756823
6.78293773008
6.81107591338
6.8497958029
6.88513344613
6.91858581226
6.94231536098
6.94985584902
6.9655288159
6.98401186385
6.99888533157
7.02230320169
7.04192646511
7.05543131473
7.07157425293
7.09461978524
7.11069693013
7.149741234
7.17302106785
7.19634959158
7.21631356371
7.26897675602
7.32234401704
7.32642475548
7.32876725591
7.35724629935
7.40901382618
7.45045982862
7.48667202122
7.50765000917
7.52571282268
7.565004942
7.59275269298
7.60038383742
7.63364763045
7.64146501187
7.71467508785
7.73278686395
7.76433677412
8.01279096152
8.04848549797
8.10726106339
8.1107973249
8.1430329579
8.19679322725
8.22411914884
8.29468982279
8.3435855932
8.41853059982
9.24964756472
10.3402918637
10.4085481249
10.5082920585
10.6190362568
10.686897357
10.7613870433
10.8371089024
11.1838860887
11.3018712345
11.5225950683
11.749654779
11.8176292919
11.9470291075
12.0434253763
13.1879901969
13.2020950272
13.4260594085
13.936552909
14.0433920118
14.1129572081
14.231353755
14.2856388861
14.6548584705
130
