6.01003430678
6.01927279885
6.0283200892
6.03220079856
6.04195915319
6.04284153161
6.04549015656
6.05243304279
6.05398749575
6.06743703401
6.07076044501
6.07363381746
6.08063756375
6.08452433818
6.08950008245
6.12729606778
6.13012669124
6.14136312527
6.14901874814
6.156037476
6.16675814753
6.18786252804
6.19223434795
6.20544129114
6.20740076728
6.22474734704
6.23527992395
6.25929727648
6.26841100359
6.27365338583
6.281773241
6.2926526986
6.30111334666
6.31714333165
6.32569936435
6.33394049843
6.36887590249
6.4248710287
6.44049596164
6.45810250357
6.46632097836
6.49185211833
8.16259326821
8.19382287379
8.2384947487
8.2536806294
8.25925499908
8.27807061993
8.29358820118
8.33837564562
8.36926408704
8.41347289964
8.45213650353
8.50118391564
8.51233956619
8.53105819187
8.61304834759
8.63491796002
8.68336995914
8.71875611785
8.77752293303
8.79848692095
8.8699973236
8.91411060419
8.9724375653
9.05676150381
9.09372383238
9.14521253955
9.14890780501
9.20839016621
9.28746554981
9.3563366145
9.58347271346
9.6072274049
9.78395763602
9.86617039036
9.87184818836
9.90815425925
9.97634803256
10.0174918687
10.05770673
10.1393591226
10.2303900514
10.2353541817
10.3949675125
10.4886994795
10.5219469438
10.5677188119
10.5753817769
10.6385700024
10.709260164
10.7172344219
11.0706785684
11.4781668831
11.582342944
12.0504182721
12.177027984
12.2308029889
12.3942023586
13.3136288907
13.4404905694
13.5645718317
14.4551458948
14.8946096425
104
