6.00405953615
6.01281692649
6.01627505382
6.0353629366
6.04037442453
6.04526201251
6.04885829142
6.06342713769
6.06593031343
6.07891727585
6.08988065088
6.10562401595
6.11216647502
6.12672011637
6.13596387273
6.14058954571
6.14266927632
6.14637372305
6.15589891928
6.16949450564
6.19223400609
6.19342525955
6.20508314847
6.21179391423
6.23555410202
6.34432603103
6.35636412794
6.3622557773
6.37589439515
6.38992969836
6.41405267554
6.43518962174
6.44115434814
6.44858258703
6.47029734529
6.49183252332
6.49619510745
6.50382818541
6.53161928334
6.5448030517
6.57175341938
6.59578667155
6.61842892641
6.65031544357
6.67237885718
6.6891384359
6.74619272472
6.77144751585
6.78201867356
6.79071838428
6.81175013424
7.00919128445
7.02469521704
7.08255034694
7.15267870164
7.18821223389
7.22398181849
7.24444857536
7.28781105188
7.48584907775
7.48993690287
7.53423099209
7.57154476958
7.58144506208
7.63887227468
7.85811117141
7.88678282858
7.89367709186
7.92797185083
8.31809546707
8.34021820158
8.35465497918
8.39932316895
11.793325056
11.9557678655
16.3543244165
76
