6.00812348102
6.01675054085
6.01879469559
6.0461930134
6.05989225364
6.07962161566
6.08439093128
6.09189500267
6.10092611915
6.10981847543
6.11980350716
6.14212776348
6.15122184936
6.16182112717
6.36056117153
6.37517855161
6.37864328316
6.38754869466
6.39470678715
6.40582342335
6.41838481671
6.42717636343
6.47903148262
6.49380297515
6.50849898205
6.52762610469
6.53825153175
6.54448609531
6.56060437211
6.57495746736
6.58556982203
6.61014342897
6.62024298907
6.66468795796
6.6837612919
6.69920936873
6.70779500526
6.72044540809
6.73781092756
6.74772172226
6.76986019758
6.78318123859
6.78522448918
6.7977093155
6.82064878668
6.83024118075
6.87531843609
6.8868545021
7.32316413297
7.35393001053
7.45587877029
7.4735726679
7.48854306917
7.49961709641
7.54996678162
7.60541704248
7.65855576347
7.66773519768
7.70200395262
7.70820655339
7.75441779344
8.12042909232
8.14281309956
8.17399257331
8.20103863924
8.42383540378
8.45170252305
8.45978373136
8.56258041639
8.57232081724
8.62522671711
8.630005315
8.68571172044
8.76739158872
8.81137495363
8.84066300751
8.97686407012
9.04126789467
9.10762282251
9.12496614998
9.2917730525
9.31769180791
9.43698190511
9.508484226
9.54183382387
9.58177617053
9.62728920754
9.67270144697
9.71496078492
9.86517200248
9.89036425091
9.93598408195
10.179473947
10.2511983739
10.2937686039
10.4081585347
10.4236543657
10.488560708
10.5939699373
10.6498624337
10.7117846866
10.8984253216
10.973652689
11.0953372681
11.2512030764
11.4126957427
11.5665219825
11.8260478024
12.4607640715
12.5384115695
12.5589780248
12.6635202336
12.9091068096
13.0397173431
13.0823383256
13.3714859989
13.5967921921
13.7436439242
14.2715972585
14.4342838488
14.9882817306
121
