6.0104131381
6.01440405235
6.01759608964
6.02957068817
6.05074567874
6.05707503079
6.06149538837
6.06563928458
6.09383719149
6.10208421846
6.11631120241
6.13194184855
6.13967155467
6.15100128157
6.16774199489
6.18599723852
6.19986307802
6.21059768477
6.21888329284
6.23448280062
6.24365949277
6.2486427191
6.25135289592
6.27187911954
6.29032818637
6.2963290541
6.30561381565
6.31174130703
6.31310013603
6.32854112475
6.33696133304
6.39421141258
6.39765621537
6.42181745319
6.4271036826
6.43541564943
6.43706688536
6.47643390838
6.48363735777
6.50530755033
6.53948277673
6.58399155302
6.60012112192
6.63460573169
6.66372911236
6.69387503613
6.71655411314
6.74130504319
6.78306777558
6.84304710854
6.86662871197
6.88587448557
7.26376788457
7.29654549275
7.31394983441
7.32182688389
7.35186999545
7.39521854712
7.40092441932
7.44512602498
7.44743361427
7.49003006736
7.5559630178
7.59733028598
7.62067611559
7.6467618767
7.65203753521
7.9556883137
7.97898230342
7.99932430899
8.06393806497
8.09321730277
8.16332646504
8.22594569868
8.25996622129
8.3105996305
8.34742033371
8.38077571395
8.44192137223
8.44956987176
8.47794889711
8.52140621921
8.59692876069
8.61455576516
8.92070909653
8.99097534549
9.02035264929
9.04955705408
9.11259497915
9.16709033646
9.2423578192
9.28043490512
9.32653826514
9.39828854452
9.47268877557
9.5161254431
9.58558083636
9.59201959045
9.6753514481
9.73663877958
9.85746487047
10.0035997622
10.0505507004
10.0868554411
10.1797146601
10.2893917662
10.3208842557
10.4699845533
10.560569509
10.6447005451
10.7591757824
11.1470160232
11.275826891
11.3323560527
11.8150570166
11.923730321
11.9748899447
11.9909395981
12.0454621537
12.0939720138
12.2351964282
12.3467501701
12.4577116267
12.5995040521
12.6856828
12.773435105
13.4497286574
13.6554791206
13.8866705257
14.1892437817
14.2657331596
14.4789198353
15.2928240394
133
