6.00171574343
6.01532645539
6.02110248382
6.03649719003
6.03844703702
6.04197227111
6.04891069627
6.05474603587
6.06376152295
6.06761989302
6.073331744
6.08759247059
6.09047778051
6.10495459879
6.11044017512
6.12915265289
6.136560248
6.14386200477
6.15294256746
6.1556319446
6.16776019327
6.17304561417
6.19168905822
6.24440341383
6.25346090443
6.255023383
6.26108857233
6.29035423853
6.32364326797
6.35531117346
6.36110157803
6.36858298141
6.38948842177
6.40706890025
6.43623806261
6.46556307178
6.47544109919
6.48119648474
6.5347785837
6.55348666351
6.58167326804
6.60200954274
6.60982224709
6.61528109469
6.62429241794
6.63681397051
6.68682829961
6.71146100352
6.7579630233
6.76106960558
6.77405281177
6.78423138122
6.81917722784
6.85830751578
6.87998435898
6.8872134805
6.92481603439
6.92661526356
6.93994290122
6.94933599042
6.97198943635
6.99484355967
7.01077607609
7.01304955783
7.16893850719
7.26639838851
7.44244031738
7.47811431112
7.49045373514
7.52483207868
7.57655998876
7.59648021779
7.96163110628
7.98265598715
8.07436733123
8.09762127859
8.11348924214
8.1548933734
8.18376004171
8.2006212696
8.29688380848
8.77848034639
8.97623970496
8.99838567934
9.06834979837
9.26456377604
9.33803125221
9.34345939867
9.45468474921
9.53956989163
9.58965832002
9.7191155104
9.80085616295
9.84670573451
10.0834989344
10.1028427416
10.1699145893
10.2162657063
10.3153829964
10.3749693774
10.3851048917
10.5125462757
10.6406269713
10.7639933475
11.0795918558
11.317104117
11.3636052524
11.5404823675
11.8664443857
11.8773570905
12.0245734931
12.0825070192
12.8027161149
12.8350740901
12.9158128117
13.0453344685
13.3400948927
13.6345294108
13.6971783247
14.9809259901
120
