6.00781532044
6.00959524957
6.0212471632
6.03543298587
6.04600585551
6.04964971804
6.05850850337
6.06635471309
6.06996530107
6.07646777917
6.07760800048
6.08118147147
6.08763646551
6.10751363825
6.11691131146
6.12293178968
6.13611981226
6.1371719601
6.14920661995
6.15534629632
6.17639929784
6.18185237884
6.1948391759
6.20281902973
6.2197758924
6.24350578271
6.25543009074
6.26467916529
6.76128723434
6.83121726166
6.84773374122
6.89695899339
6.97506205204
7.04711644074
7.06496399127
7.07786705633
7.09003522972
7.10383567471
7.1735638075
7.17743597024
7.1803441021
7.23563961626
7.41701714159
7.44459836881
7.51281223653
7.53740831505
7.53944125712
7.66243095123
7.67479997346
7.8330624797
7.86437928024
7.88877461335
7.93504928779
7.96285659822
8.00014569625
8.0325237498
8.04812231807
8.06482445587
8.09379787914
8.33443886561
8.38725977429
8.41975100409
8.44942158829
8.60495984468
9.00310128931
9.07714823556
9.124593294
9.13107194919
9.25894567277
9.31692149718
9.39777982334
9.42106234686
9.48811937827
9.54812231358
9.60327848356
9.71692044152
9.79737827688
9.83809184149
10.0245572034
10.1932493033
10.2177179539
10.2810777762
10.348714525
10.3914934265
10.4796365172
10.5384070288
10.6109662306
10.7314154174
10.7909522932
10.9619878645
11.2054988679
11.2829400907
11.3535064509
11.4716675805
11.9744487222
15.0166768928
96
