6.00774748173
6.0146999449
6.02477859052
6.03130592363
6.04064046356
6.05579726788
6.06269953061
6.08031436866
6.09033329296
6.09247759365
6.09980449081
6.10295032561
6.10668143093
6.20425009415
6.22430852215
6.23667075549
6.24161932565
6.25997734909
6.30913335974
6.32314253464
6.3322107816
6.4296875363
6.44285479694
6.4520093633
6.45832868489
6.48047919914
6.4914324556
6.50717455095
6.51257165566
6.52330457255
6.6637356618
6.67694987231
6.70726749888
6.72088001011
6.72469073482
6.73729932773
6.73921392068
6.7512556698
6.75803727309
6.77718752846
6.78223258166
6.80243572685
6.81658586903
6.8187114239
6.84032143766
6.84764299069
6.8677174339
6.91298475704
6.92791469072
6.94188840643
6.96030003857
6.99850740474
7.03397539112
7.05280038674
7.06699671636
7.0867845737
7.13501718337
7.17230711037
7.2411018826
7.30126000071
7.34945673984
7.36896269428
7.37287297927
7.37562647404
7.42893912181
7.44223563223
7.4618829651
7.48204956745
7.64236459879
7.7020902337
7.76933604917
7.79143149566
7.81793223377
7.86614593481
7.88398898575
7.90949423021
7.9756641866
8.02857505168
8.04741420942
8.0877371135
8.19460420205
8.28339168261
8.2950661417
8.33130615703
8.37382633741
8.40469019356
8.42753077401
8.47270874572
8.49522124643
8.61850647142
8.63538906751
8.75217737301
8.98957483519
9.03314147565
9.12217169341
9.18497338254
9.31481780025
9.45111717229
9.60456756333
9.84549443219
9.87539853079
9.89891317268
10.1181318024
10.2015871999
10.2467568549
10.3249399144
10.3468474119
10.5151335336
10.6211819652
10.773784805
10.9528819424
15.8982971697
112
