6.00718812678
6.01174750422
6.02211760955
6.03592319285
6.03864110029
6.03949541589
6.04757981809
6.04899416208
6.05167783013
6.05752913677
6.06599881407
6.07887359583
6.09302264285
6.09699362366
6.1005527912
6.1057829217
6.10689397685
6.11887927081
6.12750136557
6.13905545876
6.15378134517
6.15559366733
6.19287252971
6.19534572598
6.20641737543
6.20926080136
6.22377861559
6.23430647763
6.24844361984
6.26394681263
6.28114662281
6.42776216065
6.43335762878
6.43513334722
6.44409642973
6.44614350376
6.48263737629
6.48449459894
6.49752281538
6.50226915247
6.5049123666
6.51717971341
6.53591282093
6.54980602238
6.55279234219
6.56040845539
6.57041567655
6.57149371501
6.59842350275
6.62054508316
6.63687793835
6.64360241948
6.66313315471
6.69385508604
6.86330873258
6.8751223547
6.89755062821
6.94410022138
6.97992867402
7.08286401295
7.11334049514
7.12889894747
7.14667341861
7.18333049916
7.21187131379
7.34624258274
7.37181530718
7.42419288067
7.44260122888
7.45805467458
7.48691838955
7.51770749924
7.6753446152
7.7000430696
7.89016647916
7.90089753977
7.93235710524
7.96307452415
8.00367109327
8.10468622265
8.12658632554
8.1476199843
8.1704889404
8.21217806952
8.23884162592
8.28125533098
8.31524607667
8.34032846529
8.43312823302
8.51344859355
8.55020757033
8.57038666753
8.65581951324
8.73004207483
8.76718160987
8.92227311847
8.9331729819
9.02763145197
9.0904328237
9.1170559888
9.18350434527
9.23826562062
9.29661293163
9.30810231338
9.37992900652
9.42574296831
9.47321476665
9.48533930482
9.51492190732
9.6303866294
9.67231462422
9.95448914274
10.2964097763
10.3398893157
10.4237119757
10.4347941413
10.5542853654
11.0854931416
11.5949025439
12.1407874216
12.340722016
12.3558863413
12.5150013282
12.6999322485
12.8208086276
12.9898516862
13.201152765
13.4512504144
13.5780914201
13.7654183133
14.014676065
14.105082148
14.2124749345
14.8404572665
134
