6.00687455914
6.00816374237
6.00905601685
6.01667589758
6.023656553
6.0519832478
6.06650998273
6.07430016548
6.07523517417
6.09193789683
6.10301716336
6.11039403449
6.11467890096
6.12025219679
6.13363457883
6.14461078677
6.15186421638
6.16466792698
6.18894361778
6.19885838857
6.21219201882
6.22116766227
6.24487643677
6.25392575648
6.27632277076
6.29408952012
6.29784064654
6.30140545955
6.30590999051
6.31672927752
6.32140052958
6.34569557324
6.35329065472
6.35428702662
6.36597919229
6.40143466231
6.40527465729
6.40947579152
6.41368511628
6.41532024322
6.41853615329
6.42612528438
6.43795683536
6.43965366223
6.44368136828
6.45571583614
6.47953167469
6.48720331291
6.50384853415
6.54046521123
6.56854689103
6.59508600779
6.64637321397
6.65608937806
6.65960441254
6.66882478558
6.67676219353
6.69430399268
6.71558331994
6.74070738557
6.75998325882
6.82911333955
6.85035569839
7.23501856082
7.28217976199
7.31314521207
7.32140475226
7.36687547272
7.44169328832
7.47885705272
7.53204876929
7.550850386
7.56715743016
7.6066346148
7.62117626887
7.63020502398
7.66855135447
7.72333904975
7.73735477826
7.76795595294
7.78201628495
7.82492679865
7.86149776814
7.87282318835
7.90628138511
7.92486382339
7.94483599008
7.99292271654
8.00358909452
8.05694456225
8.06833355411
8.10318981406
8.23507116579
8.32256764643
8.38916434688
8.41105110133
8.46348913515
8.46722907276
8.50094949817
8.63795861032
8.66534076168
8.73898836123
8.75743988911
8.85582180513
8.88658182493
8.89400770636
24.1814447118
107
