6.00512896023
6.01240347799
6.02184662826
6.03038425165
6.03679733636
6.03803512456
6.05247010473
6.06165469292
6.06618880538
6.06682932719
6.08279846497
6.08665404911
6.10995051106
6.11811149903
6.12891293346
6.14051204358
6.14262087299
6.14723159674
6.15480487789
6.15859839479
6.16763234553
6.17688518305
6.19668631642
6.2052793692
6.21589513844
6.23591467578
6.23886622805
6.24396677759
6.25686353443
6.26913744728
6.27435147348
6.2886727082
6.29665956141
6.30477896121
6.31181013387
6.31638762216
6.34280181614
6.35148422484
6.35834222588
6.36660741845
6.37593137269
6.38175863844
6.38686432418
6.39648489835
6.4095585548
6.42087281939
6.42593365374
6.44004317473
6.44831190277
6.47237774489
6.47613687051
6.48580766777
6.49172784648
6.50782218471
6.51200790511
6.52019303817
6.52461413363
6.53996467302
6.5448655434
6.59853794557
6.61540964557
6.61957822569
6.64231112167
6.64410857976
6.65600098608
6.66264947194
6.66556008838
6.680897773
6.68593273113
6.68765480113
6.69743709503
6.83702128024
6.84234690968
6.86524788062
6.89591437053
6.91534555156
6.93963580661
6.97055224593
7.00091777597
7.0229831612
7.08002730457
7.11034068365
7.11617831396
7.1408120239
7.18653311565
7.22035930973
7.22762081366
7.27207433763
7.27909146842
7.29159127466
7.31214858803
7.3539850736
7.38683502864
7.42667355433
7.46487161445
7.51379371332
7.57919472368
7.62875812172
7.67067679169
7.67706194675
7.70243067691
7.73046209739
7.77866521436
7.79526468702
7.82198951825
7.86487308239
7.88051857655
7.89682938431
7.92531334224
7.99544624331
8.0999835126
8.12328143642
8.19838541814
8.28646726544
8.4771992107
8.50466569412
8.58013899042
8.6588829886
8.74034150546
8.76126980918
8.81894133559
8.87863851703
8.93142146687
9.01056876759
9.11735940772
9.15615356402
9.36771995601
9.51523490063
9.60718369664
9.64715056254
9.69789647589
9.855776624
9.9131853259
9.97661754721
10.0562144091
10.0948151142
10.1316143091
10.159541781
10.2490100577
10.3350730705
10.4378203954
10.489769207
10.5235221979
10.6776445201
10.734166568
10.8175734425
10.9156236837
10.9628017135
11.0441782662
11.0822602908
11.1280113287
11.3165369763
11.4850867598
11.5176210775
11.6139303089
11.6338695058
13.4555802452
14.1424290625
14.3126815412
14.4223917378
14.9896257943
161
