6.00462875982
6.02504351041
6.02610867146
6.03547228177
6.03917670486
6.04815775206
6.04989605593
6.06238502066
6.06550551985
6.07672381156
6.10870801673
6.11268024908
6.1133659197
6.11740633302
6.12789806604
6.13151544771
6.13726103957
6.14311332779
6.14762141581
6.15706095841
6.16052901928
6.17146049546
6.17320832118
6.18269953195
6.18853896104
6.19901574452
6.21891612482
6.22234083056
6.31395726425
6.31578985759
7.30539051466
7.30892906042
7.36107479669
7.3791504802
7.39606840356
7.40917442179
7.46465877483
8.03738985476
8.11762034212
8.21642897682
8.26185785785
8.33112961781
8.35010717646
8.40212033988
8.42018876124
8.44363197023
8.51896348197
8.5615376089
8.63219705502
8.70555673992
8.80908734104
8.83509030839
8.83852890854
8.85844606872
8.9275752902
8.97153959256
8.99782075777
9.02742449598
9.24735837582
9.26352674267
9.32415531204
9.36198796735
9.53350579676
9.89761611427
9.9746414126
10.0564767477
10.0790800901
10.3321800388
10.385687284
10.4266919377
10.4798914278
10.5593474459
10.7162678425
10.7775490007
10.8524379584
11.0401259508
11.0490035616
11.1637788257
11.2214969404
11.2836015263
11.3244943077
11.369023623
11.4053581668
11.5270025678
11.6145758604
11.6536978484
11.7343664008
13.3469699112
13.3708123789
13.5588102795
13.6321803941
13.7060230126
13.7182765755
13.875636003
13.9713404578
14.0667831691
14.1306497878
14.5306730053
98
