6.00084639759
6.00689713535
6.03551526345
6.04003404977
6.05547741289
6.05797279485
6.06165773711
6.06889259636
6.10411612486
6.11130416044
6.11605628972
6.11934332898
6.12077129407
6.13703791338
6.1414063467
6.14650292641
6.15602652339
6.15656928091
6.16130011559
6.17719661599
6.18446409753
6.18753016115
6.19519925271
6.20606937215
6.21781174551
6.22291552774
6.22618486726
6.22868260054
6.23093168954
6.23632685938
6.24464898278
6.26745397018
6.27850985264
6.30676339976
6.31337014032
6.32056804129
6.33712590446
6.35132052067
6.36075334704
6.36754417878
6.3718835595
6.37275544064
6.38058078635
6.38602390724
6.39095824435
6.41210592369
6.47795191382
6.4923974622
6.53831008818
6.54988648253
6.55834874425
6.57981068738
6.59102831868
6.60593781271
6.63102470316
6.65362071231
6.73249649603
6.7506285596
6.77036139547
6.79005380222
7.15136269182
7.16960180494
7.20305756218
7.21840076908
7.24388645062
7.26238502995
7.29789838822
7.31651956781
7.33920536776
7.37236864725
7.39170712024
7.41389185624
7.42738987511
7.44017058471
7.44643257306
7.46040778178
7.50711849813
7.51204400341
7.51585728703
7.5434508028
7.589162898
7.62424272435
7.6391495762
7.70029577046
7.74806117475
7.80607010977
7.81919804615
7.84042306943
7.87627035001
7.88982659799
8.09583180369
8.14473954128
8.23699180649
8.28110776192
8.31856216751
8.38893878925
8.42819892914
8.5248949339
8.53466919916
8.68343135694
8.73876722954
8.79905084175
8.8808290119
8.97356452187
8.98975676987
9.04659276892
9.11697807972
9.13774849945
9.28916663731
9.46094792726
9.51465014569
9.5871306265
9.62916537728
9.74879176552
9.84115588884
9.87264037686
9.90926769366
9.93008470349
9.98037876287
10.0066639844
10.075146956
10.1006074371
10.1449777068
10.2119523
10.2659524769
10.3938658987
10.5640007139
10.6203073469
10.6543482208
10.7569241186
10.8344339972
10.864409162
10.9351033074
11.0220568646
11.0850571794
11.1584126773
11.1927749469
11.2971263818
11.4218676168
12.4114532053
12.6556030269
12.9242652852
12.9388261319
14.5976147319
144
