6.00259629468
6.00856813341
6.01756012358
6.02020925954
6.03062614748
6.03314459427
6.04370521539
6.05581637396
6.07681774506
6.07929222002
6.09956931725
6.11235474551
6.11847438282
6.12498118541
6.1357683608
6.1435718584
6.14782329517
6.16090646567
6.16795566354
6.18049405691
6.18720777081
6.20132106318
6.204532877
6.20509803757
6.20843600762
6.23080746773
6.24083179561
6.24968867833
6.2559690754
7.32910305268
7.36219725303
7.37681553285
7.40788469458
7.41021064278
7.43720802442
7.47371598972
7.64023937057
7.66986034691
7.73384811208
7.75762138384
7.78948720544
7.83894540747
7.845631639
7.86495500118
7.91156412386
7.97494977067
7.99415579351
8.01302434579
8.11760554973
8.13786530457
8.15403996507
8.18855122356
8.19826243259
8.23885158564
8.26937800686
9.1332617634
9.18270000936
9.23326781078
10.5097058093
10.5534592138
10.6936374075
10.7400452381
10.7821154293
10.9188087131
11.0628359489
11.2345603863
11.2457681774
11.3046805943
11.3200286219
11.3330399192
11.4126515499
11.6377431798
11.795937104
11.9518815109
12.2898648985
12.4122078408
12.5216925964
12.5466735587
12.5876692833
12.7099021719
12.9356730215
12.956980546
13.0377947347
13.1359558323
13.3186947474
13.7857694393
14.0272288364
14.3123244688
14.902371913
89
