6.00702601447
6.06625148833
6.07625454783
6.08865789652
6.10015764181
6.10361097753
6.11344202069
6.11850470379
6.12707230043
6.13139561501
6.14719476906
6.16151471723
6.17285291237
6.18069323662
6.18470041477
6.19748866837
6.1999992003
6.21748794576
6.23331821531
6.25125354057
6.25556135021
6.27299354936
6.28690901746
6.29813309067
6.30246946932
6.31155729571
6.31378697836
6.33219168662
6.33363452398
6.35027536447
6.35260565828
6.42003337215
6.4213950381
6.43948116978
6.45197034394
6.46373211987
6.47981458955
6.51003258817
6.52350548594
6.64025873451
6.6558510381
6.71970801258
6.72094990148
6.74184638132
6.7613462037
6.77141507949
6.78651611419
6.80653065305
6.82035778087
6.82580955619
6.83719856333
6.85038958384
6.87015611068
6.89738864944
6.91857851649
6.99844548574
7.03168480816
7.0404104436
7.08109831375
7.08960116924
7.12237129077
7.13250178457
7.15619480014
7.16339192055
7.17969415619
7.21485587732
7.24420029708
7.27025497069
7.29142101181
7.36316587498
7.40358391109
7.44410135243
7.47265826516
7.48818768726
7.50642357892
7.51745914129
7.54834988543
7.55428325216
7.62983797898
7.63365669439
7.66035534372
7.69561028499
7.7085642017
7.73719591856
7.75922020304
7.84673841064
7.85615489932
7.91848869829
7.94150539616
8.01211951778
8.04297738247
8.09687001467
8.16440735498
8.2147885792
8.63043686118
8.65829002445
8.72475712414
8.74043654724
8.79830684154
8.88399236775
8.93976435072
8.94389230599
8.95716526289
9.00150643618
9.12677214656
9.13386240887
9.19523385452
9.20369812209
9.23065022724
9.27811001492
9.31618930224
9.33333081542
9.45184446057
9.49618450846
9.599261363
9.6784082485
9.72332340897
9.77869563721
9.88736509903
9.94600424041
10.1258069186
10.230161593
10.3922079155
10.5509776002
10.6190725683
10.665626335
10.7696002951
11.0423138192
11.1882412465
11.3919348807
11.6827760015
11.8482056996
11.9697176669
12.2043802541
12.4446128795
12.5605609307
12.6976913883
12.8000798013
12.9294438638
12.9932400649
13.1852836362
13.2869108126
13.599962767
13.7168754061
14.0965484162
14.4010226228
14.5132672357
147
