6.00609008284
6.0079419661
6.03016009565
6.03797785013
6.04058626709
6.04804330771
6.05580879147
6.06147472497
6.06495137014
6.0778242509
6.10279815144
6.10360131776
6.12522711129
6.12800731666
6.13258234072
6.14346985475
6.15057414811
6.15749700317
6.17361122175
6.21050575668
6.21733128334
6.21820828318
6.22803265543
6.23445228367
6.66871009126
6.71309551485
6.72275105581
6.75011543581
6.76672660094
6.80039658706
6.82856001853
6.85832068066
7.06149876133
7.07951927769
7.10641415526
7.11838246028
7.15774517689
7.1741564461
7.19314324781
7.21552908744
7.27216354276
7.30071183084
7.30289520784
7.33970838596
7.35484112009
7.35863163662
7.38146347969
7.41185409409
7.47758176816
7.50919258817
7.5328528819
7.5594573337
7.58515124878
7.62094686894
7.71581193449
7.78344508105
7.82140474588
7.82788309065
7.86503574299
8.03826165904
8.07653509377
8.12180950124
8.20218653318
8.23103967234
8.23555747284
8.38008614055
8.45703781293
8.53158164377
8.61607406805
8.65071210497
8.92054534523
8.94345806425
8.96480162653
9.01894597161
9.03764236524
9.11585047137
9.14123012363
9.20650958504
9.30924879088
9.3742683515
9.42897492678
9.50375569338
10.2481417495
10.4312757288
10.4996158581
10.5984166724
10.6851468881
10.7840346582
10.8470556771
10.9303814814
10.9903669343
11.1222457403
11.1398869123
11.2691074217
11.3916537428
11.5155674066
11.5715721628
11.6331856913
11.7062646095
11.7569288664
11.9299922313
12.1983068891
12.3446001755
12.5301950828
12.9793771181
13.0454145369
14.1166103479
14.2696651114
14.2842381866
14.384560881
14.8087497406
111
