6.00893997152
6.04005813667
6.06808497479
6.09308350856
6.09862310626
6.1046722197
6.11598539914
6.12130819504
6.13054706352
6.13638893512
6.14443895264
6.15151500088
6.18728902731
6.19521541135
6.19894143409
6.20396326754
6.22247843755
6.23872953736
6.25401800891
6.26516953086
6.27943226713
6.39123145728
6.4005289485
6.4075097754
6.43806431557
6.44528954053
6.46038695686
6.49091515416
6.49606265601
6.51304023319
6.52421479956
6.53773205224
6.54288374865
6.56571403844
6.57443980317
6.58693145594
6.60030927291
6.61212561193
6.61845521805
6.63772705923
6.66608177151
6.67697091128
6.70264679005
6.72028616802
6.7236947696
6.72567680307
6.73502367446
6.76237692613
6.79924188149
6.80787662667
6.8341670348
6.84467188688
6.85524627228
6.86328852503
6.86680165708
6.89940995276
6.90951442596
6.9273477079
6.94834778828
6.95190483417
6.97192917665
6.99798355853
7.01530174688
7.0593544436
7.07958159702
7.13390245163
7.16854303484
7.18144188069
7.19886187824
7.4272657882
7.44900110022
7.47599427956
7.53285032446
7.55668539523
7.57875112269
7.59198006559
7.63519119318
7.69717544937
7.71251829891
7.75671723254
7.80709122508
7.84578920546
7.88776425159
7.91847560343
7.96965848107
8.03336660083
8.06324388848
8.16572722496
8.22155210743
8.28869395553
8.52339393052
8.54780769915
8.58487277757
8.61024564186
8.89474748779
8.93737565685
9.0047870551
9.06956010687
9.1129310002
9.15486389147
9.24915678184
9.26805343274
9.32093297242
11.6711420634
11.7752996609
11.874772702
12.150245483
12.3038276221
12.4040169424
13.2455403777
13.6322549499
13.6512614815
13.6785291669
14.5206215512
114
