6.00317159326
6.0103868432
6.0132552731
6.01553896749
6.02495196421
6.02829049933
6.02938055016
6.03475503308
6.08125116225
6.08498175031
6.09245861242
6.12971375605
6.13266851011
6.13740105413
6.15471812572
6.16492459592
6.17460774645
6.24808543278
6.29009101638
6.29958299327
6.31537418221
6.32924021272
6.35095494405
6.39126364277
6.4239585225
6.43791395502
6.44572628719
6.45237903826
6.4609595335
6.4807810478
6.50183785758
6.51317869063
6.51825952947
6.53815444534
6.5399176429
6.55752576549
6.55873681526
6.56016651176
6.57221217006
6.58217885467
6.61399644198
6.6267022216
6.63856301482
6.64980543998
6.65746801527
6.66989058061
6.68846904976
6.73386378263
6.74816134679
6.77025639351
6.78667286424
6.81585608493
6.82559653372
6.84180448548
6.9177867897
6.94455683869
6.96586598883
6.98297676667
7.00168300207
7.03698781303
7.0651721819
7.09773264697
7.12312133683
7.21034728938
7.22534784857
7.25576260652
7.29589887403
7.33706138539
7.35295020005
7.35843932619
7.40654746147
7.4131835764
7.43494788094
7.47775513784
7.49722966087
7.53080246705
7.82910100024
8.41914872451
8.76285008049
8.86915056067
8.907638575
8.96851479171
9.06714012306
9.10667206405
9.45882277907
9.49720893472
9.52338505738
9.59864710323
9.84697213323
9.90921141125
9.98220332069
10.0807957763
10.1415833799
10.1656685005
10.2739492824
10.2822966738
10.3477518976
10.4029888467
10.5125133022
10.6058867771
10.9429119628
11.1664191949
11.2838843134
11.3135577481
11.3228313264
11.3374634421
11.3641472888
11.5393454911
11.5638869285
11.6860036159
11.7169732113
11.8275109528
11.9356480143
12.1224093895
12.4883687528
12.6435376206
12.7674385406
12.7844354413
13.1198179801
13.191523372
14.4226220651
14.7999866364
122
