6.0274712405
6.03556323465
6.03901914384
6.08988771039
6.10076971442
6.1131659062
6.12438754674
6.12939350253
6.13783961104
6.14721168702
6.16138143991
6.16735601909
6.17448212186
6.18318309923
6.18733173733
6.18862914834
6.22262308939
6.22828597183
6.22954666301
6.23507278351
6.25249319208
6.25998962591
6.28600452964
6.3495976099
6.35048999914
6.36902226355
6.37816414639
6.3815497622
6.39742257116
6.40452083447
6.43105977537
6.44056404271
6.49555009238
6.50055677922
6.50703707417
6.55762267102
6.56608131434
6.57636979357
6.59963115115
6.60233713971
6.61557390258
6.62389491193
6.64134078298
6.64285609946
6.64793565398
6.65709252257
6.67467627477
6.68658660164
6.69208506426
6.7125654969
6.73097959521
6.74458670706
6.84495743561
7.03189316309
7.04529862993
7.06084668552
7.11798713242
7.16378353252
7.17402352832
7.19459710012
7.22765982593
7.23714310972
7.26108392377
7.31601369809
7.33873125772
7.43559016832
7.44558979843
7.47631111818
7.57326516403
7.58783859761
7.60125967836
7.61513805625
7.63956604538
7.72211809379
7.74446896137
7.79183286312
7.81284198552
7.90120190897
7.90616476007
7.90890364942
7.94924569267
8.00847253561
8.05616261542
8.13115879894
8.16846811166
8.181026774
8.25988465781
8.3004439189
8.30654731995
8.50718745611
8.56166190918
8.62921537134
8.65869954771
8.71477202486
8.76725535762
8.852966891
9.05189692787
9.06108840098
9.09761220469
9.10268108799
9.19383508629
9.24337294155
9.28760907647
9.36971503062
9.40736339876
9.5410729048
9.56876843413
9.60237078201
9.64095972318
9.67456115909
10.4960421568
10.5619316118
10.6461216543
10.82207426
10.9974458651
11.1074236909
11.1160234996
11.1762806595
11.2243705245
11.3161499563
11.3443429938
11.4906897361
11.6584764673
11.7074907172
11.7716704049
11.9339833685
11.9414639434
12.1842197313
12.2200094155
12.2687395072
12.3776422009
12.5172370236
12.61405752
12.8059040278
12.9290927521
13.1754485404
13.2938480273
13.4085835568
13.592705279
13.7456375345
13.8691012514
14.1032001788
14.3806057266
14.5790877059
144
