6.00423065139
6.00895631326
6.02299395651
6.02606777337
6.02664125642
6.03006113347
6.03455671066
6.04126309112
6.04822453578
6.06497180587
6.0745770519
6.08503625033
6.09222214909
6.10990789941
6.11960031065
6.13628535996
6.1433913148
6.14589613285
6.15816330346
6.17472220774
6.18159579128
6.19179543084
6.20059580126
6.20975009559
6.22320508181
6.24088809411
6.26269278213
6.27326752945
6.29153758801
6.44716690795
6.45459660488
6.46367017342
6.48773329062
6.49933195726
6.51707117057
6.53331537911
6.54237516969
6.55584277792
6.58241126411
6.60943119304
6.61201291575
6.62865744041
6.64521397
6.65268522933
6.65403868391
6.66913633474
6.67740077874
6.73628424091
6.74937392056
6.77221222717
6.8062485776
6.8079192419
6.81690928542
6.864683314
6.86844070046
6.87202502938
6.88657046119
7.01789070043
7.04359967767
7.07033359269
7.09208344851
7.10915371052
7.12260349342
7.15056333779
7.15688982766
7.18323285126
7.199569828
7.23595522029
7.25701578537
7.26683616052
7.27655254995
7.35463862169
7.3661607464
7.39980345113
7.43018907772
7.441578874
7.45656891863
7.50303402816
7.53640687893
7.82286544265
7.89719908958
7.93569692935
8.00320376172
8.06082370595
8.08600086019
8.17034892734
8.22721503845
8.28043167346
8.33324001407
8.34124733025
8.41554451136
8.46692119964
8.53077091443
8.57130729572
8.71070528147
8.77672868654
8.8211606177
8.82780834499
8.83824031882
8.86735545473
8.89181641181
8.93571587206
9.03776758702
9.15949711682
9.35371497873
9.40684799821
9.43507012537
9.50679569029
9.52690114163
9.59129097211
9.65648259815
9.69214090112
9.7273403293
9.75446266761
9.8484821318
9.94637472786
11.5265699902
11.6413652542
11.663692254
11.7381544155
11.8195608158
42.2271690503
122
