6.0023907993
6.00693545177
6.01957236701
6.02397396223
6.0406742669
6.05668855951
6.05762161424
6.07460356828
6.07552121491
6.07958348897
6.0906139535
6.0944729174
6.10148446543
6.1031873491
6.11595461821
6.12096833071
6.12930228819
6.13621833681
6.13685679808
6.1411401343
6.14171336579
6.15002143017
6.16638356319
6.17069944299
6.17317373541
6.18698792017
6.19090013148
6.19607163691
6.20329504428
6.22161367847
6.22997720725
6.23617259962
6.24037827007
6.24905403289
6.25722442669
6.26994500162
6.2859431279
6.29347714787
6.31508029998
6.31605980308
6.32739758679
6.35045832051
6.36394439008
6.36637770039
6.37322633566
6.39499090105
6.41514929522
6.42441791078
6.42904459855
6.4315774228
6.45517796094
6.47746112027
6.48461444302
6.51212034452
6.70121143327
6.70368415477
6.71838705111
6.75422071955
6.78532003384
6.79718503487
6.79847572459
6.82259609884
6.84973964491
6.8609692322
6.86469473071
6.87976027888
6.8963786292
6.92340160678
6.98755704066
7.02535074644
7.06154994564
7.06865921783
7.07827981851
7.10716574884
7.13731193832
7.15423852175
7.19801150818
7.24031370051
7.2575711303
7.27141504704
7.28340383094
7.30410434458
7.30895514145
7.34290779315
7.36730596365
7.38431450974
7.41416952603
7.43043117185
7.4345150146
7.47717489673
7.48669154398
7.53230637502
7.56844430917
7.58474476683
7.60606604108
7.62789522012
7.6427205254
7.83390083174
7.86872490151
7.9159406074
8.11542966122
8.17339979191
8.2172950941
8.28659960541
8.66947890842
8.70753463296
8.76599415695
8.8878408986
8.92637190661
9.09174066755
9.10781286093
9.13383966226
9.21770748604
9.37727099253
9.4073148796
9.49340388954
9.49824676255
9.71109171279
9.73125480886
9.73878880481
9.75207989591
10.0157182442
10.0534569454
10.1678853886
10.2103686163
10.2479631242
10.3036013823
10.3803475647
10.4476983576
10.5056164929
10.5978568484
10.6777318327
10.7852384955
10.8371043973
10.9425003836
11.1633181668
11.9813239232
12.0414891549
12.3477361543
12.4034990153
12.6035241994
12.6631463178
12.6814000991
12.9550278988
13.1007028755
13.1730933139
13.4614748312
13.5956446649
13.8813854716
17.1287429357
150
