6.02129454985
6.0306257374
6.04149715793
6.05611842752
6.06561869736
6.06854091902
6.07149633189
6.07791180764
6.15647710927
6.16522836802
6.17240867493
6.17442008718
6.18252472539
6.19746101544
6.20578362705
6.21814118962
6.23126248648
6.23863456128
6.23970571062
6.24663856102
6.2521616007
6.25954716288
6.2691647363
6.27723286467
6.28268693032
6.30988640108
6.31790749366
6.32564856298
6.32783652337
6.33724321879
6.34143032003
6.34979952267
6.36331598943
6.36620063041
6.3741795566
6.39098292733
6.41032078002
6.41744001317
6.43220375252
6.45172620159
6.4642454263
6.47141697561
6.47733729097
6.4904793606
6.50126649795
6.51688739147
6.52157897334
6.5228261738
6.59080962968
6.59672219479
6.70382874041
6.88322940435
6.90864425311
6.91748860623
6.93375896219
6.99371963292
7.04120968099
8.584755218
8.70053001019
8.74832972311
8.83546978544
8.86214678401
8.87065834608
8.90083000421
8.95981885822
9.0353800846
9.13299306246
9.20145976426
9.20964147481
9.27326248635
9.30261425505
9.33686760618
9.35604637495
9.36548458897
9.46183604315
9.58357184843
9.63941761483
11.0093632879
11.1607909502
11.2450584234
11.3991825626
11.4281329376
11.6248864238
11.6780191913
11.9888669726
12.3489696048
12.5228170529
12.7371249868
12.8038342842
12.8213311164
13.3847842928
13.6905000952
13.8974057038
13.9799407043
14.2653164344
14.7240193742
96
