6.00823117034
6.02299609667
6.02582986707
6.02784968913
6.03287337543
6.03640487652
6.0414187116
6.05353600527
6.07522933277
6.08551470909
6.09085442525
6.09173339539
6.1173558868
6.132612516
6.13641950214
6.14234335898
6.1455284793
6.15373774858
6.15961345843
6.16865384383
6.17781692113
6.26827566694
6.2849109718
6.3693632061
6.37460570133
6.39431189497
6.40824699335
6.43503711393
6.44611266562
6.46239264807
6.47945325845
6.48439363112
6.49430208303
6.49663955369
6.5080781288
6.52416433904
6.60771239671
6.61651553787
6.6543293632
6.65761044943
6.70529181526
6.72223064742
6.72618034325
6.73620924865
6.74276041934
6.74968072335
6.7847544551
6.79491278728
6.81204389836
6.8411384561
6.85714491431
6.87677490982
6.89925387906
6.94928891224
6.96452098202
6.98611106119
7.02961953202
7.10079131318
7.16622915846
7.20378767646
7.23497368025
7.26254686926
7.2793873086
7.32005581792
7.34847706302
7.37049757967
7.3727836067
7.37926522538
7.41551557483
7.45592162065
7.46346372303
7.47621820659
7.52683760367
7.64610384647
7.67884345601
7.70282217048
7.71980575691
7.75786423135
7.82166270336
7.87866269462
8.21805490841
8.25579143113
8.30837587638
8.41960868648
8.45221272472
8.53449321529
8.55189773853
8.66453262463
8.67073925466
8.71893026572
8.74032956494
8.76093304752
8.89135190682
8.90147573199
8.94244663636
8.98211997653
9.08951487657
9.12886690818
9.73153734046
9.81161140216
9.84432939126
9.90006145413
10.1094467257
10.1646297654
10.2536655098
12.9232847459
12.9847502841
13.1289592656
13.2229260976
16.9466220084
110
