6.00601844945
6.02254332434
6.02761706593
6.03699412898
6.04132605779
6.05090790518
6.05612160219
6.0905976794
6.11897451025
6.12040131496
6.1356204666
6.1471587881
6.15792556747
6.16883524039
6.17851948834
6.18556464931
6.19176125438
6.2028561978
6.20944132428
6.22193457157
6.23093016886
6.2403145293
6.24853228263
6.26254991243
6.27161977393
6.28120209412
6.29429591448
6.61848998319
6.63556196745
6.65230448109
6.65857004817
6.66147204099
6.79157811466
6.80095996823
6.84310616559
6.85140380052
6.86678723656
6.92432298783
6.95908026203
6.98291017641
7.00971130722
7.02214702098
7.03176316761
7.04368388309
7.05724471576
7.07463515604
7.15567446546
7.18755805088
7.27945710372
7.30874367579
7.35006145931
7.35803598363
7.37136456243
7.40406734904
7.52236676368
7.52760107387
7.5875456958
7.61462931861
7.65201437224
7.72525365034
7.81383101096
7.82838222138
7.85531538009
7.86142436626
7.92645161004
7.99135599145
8.05104372636
8.11498355603
8.13951660837
8.18822854439
8.26192070084
8.32282940158
8.37760402425
8.39701954826
8.46080495856
8.46490936893
8.48474432322
8.5748196995
8.62889194518
8.66143657978
8.93514788001
8.94163484641
9.04917498503
9.10633844783
9.16496307537
9.21025826578
9.29029166216
9.29877109924
9.343078778
9.39792782028
9.52295553428
9.571442331
9.80805794154
9.81423104577
9.91636424528
9.98703701225
10.3877109244
10.4504444156
10.5964226031
10.822939217
10.885627702
10.9068941704
11.0003580617
11.1234554291
11.1772156763
11.2408788022
11.2537706341
11.2910447352
11.363181449
11.4105590992
11.5138251535
11.6118484845
11.7268034822
11.8791705883
12.0011599352
12.1571714599
12.5553316283
12.6271263716
12.7119978253
12.8292290291
12.9219117741
13.1228156624
13.1966398668
21.8360558925
124
