6.0012832783
6.00718563099
6.02181055901
6.02554251508
6.03806850114
6.05384522931
6.05638251124
6.06209275451
6.06523957133
6.076590343
6.10894411102
6.1278669913
6.13303258999
6.14554646566
6.1545329757
6.15618101095
6.18811887705
6.20285923795
6.2152943258
6.21779217884
6.2287254575
6.23216656171
6.24498478602
6.25276529551
6.25384079368
6.2663142489
6.37723622662
6.58135740086
6.69387334266
6.71563695791
6.73022267939
6.74467324376
6.77400345627
6.78501856807
7.41115407045
7.45601226759
8.13415875063
8.19698792739
8.2117880288
8.24329491964
8.29256148138
8.30119649076
8.37885009071
8.44569894653
8.50216310828
8.51128757054
8.86113409393
8.90566657587
8.94687685367
9.01736702055
9.04241979554
9.0626604691
9.0917601812
9.17580396441
9.18225633701
9.3289867399
9.42865470923
9.4636725085
9.55493093259
9.59628031051
9.7031504718
9.90836905733
10.1281725835
10.1729466447
10.2130707823
10.3079788045
10.3594415429
10.5422290712
10.5797315875
10.7466055533
10.8250049307
10.8759821194
10.9117860875
11.1118245248
11.2218877987
11.3103606033
11.5808201148
11.6633309651
11.9801416807
12.0051854674
12.1341760148
12.285595853
12.8924979592
13.2418743152
13.3072346712
13.7463213667
14.1643941084
14.850520458
88
