6.01649271124
6.01875574104
6.02143107284
6.02563048712
6.0312043221
6.03793753932
6.04391929318
6.05460627056
6.06153858195
6.064826855
6.07161925413
6.08048038044
6.08497891215
6.10568302885
6.10995636683
6.12770222625
6.17349198983
6.17426254397
6.18805534612
6.19772332866
6.1985482759
6.21310845387
6.22808055533
6.23759257451
6.24446793769
6.24722410256
6.25378498601
6.26187799702
6.26542074411
6.2910956781
6.30809691849
6.32175264793
6.34083253774
6.34188820064
6.34671187901
6.35081579355
6.3767714444
6.3844871861
6.38933672984
6.39931036898
6.40034409421
6.41692833848
6.42092641155
6.42346681777
6.43692351147
7.32200462924
7.35568738294
7.38148336551
7.5477215057
7.55934245494
7.59355183169
7.60929834268
7.66663551207
7.67634746894
7.72470871044
7.72886046061
7.75269013965
7.81979434207
7.82505907839
7.83063525774
7.85868583792
7.86634183513
7.98091538593
8.01152307291
8.06294559667
8.13064126639
8.17235611787
8.23561387723
8.25697361898
8.27454652704
8.31055239986
8.35198982446
8.39861808341
8.44313366644
8.51294509106
8.59208344544
8.83046671529
8.869740026
8.92084815896
9.00083223205
9.02774358296
9.0352472807
9.09082592071
9.12749028914
9.14420387761
9.18388807487
9.19615537553
9.25152709327
9.3626520557
9.39688526716
9.42425780344
9.44464508945
9.45311427665
9.4978752944
9.54264059964
9.58998996339
9.66877233791
10.0510739473
10.1381318591
10.3544325125
10.5356348313
10.6761236373
10.7560430921
10.8139893944
10.8922520666
10.9333514172
10.9398777334
11.3514519291
11.6062419282
11.8135807264
11.9161780145
12.180690636
12.2675935146
12.3218067292
12.3940056115
12.4984650111
12.7208247366
12.8748893759
12.9189945715
13.3331705251
13.5258608399
13.591142739
13.6998900985
13.7570497928
13.863812956
14.0149916167
14.2216224308
14.8733181141
128
