6.00809344127
6.01611940318
6.02382223967
6.03518297666
6.03722339331
6.03950132412
6.0463995424
6.05948105318
6.06139298083
6.06621578833
6.07060348685
6.08231500243
6.08677124024
6.09132999482
6.10912948335
6.11324772829
6.12185294559
6.13502060545
6.13570802222
6.14389530546
6.1546205607
6.16686706501
6.1818657739
6.18721694362
6.19362513162
6.19950297874
6.20363966091
6.204651307
6.20852847269
6.21229812807
6.21548656542
6.21819689964
6.23612407339
6.24346225556
6.25351728427
6.26583498293
6.86878830263
6.89095151163
6.89299485754
6.90537654798
7.00732932556
7.0201908676
7.04747711491
7.09560986431
7.26706211766
7.26926570798
7.2973837621
7.31940427946
7.38781231697
7.42965042302
7.45310271778
8.66784716519
8.76173411177
8.78443239644
8.83464230685
8.88380406083
8.89660242792
8.93702475663
9.19465234674
9.24613772754
9.31950801523
9.36273739861
9.46402899492
9.55753252981
9.59212056034
9.65473591968
9.69412742327
9.73617556624
9.76119778259
9.76596127942
10.9638574885
11.0967061913
11.4010450587
11.7106212663
11.831267172
11.9853910796
12.3427825742
12.4911231068
12.5362126484
12.7541394785
12.7730996442
12.9009931767
13.0724145397
13.3210811929
13.4362178882
13.5280975984
13.6291336293
14.1760684837
14.9316271041
89
