6.00976978917
6.01688700022
6.02460613185
6.02747295143
6.04161261012
6.0724722269
6.07645387178
6.15392107449
6.15509051531
6.15886773959
6.16651037815
6.17109209906
6.18749003592
6.19594801418
6.20273882415
6.20675406059
6.23833415277
6.25454480246
6.27218076853
6.278929809
6.29454077484
6.30910013026
6.31347444638
6.33057302667
6.35817731466
6.37254820609
6.42860604908
6.43196349498
6.43400741748
6.44329608823
6.46062166791
6.4658293322
6.47744834049
6.48551182871
6.50031423955
6.50502273587
6.58762221875
6.6024507045
6.61233649259
6.67390666287
6.6944272321
6.718121447
6.74678249042
6.79285429963
6.81934890173
6.82614604202
6.83556735423
6.83793864497
6.87354725193
6.88571609289
6.91911100638
6.92469587953
6.96422320625
6.96929987149
6.99167733778
6.99964180888
7.02085039685
7.04833823612
7.08523147647
7.12915517727
7.15373379246
7.16608683364
7.19168415589
7.1979023957
7.22711290055
7.23844591757
7.31848932941
7.35987010494
7.42359874496
7.43511476537
7.45888882593
7.47358909137
7.50655622008
7.52671648164
7.55727098721
7.57865633718
7.62844632337
7.73478368756
7.75433734188
7.83178031567
7.8584284123
7.87884146208
7.92309421058
7.93831922241
7.94564359175
7.99422067891
8.15982193641
8.1816080322
8.26699376378
8.44164914787
8.47322561898
8.50545531004
8.55252977367
8.69632828186
8.72234580417
8.76854714488
8.79245026345
8.84344808717
9.1011979449
9.16713813542
9.27883805334
9.30906537537
9.32908615013
9.4633530576
9.48660192922
9.497005291
9.52149085534
9.5693927924
9.62095549073
9.68493252234
9.78383622128
9.79495220348
9.80109592494
9.83493840187
9.92371788183
10.0191842533
10.0555491802
10.1391766231
10.1436641611
10.2064522084
10.2364742502
10.3076373357
10.3590557071
10.4069804308
10.4783160014
10.7332496422
10.8016434221
10.8623179342
10.9691750575
11.0778866931
11.1696115968
11.190675086
11.4504552346
11.5752321171
11.8199220588
11.9253287266
12.0370520944
12.0933860548
12.1609708244
12.346166828
12.5439920943
12.654363774
12.7635843639
12.8481812494
13.0533986705
13.1896963083
13.3673761164
13.6969815232
13.8415400795
14.0809788663
14.1030376386
14.5055497021
152
