6.00966830189
6.01585513363
6.01962191252
6.04824678927
6.06503065982
6.07778003149
6.08849484083
6.09189300587
6.10395141933
6.11262111412
6.11357497104
6.14096170037
6.14721584409
6.20908609707
6.2178913126
6.22860027834
6.23091461988
6.23706212661
6.24222782179
6.25514964349
6.27651965678
6.27867857622
6.31806475522
6.32446196201
6.34726603501
6.36381412221
6.36821661775
6.36924675862
6.37383564751
6.38842676607
6.39333214376
6.39965668148
6.4122700017
6.4258893067
6.43474547347
6.45937162601
6.47660315808
6.49131537749
6.49891349574
6.5106365701
6.52425896056
6.53125618696
6.53730425315
6.55049807954
6.55184896005
6.57776830353
6.60221796523
6.62099246003
6.62988603917
6.64444086888
6.64598216316
6.65049650883
6.6746861034
6.72044341912
6.74285400555
6.77125076063
6.83410682496
6.86478646266
6.8882916834
6.92068365166
6.93152709436
6.94063100493
6.96137731256
6.98155450998
7.01221802284
7.02261163303
7.02908222499
7.07446369161
7.08095968888
7.14034802721
7.21083618162
7.23086233895
7.24376250248
7.26274860967
7.29717603045
7.34696729878
7.38908047109
7.42066640645
7.45471627567
7.59190582916
7.60689407617
7.671298678
7.6769155287
7.71461879948
7.7534769681
7.86062721283
7.8733982592
7.8880870739
7.89548067331
7.92418964403
7.98104034445
8.0610620077
8.14215135705
8.20691295045
8.22786528861
8.30624320747
8.36283969877
8.37426306283
8.3961070425
8.45457009268
8.5038356066
8.55948743796
8.59018827647
8.63229833486
8.68017454547
8.70504835777
8.76113248056
8.85901934308
8.88294812772
8.9157696115
9.0064092844
9.15199818597
9.20771227961
9.23582672689
9.56325844656
9.63194599414
9.81156897935
9.95237675089
10.1048826353
10.160270058
10.2250050057
10.3868768163
10.5436621007
10.9398147003
10.9977576923
11.3277900285
11.3853887661
11.3954993051
11.5287213925
11.5989463032
11.8160934148
11.8999207978
11.9812562956
12.0673531801
12.0982267076
12.1677640117
12.1753936731
12.3069043104
12.4743157257
12.6093000215
12.7202750603
12.8702508631
12.9798585134
13.0836613461
13.1716782931
13.4346316196
16.1060760113
147
