6.00112156309
6.01629068443
6.01673585605
6.01950511014
6.02701490379
6.03163746358
6.03712393255
6.03799653003
6.07580646606
6.08184680119
6.08335638028
6.0918203372
6.09304855947
6.10342544193
6.10855965426
6.12459302412
6.13072353094
6.17273994368
6.17542511134
6.18396178027
6.18809764368
6.27321321508
6.29218689115
6.30891951011
6.31956056419
6.32886456208
6.33873315534
6.3442206873
6.35018534912
6.36186593438
6.37748026079
6.39980655513
6.4176570736
6.43520997342
6.44436413971
6.44942454959
6.4546979392
6.46107053428
6.46271745068
6.46594904632
6.49277681305
6.50522136009
6.51053456844
6.52219425585
6.54451789859
6.55199794863
6.5587632594
6.57015136619
6.57948096388
6.61790317837
6.63890131807
6.65135896426
6.66395619465
6.67845141168
6.78773418285
6.80033413307
6.81175931181
6.84989741847
6.89659612681
6.91770679816
6.97615855567
9.79748368746
9.87755861352
9.92372023249
9.95796951741
10.0743913582
10.2078508353
10.2861152178
10.4136761414
10.6018179556
10.7067937182
10.7494290294
10.8264394303
10.8918822469
11.4297892452
11.539957951
11.6148515335
11.7921690591
11.8066744813
11.9961151287
12.1190724948
12.2424039065
12.2867454327
12.3568340954
12.4225589565
12.5020427028
12.5446815233
12.6554732098
12.9323063267
12.9732033413
13.0366110098
13.3566086111
13.9234823433
14.1467825077
14.3882772957
14.5621317688
96
