6.00192963888
6.01294029634
6.02234317313
6.04350008412
6.04850521609
6.06107668059
6.06632396443
6.0787862961
6.08117325716
6.0982257653
6.1032019429
6.12353960693
6.13640088175
6.1441372793
6.15325242562
6.16755225003
6.17681379201
6.18191947088
6.19086096181
6.25355338938
6.25988724255
6.26856263123
6.27715958358
6.2818694468
6.28795248552
6.29520836142
6.30582037825
6.31926545667
6.33303495668
6.34397473798
6.35201171429
6.37901636757
6.38364180674
6.38823051906
6.42860993058
6.43776559018
6.44656186965
6.46031952216
6.48554401208
6.48669177551
6.49852083512
6.52666212703
6.5415670885
6.54919178332
6.56455029184
6.60305595164
6.61299161434
6.61914729796
6.62786965201
6.63407354826
6.6768091023
6.68805927516
6.70520647016
6.71798237998
6.78665023477
6.79212783095
6.80199547767
6.81385819828
7.09674836184
7.14597386097
7.21260357334
7.32347026184
7.38235250403
7.40183819428
7.41778623465
7.42685991616
7.47031432406
7.4992711363
7.53474583982
7.5644136145
7.61030919391
7.66939177985
7.7534167789
7.76826170541
7.90123699688
7.91003486347
7.93438036369
7.94181245387
7.98496129446
8.14547330928
8.17452580438
8.24747557879
8.28679293465
8.34118326562
8.42448932937
8.50692804874
8.53548057633
8.66896501354
8.6811931712
8.69860660265
8.74723057883
8.82781241327
8.93749999937
8.97623076647
8.9862901877
9.04292901504
9.09029199906
9.39711457672
9.41706931782
9.50882079168
9.59841064842
9.64750936109
9.70947432295
9.84456689137
9.8615097004
9.87977882151
9.89542710128
10.0032601433
10.0876721408
10.0973559029
10.2371970788
10.2849715232
10.3619419438
10.4580617889
10.5015851632
10.657688106
10.7276460309
10.7513652629
10.7583186667
10.9538669496
11.1122513463
11.1702311485
11.3981269681
11.4385650893
11.5461402707
11.6652989944
11.7052950495
11.9598165261
11.9692209601
12.118515168
12.300537417
12.5054942782
12.5208711892
12.5665523128
12.6911627321
13.0167245069
13.2320537846
13.448374553
13.9732017345
14.0658131728
14.3858632863
14.5367497183
142
