6.00625588117
6.01347784009
6.0274025038
6.03690581078
6.04071239828
6.05198265022
6.0861473993
6.09047581718
6.09268033329
6.09479132934
6.10264632954
6.11747393835
6.11999781474
6.13122550054
6.14276613614
6.14652425816
6.14891939483
6.15599421223
6.16754697994
6.17898970723
6.18905342524
6.19549218646
6.19849930019
6.2138910067
6.26173175466
6.26701512859
6.26796792445
6.27369892812
6.28984628095
6.29506164751
6.3022620542
6.30879557975
6.31320436775
6.33338091068
6.33929066244
6.34004531789
6.34748562833
6.34877692847
6.35701917674
6.36266819761
6.40961532984
6.41702422599
6.43124232077
6.43702614336
6.46077179473
6.47984751839
6.48884376441
6.49434348387
6.49913798579
6.56367645926
6.60884528103
6.66370025386
6.66501181764
7.2521427737
7.27790757333
7.30265211302
7.32139562128
7.35284987334
7.42379712185
7.4747861024
7.48943289198
7.51345692954
7.53698152474
7.5809870814
7.65010531023
7.67951440563
7.71097493501
7.74294372775
8.55901522521
8.63638706969
8.68936492361
8.73405453861
8.82615467608
8.86699077286
8.93175729571
9.02523145118
9.15097349854
9.19790414443
9.23488283443
9.30969906742
9.3574306259
9.46088413231
9.4934682979
9.57106710686
9.60345463248
9.65694035061
9.74406360483
9.94085546083
9.94915205721
9.96808373498
10.0317001227
10.0535683501
10.2538247838
10.5390983807
10.5963445514
10.6731140698
10.9889965287
11.0980849943
11.1913092152
11.2808092294
11.3254433312
11.7271700331
11.8119145387
11.8253427296
11.9128585198
11.9575817958
12.0060951857
12.1216185078
12.1816732884
12.4152827545
12.4953794178
12.669199033
12.7326323533
12.8399012784
13.1373040073
13.8564028045
13.9379682486
14.0716501618
14.2623748824
14.4922429266
14.6498630413
121
