6.00517342175
6.01692326722
6.02187636787
6.02574269272
6.04952596033
6.06625615746
6.0694715348
6.0875742504
6.09801808909
6.10780462137
6.13137378076
6.13958085428
6.1534127165
6.19152971886
6.20212265286
6.2297922218
6.24175126967
6.2470393426
6.24885931014
6.25458880979
6.28600526643
6.30056985404
6.30999524355
6.32894668781
6.33466560412
6.35998500719
6.43520220903
6.4598274736
6.46101867912
6.46936820896
6.47340411269
6.48850745058
6.49880130873
6.50863450202
6.51545509939
6.54006203346
6.64150075549
6.64943637694
6.65862224971
6.66739949555
6.69348040417
6.79227977283
6.81077014612
6.83211025544
6.88196160388
6.91602823788
6.97355441554
7.07049410864
7.1210887396
7.1996704848
7.21028905509
7.24485727608
7.36170326146
7.39951260896
7.4814348727
7.48825719544
7.52430132406
7.57596497679
7.69231421082
7.73962689052
7.87250873651
7.88919673939
7.99049448421
8.04317557916
8.08170716363
8.0848569177
8.13228498685
8.17316475354
8.23127687579
8.2452752244
8.25455513158
8.272880281
8.29279659993
8.29746924527
8.37960637331
8.45680998744
8.52070313087
8.52450246333
8.54804148754
8.5794004832
8.62791854891
10.3921403754
10.5073136036
10.5804947066
10.5923330967
10.6702456019
10.7360245473
10.8136712981
10.8961161051
10.930838538
11.0463000493
11.7462263402
11.7574331306
11.839025245
11.930945952
11.988665427
12.0813071152
12.2896808124
12.5030394788
12.5814870524
12.6509341788
12.7444090363
12.8701364931
13.0549472586
13.1519564773
13.3234326036
13.5537711654
13.822221495
14.1777054368
14.4408741291
14.7568312436
111
