6.00471235217
6.01179883647
6.02009381787
6.03273436814
6.03819132441
6.0396789622
6.05205968199
6.06712332564
6.07448120765
6.08750883721
6.09151972826
6.10278057739
6.11477809541
6.11852559045
6.13023580346
6.13627464715
6.16211425563
6.16669328779
6.2153143483
6.22858457492
6.23691309029
6.25480687457
6.26912339285
6.27685771088
6.30604789744
6.31953603325
6.32067830967
6.34356288172
6.34694825388
6.35571472783
6.37037777906
6.37937676408
6.39638994075
6.41426149662
6.44625330764
6.47661343864
6.48888640228
6.5109249213
6.51196486522
6.52212227334
6.54194802322
6.56826063438
6.57937165054
6.60100879874
6.60664230496
6.61132794893
6.62367289112
6.62510542044
6.6527865603
6.65906231172
6.67269007241
6.69255337277
6.71753647343
6.72589267628
6.74175652069
6.75612876167
6.77275455793
6.7913759006
6.80254443793
6.82985181768
6.88203800471
6.90131281178
6.93845954926
7.10416032626
7.12726336068
7.14210117289
7.18020469842
7.1904618247
7.22657827753
7.24758463545
7.26058496668
7.28243726771
7.3712689023
7.39835082163
7.42302484464
7.42833867106
7.46496042591
7.48972137307
7.50793013938
7.52262501734
7.66864250739
7.7088035287
7.92412687612
7.94145130786
7.96821037324
7.99901022721
8.06947619957
8.11592362351
8.12940879138
8.17391692143
8.23580175502
8.27383763158
8.3442848743
8.34832868345
8.35099260122
8.41018610567
8.49643804602
8.52391942307
8.57318103152
8.59641221982
8.62310530489
8.67157774395
8.73468896991
8.73862098952
8.80206844549
8.86376108777
9.01494575839
9.09346639104
9.18154713328
9.49693099483
9.5032005632
9.83133911257
9.91338322513
10.0447435513
10.1119256301
10.6719202625
10.7178623754
10.7691314904
10.8292426954
10.9210768643
10.9745743237
11.047200722
11.105714778
11.1724179286
11.3801583577
11.4378191309
11.4858824655
11.5012556065
11.6652781335
11.7151399607
11.8719634493
11.8899666468
11.9091071905
12.0141365685
12.0801848046
12.2531855389
12.3285164599
12.3937978034
12.4617469983
12.4917597614
12.5056236872
12.5730507978
12.8189948704
12.9022227029
12.974563044
13.0518506132
13.2117053311
13.2375423884
13.4088343755
13.5309942708
13.5521567121
13.6750711121
13.7562935276
13.7815421719
13.8656300033
14.1244073139
14.2469237348
15.4500218988
158
