6.02577723222
6.04515214339
6.04707938361
6.05775639243
6.0641518838
6.07154400739
6.07419707223
6.085842443
6.09034521037
6.09739857022
6.10220843646
6.10644260897
6.13270033541
6.15746777246
6.1691543134
6.17733062222
6.18965153043
6.19929532622
6.20457498215
6.21277709984
6.22624463208
6.23629142549
6.24918900913
6.26604241672
6.26847592165
6.27386961772
6.27762434482
6.28175039027
6.29608539229
6.30713542155
6.31577797371
6.33656324924
6.36488089067
6.37224699128
6.38096489673
6.38824429543
6.40881858129
6.41026093759
6.42750001613
6.4437334323
6.45010994071
6.46674169964
6.59471074004
6.60251091486
6.64523454263
6.6709658596
6.68519580823
6.69577599079
6.70800463013
6.73133808403
6.73787473672
6.74585075094
6.76908071774
6.79246370965
6.83114030839
6.83573496833
6.8464936508
6.88993786999
6.92552236772
6.95438174607
6.98944902597
7.01037861792
7.04980277744
7.06496808193
7.08878340123
7.1644587658
7.17229034909
7.19300018695
7.25784824433
7.28950890866
7.31063798255
7.33723225358
7.3638009341
7.39730727621
7.49946129302
7.6550818446
7.66518689103
7.71070879304
7.72497412729
7.78432535823
7.79416726588
7.83762429766
7.84012369535
7.88083193489
7.94085909442
7.96916104696
8.04160535385
8.06350873118
8.07860072738
8.12755723308
8.1969523118
8.37665012755
8.40605376725
8.41021270248
8.46385288533
8.49970105689
8.55017060125
8.55857974518
8.58302117077
8.65210874438
8.65980171385
8.73288298202
8.79288638929
8.81453195473
8.84309300258
8.87643506151
9.07467481942
9.13200885891
9.23088003212
9.2534717368
9.28136462142
9.364772332
9.44605082262
9.49181994759
9.61806469329
9.65911629949
9.74818823744
9.77486030838
9.94325496731
10.0402838664
10.178964523
10.3068114388
10.3341368168
10.4287867996
10.5020557479
10.6137606375
10.7014380647
10.8150840805
10.8724815651
10.8969341781
10.9419849835
11.1357762612
11.436213609
11.549852501
11.611914425
11.7243656825
11.9279270264
12.0033390074
12.0335307297
12.1126965929
12.2280162781
12.2936409128
12.3396887598
12.8701421471
12.9890702223
13.1498072732
13.5121679786
13.6346757985
13.797460321
13.9144318839
14.1765987392
14.3564640123
14.40099913
14.4814382834
14.597869145
155
