6.010645151
6.01576976473
6.02474828451
6.03933974351
6.05274147699
6.05641772974
6.06289544124
6.07486104665
6.07866753134
6.08355810422
6.10137721991
6.10543224333
6.10711918656
6.11306038629
6.11873343396
6.11950079786
6.13216816692
6.13547075665
6.15221078054
6.16030518319
6.16963006382
6.18259620137
6.19823615588
6.21149745239
6.22340553182
6.22752062942
6.23554037899
6.23715516568
6.23883788987
6.24286590107
6.25227895219
6.26352027587
6.33669890156
6.34234748686
6.35332575824
6.35712596778
6.37074624035
6.37559677906
6.39405441225
6.40862761991
6.41839329957
6.42496397849
6.4300811064
6.44739524201
6.52477076301
6.54306511714
6.60789341635
6.62369535356
6.62883139462
6.661682527
6.66310717127
6.68828754572
6.71738312177
6.73541284186
6.74534343651
6.7789099082
6.8190458291
6.86270111305
6.88470924533
6.92270262255
6.93358473193
6.94422857873
6.94620295946
6.95373976633
6.98123900015
7.0146195426
7.03972452197
7.04231104021
7.0583756278
7.07910998373
7.11918226472
7.13352870428
7.15240315135
7.20055700744
7.21635150329
7.23786350406
7.25245185729
7.26617583966
7.27546993647
7.30422172204
7.33698613037
7.37449235037
7.40230108386
7.43788870297
7.50963355939
7.53232667669
7.55276077066
7.58457356212
7.59639866206
7.63777588327
7.72243069987
7.7674822654
7.80552198771
7.8104011543
7.85785056781
7.88242010999
7.93183119874
7.94142660964
7.97647404522
7.99020282844
8.0163655808
8.02000037013
8.08687768053
8.13598828674
8.16725235918
8.19953754801
8.23448861302
8.31504682518
8.38692920418
8.43750389344
8.45121556678
8.50900721569
8.55992988507
8.59224285457
8.60310429642
8.82806851668
8.8743122398
8.95485246407
9.07515149599
9.15881814635
9.20531821321
9.2361527439
9.30832127077
9.37060036794
9.38008492634
9.44566468058
9.45228841257
9.50627746151
9.65369655634
9.69656230908
9.70281026585
9.82273715932
9.83442168995
9.93337555116
9.98264161492
10.0907052066
10.193245138
10.2449989983
10.3191439835
10.4578834234
10.4975405821
10.5474674726
10.6195982175
10.671892297
10.7555842604
11.161133884
11.3254114393
12.8027276434
12.9225955846
12.9814559526
13.1713717048
13.3309359916
13.5639641605
13.9059877731
14.1831034619
14.2598759789
14.447507189
14.9055755113
158
