6.01159558492
6.01677640327
6.02196809551
6.02933378866
6.03832520012
6.04697396542
6.08083684016
6.08177089238
6.16159233294
6.17030346304
6.17729705296
6.18315354043
6.19150814963
6.19748813713
6.2033868753
6.20678305828
6.20906397653
6.21493125385
6.22598414401
6.24197249587
6.26222778774
6.26907977597
6.27041421587
6.28236986347
6.65258870845
6.65424924799
6.66268876083
6.67881076542
6.6816157401
6.69842577241
6.71941110449
6.73567883295
6.75136812935
6.79389324788
6.80557389935
6.81546598819
6.84413648356
6.86293967587
6.90040236201
6.91170844039
6.91315886671
6.94739184943
6.97428572757
6.98154978271
6.99214445355
7.0861362976
7.10409955744
7.13411947375
7.14820442431
7.18119266953
7.25661635999
7.28768612768
7.28989228895
7.33137406945
7.37326509686
7.41917132987
7.47985051636
7.5645669624
7.58497501461
7.61385014139
7.86513789079
7.90829071889
7.96021659904
7.97767969478
8.01899039158
8.06159413949
8.12237714028
8.15547121524
8.17848559828
8.22940082486
8.50859903271
8.58070134157
8.61386817502
8.63749461154
8.68642398642
8.7620616678
8.84819334231
8.90549812709
9.04343616056
9.09276517811
9.19429012101
9.26722427604
9.32706015982
9.41782356142
9.50634777212
12.219922312
12.3636169968
12.5172901848
12.5510998755
12.9294315113
13.0191383166
13.1983697012
13.3630342506
13.5625766639
13.6402208727
13.9202479361
13.9367617016
14.6246151905
98
