6.00713358364
6.0105839665
6.01797557635
6.02216707061
6.02832882074
6.03274603767
6.0403385982
6.05714832096
6.06103886708
6.06709143219
6.07256741171
6.07789739479
6.08187562937
6.08689205543
6.12913176836
6.13453822394
6.14193701752
6.14255523439
6.14873421046
6.16231111145
6.1725963809
6.18039067673
6.19069202978
6.23433371091
6.24592019064
6.25173230744
6.26842628262
6.26963869399
6.31011821794
6.31950542977
6.32808907635
6.33992403718
6.52634161267
6.53665264015
6.55766479682
6.56199224249
6.6053954622
6.69206017673
6.7325050389
6.75545732112
7.29477083685
7.33702613045
7.35645226659
7.40452196564
7.41946683057
7.43938357808
7.48130898411
7.48687429103
7.51320234343
7.54766891069
7.57287788121
7.58169418619
7.58483396763
7.60946259173
7.6576616355
7.68644800073
7.74324130412
7.89359442876
7.89681785919
7.92873087574
7.94498692957
7.95709655628
8.04587959737
8.34588795827
8.43846783635
8.46097640617
8.49172187769
8.56764927103
8.57237713891
8.59165058553
8.63100939061
8.68401709208
8.70300414645
8.7770243277
8.86567895173
8.92996697043
9.767732487
9.77554833983
9.83670535124
9.93662199531
10.0258162114
10.2749896931
10.2844636052
10.3170076023
10.4484414215
10.5214303016
10.6488575858
10.7357224282
10.897320821
10.9410915359
10.9836808614
11.0035515367
11.1739493711
11.2736913481
11.3979563855
11.5996205423
11.7122830989
11.8254282691
11.9637943778
12.1195570249
12.3427778066
12.5572601739
12.6807966923
12.7938745462
12.8441596709
12.9789265609
13.1403309992
13.3651659361
13.4420062297
13.4669920054
13.7052974377
13.9295159292
14.1457386575
14.3528096841
14.4469557578
14.6503127898
116
