6.00334488101
6.0372228212
6.03922105563
6.04165315242
6.05485194112
6.07082666123
6.0935518744
6.10287191979
6.10545487496
6.11431520575
6.1182169619
6.12078818188
6.12364349342
6.1284467078
6.26674750868
6.28545447021
6.29531961166
6.29826984419
6.30360244881
6.31314283895
6.32677073276
6.32767428339
6.34473714381
6.37665138101
6.44283711523
6.44564552195
6.47032050732
6.48383566277
6.49390234919
6.50162347183
6.50401123436
6.52669284243
6.53900763183
6.59855573769
6.61810835148
6.63488184703
6.64810357933
6.71516325661
6.71833199875
6.77005364019
6.93122247474
6.95347665034
6.99802594851
7.01034149457
7.0352652638
7.03824076222
7.0667451791
7.08370169492
7.10465430763
7.13730360371
7.14712455958
7.16015846894
7.18564334297
7.26904080374
7.29304398975
7.31620994669
7.41470892393
7.4503634771
7.50073160598
7.51531886423
7.52787209536
7.56064408528
7.60147416057
7.62602591129
7.64511807671
7.67138283214
7.71834320328
7.75011235432
7.79871703282
7.87044348599
7.90907729363
7.94365830253
7.95659132314
7.97654938965
8.00791318994
8.08082396588
8.10733694647
8.1452524144
8.16831951522
8.27836281828
8.3583841033
8.8439608305
8.89328344914
8.97027269429
8.9972382183
9.07172071295
9.42290712643
9.49174834653
9.49837164903
9.58888208476
9.59349890891
9.62903658957
9.73374174666
9.85113167021
9.89547459201
9.91402598368
9.96967733226
10.1039137523
10.251934591
10.3674369605
10.4500518388
10.936119567
11.2032392476
11.40872333
11.4721973416
11.6551774396
11.7564675183
11.8849400127
11.9245303622
12.0875099007
12.2621279406
12.2852128602
12.6720383317
12.7061791488
12.7305956113
12.9305115787
13.1900737582
13.2535527257
13.3528404816
13.5915024205
14.3494206629
14.4304322051
14.8511470417
123
