6.00869499937
6.02000853601
6.02600478512
6.06487053577
6.06992847679
6.08737166747
6.09495300093
6.10399511959
6.11238754285
6.12547016766
6.13099863233
6.13568564248
6.14880006153
6.15008793946
6.1781465872
6.18368061532
6.19122979912
6.1941390432
6.2004776846
6.20747490159
6.21394302459
6.22288287552
6.23504421089
6.24574284185
6.25079397907
6.25575995295
6.27127351295
6.28230359771
6.29341057111
6.30618828696
6.31938961567
6.32139270281
6.32828771831
6.339266824
6.35178377879
6.38057852898
6.40009033616
6.41234456744
6.41854982372
6.42387056286
6.52502420416
6.55325436999
6.5762383037
6.5886401603
6.61289749937
6.62355987703
6.62797765257
6.65931672199
6.69422043057
6.70839944771
6.71642029844
6.71802009674
6.73004743643
6.74554227702
6.7551065271
6.76417822793
6.85071010003
6.88487718277
6.90295804207
6.9255086797
6.97692310674
6.99021567073
7.01738379149
7.05392352898
7.12639865429
7.16190599261
7.19587406919
7.28477460672
7.29268011937
7.32936628195
7.37100197394
7.3895133249
7.42644858137
7.47509688078
7.48230786092
7.53290747095
7.53589186491
7.56326900196
7.63696813684
7.65077314495
7.66704941502
7.67035441084
7.7094018014
7.76163268302
7.81660530198
7.87953922661
7.91579199112
7.96336700173
8.07359964733
8.09450845486
8.16846267796
8.20494472733
8.25096404854
8.26428826749
8.31172152335
8.36207043817
8.38628205469
10.4527264409
10.5416321858
10.6857264349
10.7822322291
10.7964622042
10.8373341831
11.7336782184
11.8095364347
12.0336527092
12.1057876228
12.1455197549
12.3066107398
12.4507858675
12.5236395696
13.0128610202
13.0886673642
13.2511153494
13.3920537141
13.4969859636
13.6782398218
13.8379447153
13.865992804
13.9857850777
14.1348389868
14.321458292
14.828109587
123
