6.00209660208
6.72788101323
6.74525300205
6.75145616897
6.75972730886
6.78063730227
6.79980519124
6.82551247932
6.94499998464
6.97630752116
6.98350604057
6.98782210438
7.03890791288
7.06663626335
7.2143845041
7.28839866617
7.39581632883
7.42798541472
7.45308136965
7.47587338148
9.00141038451
9.12000563082
9.17013523569
9.23043085853
9.31514183518
9.36243952212
9.80146766226
10.0144428765
10.1052529285
10.1933523964
10.295452823
10.4344146855
10.518620503
10.5685678782
10.7836558898
10.9365850895
11.0429069626
11.169557791
11.2083685704
11.2835171872
11.349800799
11.382779946
11.4431471335
11.7573065412
11.8089408957
11.8865092188
11.9006372344
11.9960235467
12.1017479398
12.269419238
12.3886995856
12.4386243379
12.5746283396
12.9539551196
13.4564964693
13.533524995
13.562048559
13.6926400969
13.8608267502
14.0053410027
14.5077233802
61
