6.00270794847
6.03518150656
6.04774576131
6.07592863559
6.07754809945
6.08973579812
6.10054146467
6.10835825213
6.11410326339
6.1295842492
6.13656039548
6.15011279202
6.15530840896
6.16737325376
6.18389702388
6.19671817498
6.19996069759
6.21339454348
6.22229812147
6.23723360184
6.24518466657
6.2583259356
6.26299813442
6.2725357604
6.29535206221
6.31161469193
6.43002720959
6.43251373828
6.45850936074
6.47923626256
6.52011753083
6.53276021172
6.56867737824
6.57849759968
6.58720961364
6.61406390029
6.62609058421
6.65383129261
6.66718423766
6.73540188418
6.77957221047
6.79513780182
6.95214387016
6.96745714709
6.9814234518
7.07514899931
7.10022849473
7.118239124
7.12507447701
7.12681722935
7.13634102549
7.16834488835
7.19366856515
7.1958386738
7.24067883135
7.26719956652
7.27459611925
7.27888631884
7.28904679345
7.33433950247
7.34769275328
7.6373246732
7.66252977178
7.66768794895
7.69772119628
7.72475691232
7.7474623907
7.76886797619
7.83061831981
7.84554127287
7.91031727797
8.04254703587
8.10614007077
8.17111371877
8.18520988019
8.23307362345
8.23676186998
8.34664049864
8.3988200797
8.41149409822
8.45020967727
8.66122788795
8.68930227031
8.77504727043
8.84813387712
9.22506220784
9.25131139932
9.28882422846
9.32670834558
9.37861326655
9.42374297992
9.45232010499
9.55088437443
9.65562485089
9.70041035567
9.75934338655
9.82509706499
9.87347523903
9.96135138697
10.1043112694
10.1482092799
10.2586532695
10.5550417657
10.5949304663
10.6467430445
10.7258940956
10.8660223044
10.950534061
10.9974880418
11.0993939851
11.1948919774
11.2605039693
11.3113356901
11.3845318543
12.0406371038
12.1432026337
12.356674712
12.5152349497
12.67488144
12.790341846
12.9050261417
15.8445247376
122
