6.00970023514
6.01896641849
6.02902974144
6.03325104646
6.04192449711
6.04445277823
6.05143728282
6.05882964893
6.06094523511
6.07141602997
6.07545946212
6.08599045654
6.08804088144
6.09729709881
6.10834468713
6.11599462399
6.13527438529
6.16976247714
6.24277996613
6.24386344341
6.3512532851
6.35606893821
6.35972266161
6.3644052171
6.37349216447
6.37705276805
6.39375970496
6.40068251309
6.40780909359
6.41178265969
6.41351053339
6.41621870462
6.42335517018
6.42561415141
6.44406737189
6.4543606113
6.46692869234
6.47875454798
6.49328860427
6.4949853558
6.51972777214
6.53158332245
6.61404830279
6.63010348454
6.67914051317
6.6876880712
6.69062153579
6.69977233798
6.91408346176
6.93894125456
6.94312138744
6.97909944155
7.00959561683
7.02377110936
7.04835582081
7.06072501055
7.08827577894
7.2471844218
7.30433282193
7.3900818935
7.43694160104
7.47319837227
7.49259713256
10.4878948053
10.5226416433
10.5558437723
10.6249882521
10.6876857617
10.7282835822
10.7544928133
10.826731006
10.9760026221
11.01939569
11.0679310489
11.0844894392
11.1387679033
11.1590704535
11.2101194663
11.3033328589
11.5808401429
11.897568094
11.9179862585
11.9977750817
12.5483473264
12.5610998321
12.7743691067
12.8424866235
13.1683674757
13.1813031476
13.3357481059
13.3788995305
13.4490957869
15.5911908923
93
