6.02885297371
6.03558682168
6.04774231528
6.05676440641
6.08120745836
6.08738049581
6.14756046628
6.15304961688
6.28440260581
6.29499333995
6.31981280841
6.3260613103
6.34011065683
6.34627244455
6.38240315764
6.39208370684
6.39398040612
6.40294397006
6.41927493751
6.42728500476
6.45606734617
6.47259874123
6.48001980803
6.48737246245
6.5060901481
6.53330751507
6.54277945875
6.57060422309
6.5965219243
6.60732295198
6.6281096371
6.66270905545
6.68108718559
6.69370337553
6.69564039598
6.71676323141
6.72667150215
6.74043614751
6.76397864924
6.77142974823
6.79331725878
6.80048303175
6.81564994139
6.8345574099
6.85608576225
6.86057473367
6.90410029865
6.92335503916
6.93430378347
6.97625694541
6.99133074078
7.00448798736
7.08153783013
7.11045721897
7.23086551462
7.24991407955
7.25963629028
7.27208214645
7.30337747411
7.31096369347
7.33254435561
7.40912136961
7.42730048308
7.44525694251
7.76401958874
7.78863227325
7.7948149039
7.82386441349
7.90612126559
7.91614664974
7.9666337354
8.10165843852
8.34605915678
8.36239628218
8.388764941
8.43738658505
8.49032351382
8.58603993223
8.64357964006
8.67746832994
8.74415836413
8.79555992563
8.83099771013
8.99332784773
9.02808695594
9.05322889342
9.13510377037
9.17928791599
9.27947084607
9.33131432784
9.41018505884
9.45749151179
9.61726209117
9.69361409576
9.72150566448
9.96266377123
10.1290029415
10.1713716449
10.2022294796
11.5893603121
11.6710103252
11.798038961
12.032607854
12.692795646
12.8977688234
13.1927639512
13.3694029005
13.4560755701
13.5549824944
13.6272145552
13.9711594834
14.1594938965
14.4421864427
14.6030984836
114
