6.00661656057
6.00926580955
6.0293843214
6.0433889855
6.05564323681
6.05899884061
6.06715873647
6.0864629585
6.12451666461
6.13355811962
6.14435330053
6.1461023757
6.15222493666
6.15871343245
6.17295682795
6.17667196424
6.20838567525
6.21563040514
6.21998556473
6.2248285588
6.24800131964
6.27831415549
6.28422796157
6.29065221252
6.29988920864
6.30530302765
6.37063844399
6.38030756805
6.38711502042
6.39915993914
6.41045102335
6.43931805614
6.45122051964
6.4553835963
6.47838295539
6.48951871696
6.49184879261
6.51787141049
6.52678431947
6.5327447713
6.55086799251
6.71595507358
6.73343161048
6.76080640341
6.80605085975
6.82084496568
6.85263767112
6.86498350094
6.88884027985
6.9033466575
6.92497613394
7.00130233485
7.03033247405
7.04392907331
7.07589352607
7.09407473914
7.15782817559
7.21492345424
7.25747002619
7.27507502253
7.3207152992
7.36366326204
7.38126113405
7.4263426079
7.44783355333
7.49543680572
7.50475267223
7.55055949074
7.56383638451
7.59863852199
7.60884203738
7.67135586332
7.78396956889
7.79821723889
7.81722989988
7.85570888697
7.88046921801
7.9832524705
8.02415970556
8.05982518705
8.11530036737
8.12881835349
8.13494836357
8.16116953813
8.29006159403
8.32665675366
8.39992195373
8.43585578279
8.48591639875
8.56262525851
8.58220881948
8.68870047379
8.71967404797
8.77790653793
8.86088560634
8.94475942031
8.94961311792
8.98033529597
9.01130916426
9.03655839409
9.15166921919
9.53847776501
9.59191171295
9.62905044402
9.70698222704
9.92615322508
9.98925738743
10.20203199
10.2301451157
10.3177731367
10.4356316128
10.4993026356
10.5575421227
10.6099651466
10.6850296094
10.6936667622
10.7100609201
10.9365542993
10.99085305
11.1146439199
11.4098299522
11.4587515117
11.5474891267
11.5988852474
11.7002107995
11.8240636387
11.9870762036
12.0086750609
12.191643412
12.2823802102
12.3184396981
12.4249290239
12.4998631186
12.6580552668
12.89625562
13.2232232098
13.3244357343
13.3441160579
13.5680229285
14.6402555432
140
