6.00066789032
6.01277335802
6.01887193782
6.02150724808
6.02608714451
6.26644416237
6.27814923318
6.29586812066
6.30680388113
6.32061069458
6.32812018111
6.34983745796
6.36771081521
6.38758837107
7.16219940761
7.16381832029
7.21161820886
7.22938926642
7.25514729001
7.28596032098
7.34489813185
7.35714068754
7.4987950535
7.51648267258
7.53040254006
7.56752541593
7.59716009416
7.6441833551
7.70279958003
7.7641465908
7.7734239236
7.86355105451
7.93962880967
7.97786887275
7.9872607497
8.03446095824
8.23965708191
8.3254337912
8.43997316639
8.46385509853
8.50147528519
8.65299921137
8.70914648297
8.73536135566
8.74498606215
8.78502671378
8.8338047268
8.87993376621
8.90635998672
8.92598703645
8.99808178511
9.0426589162
9.09033959574
9.19189725521
9.22479708703
9.27995493812
9.36705322564
9.41631540488
9.43113880086
9.46676195414
9.56698247611
9.62835496052
9.75979759856
9.77303015699
9.82272759414
9.90356284158
9.93639432026
9.98921946251
10.0944489992
10.1721134061
10.2216157629
10.2969238823
10.4652721517
10.5135820878
10.5699348558
10.5942849737
10.6167454265
10.9547982932
11.0859297247
11.2391114433
11.2929318802
11.3316163333
11.4154864063
11.671519744
11.7713178293
11.9457019282
12.0866230825
12.1899267499
12.3152214388
12.465288385
12.6659857116
12.7931731286
13.0094548501
13.0280702109
13.1468601271
13.162328355
13.2502169017
13.2998967961
13.3943699639
14.40459133
14.5228887261
101
