6.00480905375
6.02577344655
6.03161004097
6.03750349486
6.04692237074
6.04889946587
6.05213557773
6.06262541271
6.06624159436
6.06928798178
6.07162722286
6.07825617571
6.08335646993
6.09328271298
6.15651804964
6.1738369476
6.17742467266
6.18973684977
6.19271227604
6.19556094151
6.19693766023
6.19771265102
6.26574294095
6.27011629561
6.27522680432
6.30047474045
6.31968665343
6.35214732358
6.35756226311
6.3610233743
6.36852699099
6.41943020113
6.42174579363
6.44176775735
6.44474100759
6.45870400168
6.48061167893
6.50647517513
6.52118979598
6.54723138065
6.56717269244
6.57567879436
6.58215349932
7.25923193347
7.29347710549
7.33842108935
7.36173399534
7.37188716567
7.38916086697
7.43307624255
7.47755094302
7.51727895673
7.60209669332
7.61408009457
7.63203429422
7.65853681434
7.69791816604
7.71526567693
7.72772813183
7.75592683079
7.79182670172
7.83783023384
7.88653151978
7.96153561265
7.98483688752
8.03654038497
8.06199332393
8.15234654116
8.18833659553
8.24697382281
8.25235809498
8.29838092785
8.30864070043
8.31297680051
8.3540505499
8.39589628236
8.40199068038
8.4213978153
8.44575511391
8.49683290891
8.53285137227
8.64549674733
8.69824978292
8.71613313093
8.97498677448
9.01901819888
9.20170828726
9.27805381724
9.31599990264
9.34538160607
9.38890605341
9.41275518443
9.45621368664
9.51165042295
10.0608678998
10.1091706736
10.1190102012
10.2407272947
10.4267728248
10.5820739398
10.616335061
10.6769226119
10.7176828503
10.7980379477
11.8598188848
12.0028366052
12.2830041589
12.3084303128
12.5221948317
12.5793200906
12.9506903521
13.0339840974
13.1348591272
13.315790299
13.5676166502
13.6414952116
13.8094238666
13.9496791482
14.0784930415
14.3020268291
14.433352702
14.7104673969
122
