6.00431563874
6.008105911
6.02740679519
6.02806154663
6.03346481952
6.03429725112
6.0449684182
6.05067673647
6.05992940645
6.06180933328
6.07203482589
6.08517318712
6.08897055784
6.09863490416
6.10990663341
6.11662184291
6.12886933203
6.14394588157
6.17192363901
6.17485780297
6.18233697785
6.18964377587
6.19657572361
6.19946151172
6.21833401575
6.23431142026
6.23861372706
6.26085355083
6.26993405114
6.28472884625
6.29419363574
6.31446965765
6.32051141011
6.33196564304
6.35505657929
6.35722045317
6.35819463675
6.36934914375
6.39848410675
6.40648753508
7.50673098667
7.54484752018
7.56791356682
7.58125743561
7.6226514396
7.65094285904
7.65743116308
7.69794266932
7.80618094446
7.83555474915
7.84467502091
7.86362939485
7.90339435337
7.92563286279
8.00759466377
8.03541712253
8.09383057346
8.11534900877
8.17280010216
8.21304810813
9.05847898779
9.51290109095
9.59946194196
9.60596481589
9.69271613441
9.82440498119
9.95588073397
10.0266413465
10.042337545
10.1400375238
10.1859899361
10.5030473027
11.3551767646
11.6001404668
13.1573333345
13.5659597157
13.6071971619
13.7899930108
14.054109942
14.1806684983
14.2836508218
14.5869398007
82
