6.01576516053
6.02367732881
6.0365794524
6.05538651741
6.06321858473
6.17248536791
6.17523102057
6.17606154373
6.18379259292
6.22085163652
6.22919237227
6.24731753622
6.26648413339
6.29276381808
6.29837769713
6.31376282531
6.33218950348
6.3646965781
6.37967344242
6.38914009109
6.41055182505
6.43739913705
6.45236171168
6.45500779443
6.46646598312
6.474727627
6.48434427594
6.50400027915
6.51614037733
6.52822034695
6.53974911248
6.55038219411
6.56222903934
6.56344242311
6.80166569507
6.80381075245
6.93719963479
6.94847939489
6.95438182185
6.99551808125
7.02026285813
7.03655580513
7.03979374483
7.05030353694
7.07359550997
7.0906203174
7.09226982297
7.1399800014
7.23736907184
7.24799595921
7.28807270637
7.31757587924
7.33962122623
7.40215671746
7.44152569943
7.52910389083
7.64415826478
7.68134863853
7.69743151281
8.44207471151
8.47763725275
8.51423725154
8.5634003213
8.57786051973
8.64468165025
8.67850678238
8.86413845441
8.89635672181
9.03489419289
9.12796070626
9.23822051983
9.26279756184
9.30308495601
9.35881522504
9.38576249265
9.44796712576
9.51451006933
9.54868036229
9.68098000724
9.70349063689
9.76030869712
9.84345329192
9.92212686526
9.94928981484
10.0891309361
10.1292356983
10.1795173171
10.2903268843
10.3716500539
10.4309504351
10.4640571465
10.5752128521
10.5947716704
10.7437018592
10.8611016181
10.8731010343
10.897546201
10.9952499344
11.1685459392
11.2869853702
11.351546548
11.3611999993
11.5503212019
11.7383167254
11.818452053
11.8734261194
11.992996807
12.0909691324
12.2386928396
12.5159852923
12.607454215
12.673315319
12.7571151878
12.8075406812
12.8201775193
13.0160015396
13.1497609048
13.3404447835
13.4176889223
13.6392315418
13.8722155
14.2575840913
14.2753334719
14.3866529812
14.5382379492
125
