6.00625457761
6.01170757675
6.03352049862
6.03587520875
6.04296557145
6.13188866371
6.13251682127
6.13494940014
6.14154305527
6.14815602753
6.15444451977
6.16850109394
6.17620086661
6.18639915954
6.20277353099
6.21441677099
6.23081533411
6.23938881641
6.25895092876
6.27682087474
6.28672491733
6.29485568193
6.30375698156
6.31863344036
6.36048735568
6.36568269427
6.40594552444
6.40817168835
6.7301266645
6.76524106095
6.76724741053
6.77025529977
6.78210268736
6.79670758766
6.84268634041
6.90552676587
6.9164741592
7.690202419
7.70426799414
7.76680053895
7.78147829148
7.81815305323
7.87502819013
7.90901931395
7.93562025369
8.02464650758
8.08095615761
8.15551050934
8.18249810713
8.20206792121
8.23914896154
8.29490110892
8.33186953662
8.34628471159
8.3802521428
8.40223322587
8.46915579366
8.49215469981
8.57613831088
8.58776497492
8.62036990238
8.66279313315
8.68468507619
8.7577920001
8.79920120265
8.83705300471
8.91592374411
8.95992203938
9.05451314777
9.09614753254
9.22068290854
9.31792060273
9.40771785669
9.52445521518
9.63134450833
9.76266009173
9.88870645676
10.0355399737
10.0960571063
10.1435239913
10.2062923819
10.2769784279
10.4386300754
10.5505737137
10.7087173788
10.8074470549
10.9179290088
10.9894707375
11.0310280867
11.0972710668
11.2124262477
11.3138987529
11.425157174
11.5799168158
11.8661759357
11.9988728106
12.3524000444
12.4992850877
13.0192478142
13.1032589757
13.235317178
13.2947555165
13.444253461
13.8375901003
13.9427029386
14.2592747018
14.4713296581
14.6107741969
108
