6.00529502966
6.01502520733
6.01705111352
6.02392950935
6.0332811576
6.03585052928
6.0690931546
6.07475233716
6.07754224086
6.08452532844
6.08525760415
6.10271762102
6.10832994273
6.12402342829
6.12768824973
6.1380878252
6.1764493246
6.17766773631
6.20427984507
6.20860727233
6.21650788691
6.22375284623
6.23387189935
6.23889907416
6.2417600474
6.24968464353
6.25315103887
6.2539685264
6.52101549616
6.61070514924
6.61899342399
6.63421081754
6.66313885947
6.68893563427
6.69353902034
6.72486964727
6.74430868486
6.76149200541
6.76834650507
6.78185383894
6.7912616337
6.82838460045
6.84434485485
6.88399443864
6.89870810313
7.01941950444
7.02527258828
7.08542120902
7.09703796167
7.13353705986
7.14922923577
7.15823857654
7.1765374993
7.17932743625
7.26688599408
7.27821484563
7.32083813475
7.35001490055
7.38380847325
7.40573437881
7.42060797195
7.47061885865
7.53844573568
7.56588174337
7.64031276652
7.65632923411
7.77229155652
7.78040969285
7.78537601749
7.80366314286
7.84946333748
7.88015509714
7.89275692872
7.98315662282
7.9911812038
8.28576121409
8.29804397409
8.30969811735
8.32856845013
8.4079882622
8.43781104783
8.48674060576
8.51206212511
8.53919391335
8.543331665
8.5742340119
8.65067756658
8.72326467551
8.78229043911
8.86759669219
8.95081600814
8.95584089378
9.04981559512
9.07400094302
9.11770017872
9.15526384088
9.40299108697
9.41096226744
9.536281505
9.57779959601
9.60359474175
9.63124582752
9.74058620809
9.76490752229
9.80683985999
9.91508435389
9.92961249967
9.99950142563
10.0471234661
10.1695608268
10.398269127
10.4719004424
10.4786180777
10.6335853514
10.6586011092
10.7294122317
11.1932577361
11.3836766954
11.4730143732
11.6619508938
11.7829987845
12.3083116305
12.4355939991
12.6368603981
12.7427670133
12.8249494676
13.0370469748
13.0920174482
13.3486980124
13.4160660767
13.4408006432
13.6510830286
13.6676370837
13.9882000049
14.0005350306
14.4444255901
14.6382470683
137
