6.00106007015
6.00610175659
6.01013130188
6.01879828568
6.02320235209
6.02641317391
6.02940749012
6.04943327902
6.05034352207
6.06167075504
6.06716774284
6.06805132346
6.07157093462
6.07452898359
6.18661736863
6.19911257684
6.20710582717
6.2114812264
6.21941758323
6.22210257527
6.22544533832
6.24158224098
6.24389976278
6.25097307556
12.2408449146
12.4212732024
12.4600771898
12.660044659
12.8056055576
12.9026888021
13.3263573974
13.4177085903
13.4960422477
13.6694674036
14.0746360144
14.266811089
14.6655142352
37
