6.00248061061
6.00538242568
6.01262822847
6.01944511882
6.02761724518
6.03767976274
6.04911395803
6.05012868305
6.05445578117
6.08447590697
6.09680506845
6.10111134156
6.13195874536
6.15475379953
6.17484714566
6.19391353542
6.21437965002
6.22151665216
6.23050900308
6.2359562603
6.24225756062
6.25749619006
6.26294730559
6.27220610323
6.29688056169
6.3123630604
6.3225894658
6.3365016741
6.35250649883
6.37227596856
6.38592730526
6.40312706556
6.40497129901
6.4135947454
6.42056823206
6.44296457197
6.45920115543
6.68693920327
6.69446730565
6.70115359671
6.71980500544
6.72798441713
6.72989550136
6.73101415057
6.74779226157
6.75615600121
6.76300602777
6.78998156806
6.80766498487
6.82345343351
6.84301424404
6.8609538592
6.90214053927
6.91176817585
7.2883322437
7.29347535156
7.33223320091
7.36902793414
7.3921118319
7.60665321907
7.65414586487
7.65712280065
7.68189907179
7.71020059131
7.73537148783
7.76254117877
7.80513672113
7.83766230034
7.87592821558
8.28739504731
8.29199521392
8.46506521792
8.54268761656
8.57823361569
8.65631975392
8.72687930117
8.8024268934
8.85098356457
9.16491467936
9.22434935747
9.34579087709
9.4156762946
9.43240311809
9.49516599551
9.55174165311
9.6327259631
9.68734130456
9.70409719992
13.6372981263
13.8556878845
13.9310624528
14.1734944166
14.4428466167
14.5183533319
94
