6.00229138073
6.00411439828
6.00817731811
6.01325678141
6.01664347001
6.02194629518
6.03026402138
6.03528562354
6.0441566241
6.04508620908
6.14259199065
6.15230090839
6.1584594407
6.18334579921
6.20863840958
6.21214916432
6.21370906488
6.24359747265
6.24618911624
6.25749176031
6.29487225211
6.30641719426
6.31551709439
6.32414504192
6.34890362358
6.37171684256
6.3779445619
6.38580256007
6.92641676047
6.93940949868
6.94389886477
6.95706261315
6.98421143412
7.04722914646
7.06781481157
7.10466317043
7.15671950567
7.19093342099
7.19992748254
7.2258620879
7.29680559698
7.32681551027
7.37332124619
7.37929840057
7.43484231141
7.50263989295
7.50734760896
7.53394352658
7.59229353252
7.63219283984
7.76944983674
7.83032018151
7.89432517101
7.91920997488
7.95468272717
8.07662079468
8.08521888729
8.15078364902
8.1785108533
8.20904104891
8.23256425222
8.29787503731
8.31108013367
8.31936722994
8.51376070496
8.5759602019
8.64232013069
8.69484932937
8.80562231723
8.82626440811
8.96886358366
9.0164223475
9.0255097816
9.064497016
9.42584075199
9.47321823691
9.58171495866
9.70752736795
9.78374791617
9.85637225968
9.88268737025
10.1555774187
10.1626169098
10.297545764
10.3124920815
10.3703678371
10.424281566
10.4944999851
10.662764859
10.7037792088
10.7811033602
10.8978975937
10.9759868095
10.9831369549
11.0561023791
11.0839454221
11.2158301233
11.3726418197
11.6574528036
11.7758997667
11.9114747207
12.068071193
12.1282932046
12.2228792834
12.2714970761
12.5106897396
12.612269742
12.6567825981
12.8108201796
12.8539914912
13.0112396652
13.1913381766
13.2293753854
13.3174167389
13.3344575698
13.7052685655
13.8530233963
14.040440107
14.531721384
119
