6.00321374831
6.0101248249
6.02058700275
6.02692965293
6.03112133291
6.03791118547
6.04325195168
6.05383719831
6.05863652035
6.06188101904
6.10718271198
6.16628301849
6.17113810537
6.17827522724
6.18551878261
6.19212033792
6.20963439898
6.22993126541
6.26007135397
6.26749493519
6.2707258124
6.27556261686
6.28397413935
6.33242806105
6.33338643877
6.34648534
6.37631969371
6.38329128575
6.41997512695
6.46215134556
6.46816546515
6.47945823758
6.48530376155
6.48773689181
6.51530333739
6.55309929807
6.57478458767
6.5878091777
6.75295543078
6.76254156988
6.7807391414
6.83007195926
6.86231848122
6.87568280117
6.87974262826
6.88353471925
6.90776931961
6.92562836585
6.92852242973
6.94319269749
6.96364074803
6.99581169007
7.00238177485
7.12627014869
7.16348436142
7.19077555837
7.2110996008
7.2650235147
7.29216514028
7.31182740974
7.33580210838
7.36377451098
7.41330632199
7.44384093781
7.4998613979
7.55053779514
7.553318246
7.57470823279
7.59549962329
7.62540513351
7.63953769501
7.69225421987
7.73795539387
7.79127579286
7.81580033909
7.85050661263
8.02015623412
8.04123571939
8.0925837431
8.11009889521
8.32304116037
8.36202204252
8.3722710626
8.3965293653
8.57711018813
8.71056967471
8.71417939086
8.73867513673
8.80722709377
8.85076024601
8.89683486009
8.98685362118
9.04023280115
9.0874431142
9.10414097424
9.18172763704
9.27651280059
9.31660762309
9.36085208386
9.44339474349
9.48075354527
9.51742332812
9.58525797553
9.78681742086
9.8480478199
9.92043955048
9.95043248895
9.97336995899
10.1811752487
10.2555633573
10.322156099
10.355567512
10.4393908692
10.4799458435
10.598495285
10.6444585801
10.6740215147
10.7884847559
13.0479213576
13.1079449184
13.2723163491
13.7002686165
163.387404161
123
