6.00630545912
6.0186913492
6.0191090082
6.03852506505
6.0570560248
6.06315255685
6.06850933835
6.07271729501
6.07680131941
6.08643720217
6.08781841332
6.09342826274
6.10104530086
6.15417419865
6.17248320389
6.19025960142
6.20145595134
6.2140093162
6.21654800441
6.22449915314
6.22636010256
6.2378050795
6.24213760469
6.24446898045
6.25010893046
6.25858915243
6.27544642925
6.28180062067
6.29013184347
6.29736815251
6.2996062642
6.3049279558
6.33427426022
6.33906917309
6.36658590602
6.37540184615
6.3781520856
6.38980359715
6.40218317199
6.42603550412
6.44813136964
6.516741827
7.74604476414
7.81726525256
7.85599544974
7.87333650958
7.91371156379
7.94325268892
7.98436106003
7.9922761255
8.06365084098
8.08548156166
8.10040105601
8.12346692817
8.15569007259
8.19447500826
8.23109863126
8.2985702272
8.32268951894
8.37107340998
8.42813172444
8.47101214702
8.47858257029
8.48154111025
8.51453903288
8.52230871482
8.56865425139
8.57247213545
8.611495102
8.67795535091
8.78881441427
8.79736501471
8.84514663916
8.86542792575
8.89316879104
8.91229115793
8.96805252619
9.04258967607
9.07547847902
9.18019739513
9.21260756024
9.22838202543
9.26981469864
9.34612860128
9.36839720815
9.40639749988
9.42599786767
9.51749828933
9.58015549819
9.67260923546
9.72809130547
9.77625570445
9.8933141726
9.92722984808
9.93277343069
10.0204043174
10.0266407314
13.1580626684
13.3908720427
13.4561250341
13.6854833763
13.832969143
13.8512086941
13.9389193541
14.0089421673
14.131212968
14.3429328329
14.6149327945
108
