6.0051976191
6.01711129343
6.07825193712
6.08884400463
6.09948485061
6.10017575104
6.10112862943
6.10627229396
6.18230986264
6.19603895207
6.20074468699
6.20483315482
6.21751674654
6.24348412465
6.24847865744
6.26637005802
6.27399995828
6.28778945391
6.30526486301
6.30591465401
6.31251007534
6.31751329258
6.32552407061
6.34596011458
6.37188922423
6.38848005867
6.40379860339
6.40813868447
6.43752944087
6.45897779236
6.46860514611
6.47914465819
6.48973667801
6.51053233828
6.53568951616
6.59439857779
6.60255090146
6.61124818294
6.62993464905
6.63554607367
6.64686399118
6.67864087804
6.70286691033
6.72747215308
6.73643457732
6.74939288998
6.76077846932
6.79363117104
6.82093774769
6.83478470507
6.84862598379
6.86029628594
6.8943924242
6.91548148214
6.92206970594
6.93487627042
6.96606338429
6.9749755638
7.01534572064
7.0287729895
7.05371270616
7.06489608348
7.08475571715
7.11787278975
7.62056386632
7.66463898226
7.672683851
7.67614908818
7.69414704961
7.74071809306
7.75150675557
7.8402774796
7.88909336322
7.91711969756
7.94633637158
8.01607327748
8.05511833482
8.07381820665
8.10056338169
8.1483057322
8.18614077927
8.23823885582
8.25555174044
8.27542678897
8.36252256155
8.4522434843
8.46930972884
8.51463014262
8.55146525939
8.60032872726
8.64276108333
9.25465040892
9.3032438986
9.33252747282
9.44752952923
9.48750891502
9.49588924528
9.89469215213
9.9667726479
11.6184767186
11.6288779887
11.7358930326
11.8099649234
12.0101182326
12.1154083419
12.2703955985
12.4451718175
12.488378268
12.5155436763
12.6582459193
12.7139406595
12.9614791927
13.0777164113
13.2214471025
13.3277405797
13.5176868997
13.5751431277
13.7646907699
13.9462501329
14.5713606413
120
