6.02950934937
6.03716447076
6.04138031607
6.04930281399
6.05717573326
6.08166827461
6.09317510753
6.09939479275
6.14400089031
6.17630483626
6.19359286577
6.20325822318
6.20946928653
6.2297608284
6.24440922783
6.25218475993
6.26455461686
6.27607480325
6.28703970547
6.30741490719
6.31611511687
6.3276880348
6.3437580407
6.35492425573
6.36836909554
6.37563621752
6.38397535636
6.38902984767
6.39328503197
6.40272837245
6.4158093505
6.43502719738
6.44572121459
6.45157673273
6.45859763124
6.4814175618
6.51251269777
6.52264917899
6.53185565673
6.54613186794
6.56388651061
6.57108178385
6.59055676653
6.59807509403
6.62200831613
6.64536960584
6.66092618105
6.66869128744
6.69442539463
6.78625145085
6.80092998031
6.80798681661
6.82524508487
6.85219186141
6.87214443757
6.87909723719
6.9057689326
6.91237894539
6.91760655183
6.94069307907
6.99711675745
7.0005314677
7.00275037603
7.00504989327
7.0340925757
7.05994455339
7.073823747
7.08086680439
7.28476284495
7.30619662595
7.3741278978
7.42440242358
7.49551620092
7.54674655449
7.57051478148
7.62415331214
7.66875211062
7.69445481686
7.72362329053
7.72663959081
7.75391782268
7.76660843259
7.81325991727
7.81881482761
7.89386328082
8.09901461882
8.17038555578
8.20448834047
8.26758085842
8.29909775767
8.35138336482
8.41643510415
8.4605907736
8.55385663796
8.59552346397
8.63413100999
8.73170049499
8.76127623782
8.80182009501
8.87913451758
8.91644301009
8.93699124034
9.78221961428
9.84317912244
9.90917605108
10.200782327
10.4896014311
10.5781538357
10.6850413238
10.7951428031
10.8466410664
10.951916781
11.0391385677
11.1679933386
11.2594566776
11.3756288072
11.4621642443
11.695629194
11.8044879774
11.9658637463
12.0547682789
12.2045393081
12.2795016494
12.3567860746
12.5846111789
12.6842596769
12.8206521158
12.9249459858
13.1793287776
13.2671037635
13.300681082
13.4923547781
13.6988230713
13.9437724355
15.30365355
135
