6.02357376082
6.21863157347
6.23455032744
6.24989037258
6.26280843909
6.26514734024
6.27719989488
6.2798652008
6.28614602763
6.2868454065
6.29309313483
6.30673585468
6.33956626299
6.34978934181
6.36237863516
6.37072106272
7.72861710765
7.78199197374
7.83084568916
7.87199026753
7.89314915029
7.91215304913
7.93326795766
8.05383550802
8.05930011366
8.11440263005
8.18824150448
8.41942104597
8.44962401072
8.47419724584
8.65032445464
9.20878045751
9.27910663657
9.53616236449
9.59861025928
9.69983249923
9.76889338736
9.81765476254
9.83878883654
9.97836569438
10.0023620583
10.0266253306
10.0354352558
10.0568817185
10.1810892028
10.2793135492
10.3247353499
10.3979130119
10.4560882767
10.5590738373
10.5779152176
10.7005329926
10.8697676567
10.9140829475
11.0978406955
11.1450581693
11.3372173488
11.3804523179
11.5517908843
11.6419695786
11.7456170415
11.8053281425
11.8670066543
12.015497179
12.1070758637
12.1681576506
12.4377262954
12.540254715
12.6614755696
12.84570352
12.8921668165
12.9714182529
13.2409869029
13.3072530474
13.5006516959
14.122619567
14.6093000896
77
