6.07741737059
6.09888230745
6.10606022764
6.10695778368
6.11641602383
6.12889299569
6.13836973321
6.17236270252
6.18038271995
6.18485473005
6.18962707203
6.1926882981
6.20055166172
6.24127351216
6.24430815815
6.25324162705
6.25818813084
6.28786574315
6.31890496025
6.33865209556
6.3434538079
6.36008384567
6.36130154855
6.37681622614
6.38240574945
6.39242856347
6.40116004023
6.41322012739
6.42086472436
8.50222513456
8.55268611931
8.57641085909
8.61146141049
8.63471283387
8.63850043459
8.70063301565
8.78417950089
8.82334553144
8.85645868884
8.97140500508
9.00131401976
9.04100968552
9.04820744657
9.19742391447
9.23822880309
9.29311095164
9.2983052827
9.37255244589
9.49868651417
9.50722287969
9.61564683533
9.6977271463
9.77451134152
9.82069717101
9.84138138387
9.90465145654
9.95055372421
9.95753689034
10.0272769296
10.109359874
11.1628050559
11.2858317024
11.3674503401
11.4658644401
11.5355500864
11.6913984648
11.7336523644
12.0290020643
12.2795754595
12.3709123295
12.4948755534
16.1603636291
72
