6.00181142266
6.00689489309
6.01102978649
6.01762381809
6.02848713161
6.03532254147
6.04584584952
6.0487678804
6.06109801734
6.07893382524
6.08774008652
6.09431060381
6.10494990066
6.11807187283
6.11886871687
6.1237363256
6.12915037907
6.1382223721
6.16076713842
6.17240524718
6.18559501078
6.18645826516
6.19565199546
6.20060775776
6.2283462932
6.24192100326
6.32343651198
6.32513809118
6.34115096251
6.34727482534
6.36106725288
6.36941371982
6.37748370772
6.38524276012
6.38669097168
6.41227166313
6.41976198961
6.43402363679
6.44608387127
6.47245829362
6.48030569897
6.49660681167
6.49756074842
6.82492113271
6.85557511395
6.86649073122
6.86965039277
6.90947231902
6.91697692283
6.94612299884
6.98589282286
6.99895403146
7.01135454715
7.01416848399
7.0231349194
7.03488508227
7.0730471373
7.10353796251
7.10549769436
7.13211730906
7.16916134559
7.18986867447
7.22876890255
7.23256941849
7.33669636361
7.35757068154
7.36946670401
7.37641235526
7.44612000365
7.48942762056
7.51048655927
7.51947683375
7.53054799126
7.57238404473
7.60533130531
7.66583193657
7.72065900853
7.85254010508
7.86399641217
7.91230542465
7.94990380674
8.05821454539
8.06571968205
8.10584334271
8.14372490055
8.21128814527
8.26883733937
8.37063683492
8.3996332758
8.43686985411
8.51859925051
8.58280063007
8.69987622254
8.84842530082
8.85716289309
8.92005053414
8.97320297382
9.00152884464
9.04235311018
9.06633765969
9.18942875784
9.271272123
9.34991720727
9.38176343695
9.44443732331
9.73700905501
9.78998327897
9.88502296336
10.015683669
10.0408687438
10.1079355018
10.1913778301
10.3179738546
10.412976955
10.4979633944
10.5468091509
10.6647043346
10.8553142556
11.3546071529
11.4463918591
11.6000380785
11.9748301891
12.2653183574
12.3281984136
12.4360463835
12.7871816018
12.9049819718
12.9676655624
12.9796804316
13.1588273868
13.2414055794
13.3125418948
13.5238936511
13.9221694672
14.2870390562
32.1117648571
136
