6.0068217778
6.01353733763
6.02257064836
6.02357403162
6.02500361291
6.09526585413
6.10802966149
6.10870930635
6.12471866832
6.15191099587
6.16577572131
6.1888870906
6.19860977569
6.19953950889
6.33685327229
6.34618044404
6.40692399413
6.41567952478
6.42186706244
6.43799820115
6.49697479111
6.52052716231
6.52570740164
6.53290107362
6.5448934887
6.54721723141
6.55398928706
6.582032681
6.62429273348
6.64504069403
6.66927826378
6.67032177081
6.68054207314
6.6897096988
6.72364143093
6.7544506235
7.11767431279
7.15284245025
7.18084755664
7.19568537899
7.20854570878
7.21669292078
7.2751302421
7.29645289329
7.33421985331
7.67446810506
7.72660252173
7.74800205746
7.84358091261
7.8672654122
7.88988657363
7.94420145327
7.98709987712
8.90497887934
9.02156949609
9.15733153593
9.16639416615
9.22414296286
9.38033748384
9.44891023613
9.50371195938
9.61618221149
9.70779537095
9.79263485197
9.83011496771
9.83746332168
11.6011158249
11.6576378228
11.778177105
11.8470944687
11.9198887435
12.0395667173
12.2896757903
12.3018848654
12.3364752518
12.4848862728
12.6793530871
12.8252534526
13.0665130192
13.1622484597
13.4158682618
13.4794159606
13.5721914416
13.9004111027
14.2270156252
14.3651944901
14.3989124751
15.1365653279
88
