6.00971325177
6.04779525024
6.05803075695
6.07495217711
6.08386180388
6.09270164518
6.10491884318
6.10847317747
6.17335031679
6.18405699086
6.18588549502
6.19748824165
6.20282255634
6.21913894447
6.22724893026
6.23994392587
6.25098125999
6.26888341533
6.28421991399
6.29820184256
6.30898001096
6.33585253275
6.33767624571
6.36569270146
6.36919417683
6.38256209791
6.39006307577
6.40470050979
6.41565554923
6.41717526945
6.42968315981
6.44690604774
6.46360765715
6.46478424898
6.46596583556
6.47308159034
6.48138011206
6.49212990235
6.50494447349
6.5242952041
6.52596070475
6.53362846767
6.53945749528
6.54774019415
6.57117579597
6.58297731233
6.60016407341
6.61790831019
6.63146219994
6.64397908178
6.6665465939
6.66927958435
6.69257178372
6.69575533276
6.72252792926
6.7392332471
6.74119788457
7.00047734058
7.02733244957
7.0423131692
7.06703200285
7.09310849541
7.13871285823
7.14356911536
7.16736676318
7.24752759724
7.3101284027
7.31227147544
7.31722449526
7.35300730581
7.37726791491
7.55846993023
7.6516941233
7.70801298582
7.72757840898
7.73228810495
8.14694545467
8.15290340616
8.18712850483
8.19437006152
8.59540539724
8.6769356863
8.72500959326
8.99491045797
9.01391281772
9.0450110019
9.11372256678
9.43834036236
9.58319616311
9.75656582707
9.79607392613
9.84749866678
9.88753931097
9.92768759342
9.97355285557
10.1351179716
10.1395655051
10.2348191968
10.3124354765
10.4656689857
10.5485250438
10.6237649713
10.842795047
10.9236999757
10.9641082086
10.9771414827
11.0460537666
11.14521827
11.2394049815
11.3288580087
11.3952508156
11.428241696
11.6178583667
11.7949115729
11.8738833977
12.0100573381
12.1828740491
12.2571354083
12.366056071
12.4144369963
14.2728198471
14.4237702229
14.5057678988
123
