6.00558429801
6.0199603647
6.02438378266
6.02900371111
6.03652114674
6.04099951575
6.07136255792
6.08232712882
6.09255641647
6.11438330612
6.12200435218
6.12635097597
6.12888780173
6.14256037514
6.14725636403
6.15370178016
6.18445115867
6.19311582415
6.20462973105
6.23109651254
6.23744652286
6.24030559751
6.2494231806
6.26396325941
6.3125783685
6.31626429534
8.72708586393
8.78724990978
8.86845173115
8.92801121056
9.04365888289
9.61607890223
9.69517445551
9.73268775073
9.89819871927
10.0270224072
10.2517545342
10.3008068654
10.4187529924
10.542772914
10.6663940041
10.7806677466
11.3577371968
11.4167018753
11.529956715
11.636020644
11.8089994595
12.029372641
12.1264523069
12.4453599224
12.691814756
12.7906047698
12.9553224127
13.1099533641
13.3030811562
13.5549663164
13.8694798795
13.9974817011
14.1846474276
14.4547314098
14.5306223942
61
