6.00459265368
6.00749794102
6.02020297162
6.02286602233
6.0376468433
6.0431082012
6.05656819236
6.0685815933
6.07736875075
6.09341661124
6.0961317663
6.11432795845
6.11810661239
6.12279772782
6.12806770049
6.13738371439
6.13873882311
6.14626330822
6.15566833198
6.16819357059
6.17699012753
6.17975345933
6.18152670586
6.18884183681
6.19302798764
6.19861696835
6.2010188821
6.21532421009
6.22155531579
6.2303691775
6.24483649037
6.25078247423
6.26515372322
6.27387854643
6.28219072278
6.29141986373
6.30718154668
6.38172423773
6.39516560763
6.39984416261
6.40842310268
6.43968252422
6.48156883089
6.49141215069
6.49978237424
6.58308480028
6.58736556218
6.58930018805
6.60639561562
6.61269577908
6.63445103746
6.6576104457
6.67103879727
6.67768344361
6.71030281342
6.71160896168
6.74459871644
6.7555975703
6.75959289635
6.78371473474
6.79695957311
6.81159528033
6.81799154038
6.83478359386
6.85094071829
6.87587691461
6.8775937719
6.9081740825
6.92618354682
6.94746396189
6.98319817909
7.08684746279
7.09041549576
7.12331164657
7.16148417554
7.23815246441
7.43259864808
7.43529331833
7.48437498568
7.51572306474
7.56198002387
7.61817874591
7.66539296056
7.70516498148
7.71053152706
7.74252898563
7.76882366983
7.84892294024
7.8876035232
7.91976203306
7.96551761894
8.18138858178
8.26448817312
8.35079456003
8.3852414089
8.46641459597
8.49403329423
9.91405937498
9.97444778545
10.1093157843
10.1688918196
10.2140169189
10.2503622504
10.3438966007
10.4084515141
10.4247897979
10.457843952
10.5836579527
10.7032000565
10.7661473334
10.8381964915
10.9158754969
11.024304441
11.0706405987
11.6487596702
11.7697105243
11.9155041351
11.9905595596
12.114006162
12.3582853926
12.4574565911
12.5538201382
12.604413655
12.7248091068
12.8689554878
13.0797428882
13.1256188413
13.2555201505
13.3408403784
13.5343894683
13.5544282454
13.6847345265
13.8110478496
14.1760243604
14.2897664561
14.5413450899
136
