6.00371233092
6.00955195281
6.01006534002
6.02679167989
6.03143679766
6.04283490852
6.06160383941
6.06540744616
6.07039325793
6.07372444738
6.08443472056
6.09527133992
6.10446065846
6.11828683695
6.12588341315
6.13380256568
6.13804264562
6.15009521536
6.16104372843
6.66871362298
6.68139876945
6.70472631558
6.72040351289
6.7357062876
6.74164918552
6.76316951414
6.77810393621
6.80806443001
6.84039885058
6.85013326841
6.88171502278
6.9228883334
7.02285340238
7.0359008197
7.07063022463
7.10263557725
7.20829031402
7.22864881635
7.28986451795
7.32928960741
7.35694225278
7.4024950885
7.42292226954
7.46158294727
7.48804847232
7.51900027281
7.55404976677
7.55889605602
7.60230367537
7.64376330546
7.7331342821
7.85652774448
7.87770403604
7.91441694395
8.12402168892
8.1451644303
8.1697768592
8.26283814704
8.30616655455
8.38360490921
8.4072877377
8.48761807816
8.54815116927
8.63112806734
8.68085701807
8.74290253153
8.77990171498
8.84697509077
9.02038461906
9.15196685145
9.20339503679
9.495961053
9.53411149119
9.55212301255
9.67208411213
9.72956556437
9.76128447457
9.82068958307
9.95815086073
10.0207504911
10.090625765
10.2273375522
10.3467236268
10.5973908951
10.6504162267
10.6691107728
10.7514998379
10.8556154459
10.9160292212
10.9226956877
11.1032944372
11.1213660034
11.2506378693
11.3525021537
11.4019287699
11.5401909044
11.6512630259
11.7171900561
11.7977260182
11.9639469288
12.7935352171
12.8405945333
13.0294083256
13.2208446574
13.3255082398
13.5047606246
13.5298053992
13.6137681918
16.4568360294
109
