6.01588204732
6.02241280816
6.03335615653
6.07117307505
6.07869035664
6.0849903639
6.11329534154
6.13025324599
6.13843799423
6.1510364682
6.17998651075
6.18988542847
6.26939716386
6.28007160044
6.28847069509
6.2950644352
6.30885389255
6.32472549688
6.3455492787
6.35588784767
6.38708973804
6.44017691136
6.4769700296
6.48300898535
6.48908680513
6.50883948647
6.59051726693
6.60751433458
6.61904395976
6.64353525943
6.67912241766
6.70669643952
6.75314413556
6.7943545147
6.87531656074
6.88057824625
6.88862504241
6.91117376019
6.93172239474
6.99315641915
7.37839950003
7.41894748329
7.51187722733
7.53008944868
7.56174305362
7.61060624196
7.61383580936
7.62336234883
7.6355592746
7.65559815956
7.69114044109
7.72558124387
7.74264065432
7.76567645999
7.7886862579
7.80973804447
7.8730818675
7.88724367415
7.92422914953
7.96769335513
7.97291292239
8.36074330069
8.41312647987
8.44271108909
8.45304259568
8.45970783301
8.50128921749
8.5234474369
8.57681289841
8.60731693137
8.61032846158
8.63363295423
8.70685076001
8.83988879501
8.93591252803
9.00725632778
9.0700826442
9.10752756307
9.26483319625
9.35836612881
9.38379845567
9.41045200997
9.44496866747
9.70181548973
9.92117686439
10.0505572193
12.15490136
12.1733169913
12.203986154
12.2874917996
12.4016917882
12.5177179439
12.5775831409
12.7010000157
12.8595416046
12.9574908956
13.1751270832
13.3593242179
13.3830772948
14.2680856092
14.5328902201
101
