6.00063623173
6.00495789945
6.02228742999
6.03071852199
6.04086308146
6.05004774494
6.07998337097
6.09199016949
6.09757746908
6.10413268856
6.10881883186
6.1116610805
6.11994041676
6.12386998827
6.14163604945
6.17203224978
6.18102777811
6.18919221298
6.19151658732
6.1926260479
6.19713101859
6.19934753307
6.20135988381
6.20202781183
6.21395172447
6.22006030882
6.2219867733
6.23275017762
6.24638954468
6.25707353142
6.27447722261
6.27528839632
6.28552103934
6.29469029824
6.30839133362
6.32193828913
6.33661252818
6.34067555387
6.35208371992
6.36814972051
6.37486008603
6.39467582194
6.39705448615
6.41041005146
6.41755580006
6.4951917953
6.57653067192
6.60140853373
6.62736349797
6.67015974101
6.68514392905
6.69805506949
6.7305679275
6.75255901941
6.78932387956
6.80810318404
6.82848052249
6.85306983193
6.88042697266
6.93347452016
6.98787252178
6.9926398592
7.01292624197
7.02418290502
7.05316365637
7.07463731727
7.15859767853
7.16236840334
7.19407858665
7.23302864214
7.25132537195
7.27885092719
7.31150977881
7.3563703895
7.40742838013
7.43292112649
7.453242195
7.48417921453
7.63797843526
7.67494101639
7.74370782014
7.79862450191
7.8694156604
7.96446521351
7.98523273951
8.02015005598
8.05605452403
8.06203000698
8.0941955319
8.15552289778
8.42313867001
8.49816216015
8.56187181995
8.59119503986
8.63410067518
8.64110701958
8.89392556684
8.9655379697
9.01000174033
9.07768981126
9.13706314182
10.7342838683
10.8223926302
10.9037130614
10.9802163597
11.0605803247
11.1037518202
11.1886764774
13.1300649074
13.1948443426
13.2639230807
13.4596461363
13.6951013216
13.7755229515
13.9556084852
14.0950563784
14.5703563382
117
