6.01675833928
6.0193834393
6.02715235263
6.04184564424
6.04255492622
6.06223508914
6.06664678166
6.08016296875
6.0897877451
6.09683921245
6.10358094927
6.11284836466
6.11501993034
6.1175833864
6.12036818134
6.13209283622
6.13780755574
6.14409661021
6.15716757479
6.16589685688
6.16943809388
6.18184528862
6.18583877291
6.19444225849
6.19823779413
6.20100192648
6.20675047346
6.22499833101
6.26869108462
6.29643493794
6.3064964901
6.3264092353
6.33570819792
6.35134474785
6.359480813
6.37479098442
6.39762315429
6.40263893075
6.40392671489
6.41491350565
6.42110323491
6.43916645848
6.44455521895
6.45236175127
6.46112379796
6.48517830937
6.49841622498
6.50976886716
6.52581707649
6.52804976294
6.55319071701
6.56577069341
6.587885107
6.60500464357
6.63296894989
7.09952190047
7.15544522471
7.18276573109
7.20015503953
7.2070586652
7.22970739946
7.25184899192
7.26158540914
7.27516990526
7.34455969774
7.39246112932
7.39495345561
7.42381189524
7.44771960779
7.45683027892
7.49530835366
7.65458461282
7.67926855823
7.75213106925
7.84125161323
7.84403874848
8.97109265453
9.00838181011
9.03441699428
9.06265591643
9.24400862897
9.29732232846
9.33727733257
9.43007624134
9.52079521377
9.6949067986
9.8132350086
9.89301511561
9.89890532337
9.95161504146
9.95999275897
9.97300663411
10.02799702
10.113613654
10.1762235963
10.2854372847
10.3168448155
10.3446593322
10.477982822
10.5167564402
10.5421185151
10.5862665087
10.6505850404
10.7033965356
10.7115990439
10.7249976157
10.7858566614
10.8413997327
10.8558289329
10.8906447949
11.1454898964
11.2301612515
11.350379163
11.3863911838
11.462617339
11.496294817
12.0384340939
12.2139714224
12.3449883744
12.4320505161
12.5372928142
13.5584079857
13.6861225207
13.8323253837
13.8831824447
13.8960589543
14.0887892408
14.9613022806
128
