6.0019818649
6.00497653501
6.00855721857
6.01420085591
6.01533681533
6.03487892215
6.04610870319
6.05814521503
6.07106978549
6.07348571605
6.08740821161
6.09759744785
6.10092194385
6.10458004722
6.10665452517
6.11263988217
6.11991278393
6.12377095324
6.13287763585
6.15148785321
6.15643886855
6.15792972226
6.16584289088
6.17995757755
6.18245955162
6.19252558167
6.19678686589
6.20473230556
6.22884130194
6.23803641511
6.24217746148
6.24874738537
6.26579838062
6.27595003837
6.27712613383
6.28632158285
6.30551891382
6.32200096357
6.34390426138
6.35313129478
6.37268647272
6.37385354271
6.3754356058
6.38266736028
6.39348157027
9.16795975374
9.20106570448
9.36713476888
9.45415816638
9.55206816342
9.62486777836
9.76211991032
9.94428373792
9.99895534689
12.1957046043
14.9472465658
56
