6.00739611123
6.01869258208
6.02437320627
6.04143120189
6.04534701124
6.04920346605
6.06002978954
6.06249444017
6.06724620401
6.08437212708
6.0856515702
6.08811878728
6.09007638047
6.09630730518
6.10111514846
6.10639305533
6.36619823817
6.38735713854
6.40860435626
6.4318945419
6.44349936749
6.44543109065
6.48858004674
6.49986143507
6.51642714222
6.5760526878
6.58357322383
6.60014945846
6.60667531025
6.61118854495
6.62160674292
6.63701778632
6.65464171974
7.53323639413
7.57123676711
7.62254810791
7.65223076241
7.66808672829
7.67158371663
7.72393984272
7.76240278624
7.78518488893
7.89055471528
7.95903674841
8.0081578793
8.06179878516
8.12330248079
8.14091565317
8.18093530737
8.18468619519
8.20964679186
8.25436669949
8.3434594303
8.35053427223
8.43874784017
8.48247755918
8.71668237673
8.88332962912
8.88938896459
8.92348419236
8.92681544949
8.95560816968
9.05098043567
9.07270674375
9.08133709884
9.16343058805
9.22855178017
9.28827467404
9.38440023085
9.45918161133
9.50998059967
9.59961532283
9.67842444662
9.68791751531
9.70607254556
9.81163410763
9.98728617588
11.2801428577
11.475727293
11.5338336422
11.5917824659
11.6051490041
11.6345736127
11.8291872047
11.9227643095
12.0761232355
12.3327829201
12.434255307
12.5334113043
12.7201724223
12.9329597548
13.0422190097
13.3679847047
13.4734791746
14.0401857109
14.1635235319
14.4008268054
14.6452159386
98
