6.01167033001
6.02586999846
6.02880917569
6.03206571755
6.04212154783
6.05750133104
6.06747210834
6.10114528797
6.11128040001
6.12239853864
6.14596258055
6.15249867428
6.15942871891
6.16328387246
6.17704387586
6.20082498123
6.23698439647
6.2502238093
6.25470496613
6.27397129502
6.30996069362
6.31893645012
6.33323391493
6.33486181338
6.34873208845
6.35229620175
6.39645091779
6.40452396339
6.42504655238
6.44534789841
6.48256309025
6.54243808205
6.57806269065
6.61874527976
6.63776315012
6.63894321316
6.68150891394
6.68657246128
6.69416423936
6.71988035682
6.74663102779
6.74807061032
6.76781444518
6.77468523646
6.80029521786
6.82450164042
6.85386245876
6.87169084807
6.88784016992
7.00096413634
7.02451299647
7.06801250975
7.08810308574
7.1155039651
7.15026829315
7.21325333477
7.24739779501
7.28465727034
7.29445325505
7.37375261791
7.41460772284
7.44296170084
7.47597341482
7.52264093973
7.56208848804
7.59595741172
7.62276004623
8.22469301273
8.22925419146
8.2539459994
8.30164845664
8.3685539787
8.4263096198
8.43117916895
8.45075740939
8.49148931693
8.51630105072
8.55296935095
8.5949537889
8.59984695929
8.72919586126
8.79318738812
8.83931059602
8.86850855704
8.9064030567
8.95668971741
8.98634790329
9.00439396359
9.09111702013
9.15313226458
9.16102141031
9.70558553953
9.76846949186
9.80832592901
9.85256603279
9.88538422855
15.2601423475
97
