6.04361039777
6.05764596573
6.05867558199
6.06370468963
6.07641637147
6.08997337328
6.11053891475
6.11964407645
6.67104200821
6.67807332401
6.704239131
6.73585991498
6.87090015886
6.89413546557
6.91660511189
7.07250571512
7.10155483872
7.10414832581
7.11234447092
7.14592916752
7.1676908902
7.20140547324
7.25876988095
7.28739830913
7.3099088565
7.33232417086
7.3552280776
7.36431676328
7.41674673934
7.42525491501
7.44936974256
7.52187840614
7.54844054162
7.56426163509
7.58322886031
7.62443302521
7.65444648101
7.68237569385
7.70232687067
7.78301474809
7.81675745109
7.84311797827
7.86813539834
7.9340335677
7.97950731738
8.15069589584
8.22815837161
8.4055822446
8.46761634827
8.49237567993
8.60920587238
8.66798111317
8.69746528629
8.82862423252
8.86602360213
8.93871113483
8.96704177243
8.98398295306
9.1018826645
9.16875456403
9.19235242124
9.36004126833
9.41918984202
9.48309193125
9.52262920793
9.60981865602
9.69570025494
9.75199818838
9.76820572434
9.80776101411
9.85953335986
9.89766357249
9.95673031803
10.0122733013
10.0696924757
10.1496147764
10.4814186094
10.541064138
10.6241468764
10.736997294
10.8974526121
10.9238221676
10.9894083572
11.1190945984
11.2774707524
11.9177235522
12.0615575549
12.2305778841
12.5337292477
12.619930428
12.7684258601
12.8393298354
12.8509270086
13.2419189647
13.5855370552
13.7436376638
13.8698454228
14.0036017275
14.0998439053
14.279098588
14.5109645476
101
