6.00258702534
6.01007368024
6.01684999154
6.02454724533
6.04345618646
6.04833675781
6.05866229578
6.0635163269
6.0679473482
6.07027434658
6.07750918376
6.08422315716
6.09089769298
6.09566107686
6.10221411505
6.11264825332
6.18676133185
6.1973208787
6.20664802756
6.21690482933
6.22814157758
6.22893643716
6.23589717885
6.25095297892
6.26003352419
6.2709017575
6.28143240269
6.28369618011
6.30507448436
6.31320056106
6.31778952001
6.32745292951
6.34643266589
6.37435952863
6.38015646908
6.41032808336
6.41419469489
6.42751704823
6.43619521029
6.45267159801
6.46126571329
6.50232705523
6.52385248405
6.52984324554
6.54409908301
6.55254820205
6.56051169677
6.57358193518
6.6641298177
6.70622471795
6.7187939472
6.74903362281
6.76513833019
6.78055566146
6.78760454037
6.86169634686
6.86457724147
6.88546960657
6.89208481259
6.91634478405
6.93640979422
6.9395787636
6.9540238081
6.9896706459
6.99580684172
7.01269356055
7.04474928888
7.06287350575
7.08881405275
7.09541516254
7.11640111152
7.16308225482
7.19885162235
7.24741591857
7.26483656763
7.29220637284
7.32174735738
7.40402067178
7.42026220968
7.80405884773
7.84203434377
7.84970961481
7.86953683132
7.89018832175
8.11645030397
8.1696689589
8.17760509591
8.19823564779
8.22245694939
8.27786793454
8.33255190518
8.40506185804
8.43485165667
8.48636450166
8.51813171931
8.58618285534
8.58946779801
8.6566735288
8.73754171583
8.77137380122
8.84018214414
8.87244108639
8.95392468343
8.99995089153
9.03920793357
9.06204942476
9.17207965871
9.19053692298
9.21404781091
9.25346758095
9.35479435354
9.39729576222
9.43511519115
9.5275930874
9.58678304744
9.59533158488
9.63101814314
9.70138252418
9.73418008837
9.82916666578
9.8603360737
10.2314496751
10.3023400078
12.0458889545
12.413026487
12.6290087845
12.8501563269
12.9129841554
12.9974131376
13.2006276495
13.3409964722
14.6740576133
132
