6.00481411437
6.00874914425
6.0158148798
6.02485286902
6.03267150145
6.03597297582
6.05149616193
6.06153212024
6.07007462358
6.08350224981
6.08657858867
6.09307389178
6.0958076471
6.11087364004
6.1235868523
6.13236580513
6.13296930325
6.13950567036
6.1552967441
6.16428980513
6.16670652525
6.21192255456
6.2159108528
6.22802487771
6.23909841277
6.2400084221
6.26924247444
6.28081852459
6.30254812659
6.31450098108
6.34041239081
6.34822800055
6.38012678341
6.38493741083
6.39115928211
6.4075815943
6.41313119193
6.60811407683
6.82272924279
6.82514005024
6.83909264277
6.85355348012
6.85985143441
6.88944209733
6.94462313083
6.96298546761
7.01834170924
7.03529833544
7.06362016158
7.09154250107
7.1040946344
7.12876508884
7.16706398053
7.20570496339
7.22540640893
7.26028269828
7.30111233157
7.33084225364
7.34410828035
7.38707552994
7.51335894332
7.55435367513
7.55875343177
7.58668320144
7.61317080993
7.67220458887
7.68158326956
7.81187911141
7.83553992305
7.88028480009
7.92942609265
7.94631278235
7.96799986799
8.01750339464
8.04656586632
8.18065944575
8.25149743952
8.26743025437
8.29458724602
8.32743892736
8.35746297944
8.50212720134
8.53989703845
8.56464735023
8.60021166209
8.67542118484
8.72026877104
8.87320984877
8.93682647283
8.95882878165
8.99920813845
9.03705597809
9.10463725874
9.15251636454
9.22724727697
9.63719239767
9.68365393018
9.69903528547
9.70478206069
9.72003941858
9.74773604615
9.9613831692
9.99161743732
10.0977538881
10.2285449842
10.6422940883
10.679412617
10.7497388009
10.7709906341
10.8821578859
10.9450191503
11.0010571545
11.1546906138
11.2845869605
11.3667338207
11.5779183581
11.7216683496
11.9133208115
11.9567643271
11.9928755318
12.2695454259
12.2928637808
12.4513831656
12.7591414587
12.9065306938
15.7667358787
126
