6.00872848056
6.01312433452
6.02417791693
6.0249859382
6.04454494622
6.04860236878
6.05557700235
6.06358464101
6.06664159624
6.07351243417
6.07710718251
6.08616327911
6.09741786076
6.10619105449
6.11843811113
6.12197011085
6.13461432455
6.14096707396
6.14283308079
6.17728945775
6.19114094836
6.20591787462
6.21819411501
6.24176051638
6.24594989291
6.25477930851
6.25945729319
6.26532619657
6.29056907547
6.2941804323
6.3075062528
6.31351536637
6.32792058967
6.33720690673
6.35447952484
6.37381590966
6.4017345081
6.40694269448
6.41123328001
6.44869401797
6.47891865766
6.48752064268
6.51524370519
6.51714861074
6.85526305338
6.88835435404
6.91206898838
7.05465983715
7.06972048662
7.09604656901
7.12046046746
7.13612710327
7.18904228124
7.22467503758
7.26676970097
7.28227300697
7.32221687828
7.36042245932
7.38245931201
7.41746278648
7.44902236041
7.45995019496
7.49820070613
7.5411882979
7.56559776636
8.01366311395
8.06189278487
9.07407989652
9.13913276817
9.17648886834
9.2317000214
9.33778675691
9.40182436872
9.42678199775
9.48886812643
9.62415188644
9.66260152669
9.6807371113
9.69006957094
9.7445640025
9.82906417168
9.90388254509
9.99576398787
10.0294197804
10.106731216
10.1366110616
10.1867666382
10.2337993877
10.3124414674
10.3611878185
10.4000019435
10.4572816888
10.5248427508
10.6570048553
10.7655103881
10.8093372072
10.9452224589
11.0239600519
11.274747706
11.4031588171
11.5758482661
11.7027963846
11.7591490411
11.8704021697
11.9520164531
12.0770848958
12.2296382916
12.4032840368
12.4243280114
13.0799970847
13.4041530022
13.5317690039
13.6030844572
13.6996048041
13.7929691613
13.9847514139
14.3473084383
14.5108092886
118
