6.02325502119
6.04468952656
6.06335004577
6.06424606017
6.07013175351
6.07651525273
6.09936219147
6.10054595007
6.10902586485
6.1190363354
6.12173877003
6.15478883074
6.15654148582
6.15942740365
6.16008802876
6.16421496201
6.17540101834
6.23728407315
6.24260949996
6.24530095578
6.28580955948
6.29251507536
6.29885267091
6.34714768561
6.36066718968
6.37329869101
6.38105739133
6.38728244299
6.51285330656
6.53156090628
6.55433590773
6.55799186003
6.56613033526
6.57484914779
6.59301631675
6.60448472836
6.63513135399
6.65005688715
6.69790228543
6.71062044157
6.72554930844
6.73970574811
6.78254143621
6.79214114162
6.81209065409
6.82491744461
6.84093947897
6.85542698327
6.88547307997
6.92125114354
6.97783162102
6.99525738525
7.03568776011
7.05842856303
7.11242238167
7.1291446732
7.13798615982
7.14358954812
7.17172979214
7.22428937749
7.25335065605
7.27994194268
7.28596333092
7.33637779024
7.35305389796
7.38257391394
7.41824272354
7.47798404039
7.51195067163
7.55476860726
7.59307430986
7.61808992509
7.6558359129
7.68767698818
7.71682834867
7.73020397535
7.74765381224
7.87447801263
7.88048338553
7.97864021377
7.98898528076
8.00641389069
8.02571290227
8.07176397817
8.07713195629
8.17493279737
8.1813531586
8.29312587511
8.29748840734
8.34864762549
8.40473448896
8.44157918111
8.50465083599
9.57433942382
9.67550901841
9.70321286137
9.73717865378
9.75159217694
9.90370461836
9.98419653793
10.0428709569
10.0743488499
10.3263766781
10.3661616058
10.4841357208
10.5679691824
10.6417148672
10.7235620057
10.9095346548
12.2608450701
12.3381172955
12.4600869652
12.5240230514
12.5953330278
12.7652772023
12.8546592752
12.9092198351
13.0039197142
13.0673273299
13.1466307744
13.2105747821
13.2870845422
13.3717021917
13.5684744649
13.8539934215
14.119818142
14.2771728623
14.5144579393
128
