6.02955423117
6.030091336
6.03164070424
6.03861840618
6.05021411757
6.05454272984
6.06144538696
6.06549762174
6.06694542178
6.07825888753
6.08890753794
6.10624471154
6.12876716056
6.14138258243
6.15430635327
6.17552432511
6.18361773229
6.21002225369
6.21258016198
6.2223537353
6.24250894114
6.25578593064
6.26590826817
6.31089935885
6.31367676278
6.32630218751
6.34055038165
6.3768829458
6.38299003107
6.39284021162
6.4003558417
6.40458672329
6.41714994265
6.43436591102
6.45824517864
6.4717024454
6.47390033918
6.48077580288
6.50111862545
6.51800122116
6.53268203086
6.54921061178
6.60289888146
6.62266031933
6.62909741201
6.63077909077
6.6471662865
6.65571871032
6.68415901776
6.69743495502
6.71609702224
6.73591979106
6.7686947335
6.78070902573
6.78413988519
6.79924453556
6.80229198107
6.81617983775
6.82266946125
6.82444854965
6.84256520423
6.87560576218
6.88854678511
6.91308126695
6.94601314443
6.96676707623
7.00633026485
7.04469939003
7.05607675976
7.0837815715
7.09334816572
7.16051950326
7.1757184423
7.20044981789
7.25484876467
7.37915606839
7.4022589242
7.53438494483
7.55433495249
7.58701101898
7.60925055848
7.65820415283
7.66195568247
7.72172111307
7.88052112816
7.94454331976
7.98150981799
8.00656131049
8.03788898721
8.2296925434
8.3103098424
8.39213914154
8.49181334729
8.56065709442
8.72590512921
8.75513817178
8.83492880725
8.90201430542
8.94622029628
8.99116995561
9.04726201062
9.06685019968
9.08691979614
9.17418014574
9.20615371019
9.21206571209
9.27053427267
9.29879394846
9.35068549537
9.39762543813
9.44845858701
28.7780851433
112
