6.00063385763
6.00367303716
6.00984900614
6.01502203968
6.01994245812
6.02789124123
6.03174300902
6.04417365027
6.04862509999
6.05340402943
6.05773075823
6.0618487661
6.06679619092
6.07067408622
6.07418476635
6.07494271775
6.08210365081
6.0850251479
6.08703720143
6.10372167237
6.11417406556
6.13026178023
6.13656271208
6.14375633494
6.14621253739
6.15493467748
6.16982859851
6.18384392427
6.19349322064
6.20698386532
6.21714840911
6.22742139038
6.30932632311
6.31479340463
6.31826084247
6.32077479338
6.32228246329
6.33791602377
6.33947619491
6.35139209037
6.3609140645
6.37672931644
6.38727223231
6.43065123968
6.44008493122
6.46883307488
6.47703749242
6.50000875439
6.5577601959
6.56126374408
6.58339468269
6.59023936877
6.59234379368
6.69930871109
6.73077671039
6.79282441364
6.82320817458
6.82949200785
6.85792627445
6.87764028101
6.88883859683
7.01015818043
7.02511176677
7.05671957547
7.07612634326
7.10159956044
7.11095532139
7.14919087891
7.18495312135
7.18747509885
7.21197045814
7.22527004741
7.31980009346
7.33045381978
7.33698837664
7.37711353469
7.38537894948
7.66334112584
7.68251725146
7.79552534102
7.85020130497
7.90543353062
7.95662989339
7.97389171652
8.04132305776
8.04465431511
8.14713332978
8.1554684861
8.18984125749
8.21715594643
8.27430374692
8.48197610273
8.55655263297
8.65479771378
9.17528587593
9.264228738
9.31367186224
9.39204948463
9.4190702348
9.51412782435
9.70220328394
9.74852498631
9.90337934677
10.257386422
10.3431097008
10.4229233136
10.4321491345
10.5043074365
10.59454423
10.6280074011
10.747363068
10.8686094898
11.248022271
11.3851675437
11.4334908884
11.5742454149
11.6628949943
11.686752186
11.7745709615
11.843263443
11.8864765777
11.9522155389
12.0286168114
12.5265695082
13.9370675844
14.2905820542
14.3089352464
14.4325772857
14.6036134524
129
