6.01430913155
6.01718403102
6.01988221546
6.02625993573
6.0366485048
6.04451014698
6.05095321565
6.06214572412
6.06862946012
6.07141257837
6.07999954548
6.09161628814
6.09792918123
6.10655870077
6.10726549974
6.11104592758
6.11196658655
6.11581662955
6.12882670315
6.1335236671
6.14559480165
6.15603060019
6.16162861517
6.16726464212
6.17669558546
6.18093171696
6.19649929691
6.20276647572
6.21348028091
6.21911548057
6.22471088068
6.24768890912
6.26447006067
6.26744539224
6.2802573282
6.29952825972
6.31259585712
6.38427060658
6.38532331779
6.39108421422
6.40321430513
6.40732159346
6.4192496838
6.4436371834
6.48470477119
6.50993008078
6.52749193622
6.57487998663
6.59022900776
6.59944862449
6.60907549216
6.6206115688
6.62639567853
6.65013002809
6.66240557138
6.67490972498
6.69142277067
6.70717092682
6.72798804855
6.74659213047
6.75719039245
6.75910997384
6.78986670407
6.79912878638
6.80286501519
6.81798124171
6.83609946394
6.84588841509
6.86784996
6.90098809707
6.93057757934
6.93437262216
7.08532800665
7.11731716601
7.13945375476
7.15589667352
7.29131049525
7.32633474071
7.3566394685
7.38706882684
7.42262695805
7.44169375709
7.4634221388
7.46784781867
7.50090979149
7.53714417809
7.56325457682
7.6075679574
7.62496049734
7.64979604812
7.68020607098
7.7277681136
7.76855391657
7.78239156691
7.80000651088
7.92828480772
7.99664488701
8.04101561798
8.06394720314
8.08788360109
8.09139676603
8.12813175796
8.19564279578
8.27700125369
8.32381192371
8.3621458647
8.40350091215
8.45188729785
8.50225493634
8.5533987642
8.60520472149
8.68028777973
8.73856513597
8.75091638611
8.81216713439
8.85825639365
8.92497983841
8.93286318706
9.00396795825
9.35557530262
9.36099860092
9.39727701429
9.4298845749
9.59040754315
9.67389196648
9.88980112794
9.91385510283
10.5366333162
10.6835563121
11.7408885838
11.8271340648
11.8968545795
11.9563662135
12.2247522904
12.3160243319
12.4237829212
12.5708089513
12.7989108345
12.8411224243
12.948191569
13.0489310437
13.116023945
13.6006036287
14.2368552254
14.4248852781
14.6011127312
146
