6.00057975142
6.01233898638
6.01540747198
6.01942168975
6.02052620788
6.03323006401
6.05239587036
6.05711904864
6.06532268504
6.07203322137
6.08222668289
6.08671689579
6.08773572164
6.10537463912
6.11083881739
6.12021602539
6.12579154374
6.13374527911
6.1395836996
6.1503818605
6.1510597677
6.15229066621
6.16459735154
6.16750536822
6.22657849377
6.23115382824
6.26216624333
6.26515014506
6.2696349577
6.27802247201
6.28250015274
6.2932485677
6.2965281917
12.0577995049
12.1262062702
12.2286461467
12.2866905989
12.4256695988
12.5405492418
12.7233677129
12.8873781631
13.1706431824
13.2260598315
13.3732103581
13.6843425185
13.7814101311
13.9481737749
14.3170469182
14.4234081726
14.6450555347
50
