6.01337952582
6.01903155431
6.02406727084
6.03392137514
6.04225317101
6.04627164981
6.05961234214
6.06293839489
6.07240549881
6.07777250455
6.11616071575
6.125150723
6.17565996046
6.19203476691
6.1995917893
6.21505515454
6.2200506565
6.22605732446
6.22882165163
6.24208050279
6.2544437841
6.2586868942
6.26488480502
6.30473084138
6.31737597355
6.31960659997
6.32271356806
6.33662382886
6.35078283258
6.37253893078
6.37798607088
6.39417919551
6.41777451786
6.45837659667
6.47294074278
6.49036962705
6.49712322355
6.50056139063
6.57372625025
6.6108776735
6.63321519065
6.6357296465
6.66111857619
6.6808766648
6.68666395028
6.71158369891
6.74212675025
6.74347183217
6.97185963138
7.00042287317
7.02107642189
7.05754883329
7.08238419376
7.09467996017
7.1501758253
7.22661160279
7.2358497257
7.27868383002
7.33315105232
7.36158028203
7.40667378941
7.42461574414
7.44029309448
7.45898413487
7.46284074822
7.48093275788
7.49156707932
7.54006842018
7.5679030334
7.59562077424
7.64163793078
7.66239935894
7.66888696001
7.68589673557
7.74297328765
7.75719590214
7.80674249679
7.89006174936
7.91357105838
7.91799784376
7.97222134087
8.12706964408
8.1743519698
8.18448725273
8.2572754079
8.31763041354
8.37831087777
8.44528694869
8.46553667639
8.48614419702
8.60482149593
8.63353995976
8.66930823256
8.73610545386
8.81664146763
8.87810228007
8.94550005489
8.9831795212
8.99472309277
9.04691363822
9.05483986511
9.25540022809
9.30879273661
9.36456382131
9.41111204541
9.43655383058
9.47763593157
9.48275312954
9.49205599887
9.51299640714
9.81558872947
9.98930780853
10.0286372881
16.1160678562
114
