6.00555924757
6.01008772925
6.01265551897
6.01940974555
6.03194521876
6.04282273229
6.04588606214
6.05019904458
6.05284876695
6.06705004121
6.07710532026
6.08783895326
6.08988372287
6.09409333083
6.10255572558
6.1235923614
6.13112846216
6.14926827043
6.18307254741
6.1937232669
6.1980135982
6.20402454542
6.21061433218
6.21731895002
6.22272017271
6.22777890953
6.24755523498
6.25949428228
6.26540672675
6.28505219085
6.28783963901
6.30189573907
6.31773295278
6.38321872305
6.38877251337
6.39830452454
6.41444967606
6.41572392017
6.50618639726
6.51081542409
6.56596086905
6.57590270626
6.58887424853
6.5986937846
6.60328187963
6.63171694428
6.63315407678
6.63499574277
6.65746635491
6.69503469841
6.76649809228
6.78439361434
6.83442397903
6.85421506761
6.87373801781
6.91837759607
6.92656967617
6.94973800458
7.00863468977
7.01220168527
7.03281278571
7.05332738561
7.08108017249
7.11441958831
7.1351567023
7.23349473034
7.25413852086
7.2778437508
7.28533208537
7.2955941148
7.30970217722
7.41799073124
7.42942633854
7.46735328019
7.51669836183
7.52841833338
7.53924147642
7.58632813278
7.60898567321
7.63098415342
7.69558462325
7.72627747235
7.74543750691
7.78146700791
7.80546402958
7.83720493955
7.83999457142
7.88076429265
7.943105873
8.00671455147
8.0121031211
8.06229078741
8.08510448564
8.6074964319
8.61291978333
8.66636256826
8.71688444624
8.74506376548
8.78740899154
8.86375771192
8.90924263854
8.94995767982
8.96555061614
9.12274287883
9.1440685269
9.17691723031
9.24481049356
9.28535529639
9.32699302418
9.36623187206
9.48852764242
9.56080612485
9.64417197584
9.66654333989
9.72994353742
9.80324229959
9.88329937251
9.95800998982
9.99342636652
10.0965724916
10.1301670785
10.2115017128
10.2756080854
10.3093309083
10.3361659356
10.4326156472
10.4967563042
10.6131531233
10.6592267125
10.7934935904
10.8767148493
11.015601824
11.49993792
16.7616445795
134
