6.02541546006
6.02729293848
6.09165285199
6.0938275655
6.10289229748
6.11395873574
6.12461677819
6.12916885707
6.13073669582
6.14273962594
6.15400107043
6.16020422321
6.1648964799
6.17333683564
6.17628383476
6.18050979982
6.1880909192
6.19521388477
6.32481039343
6.40932356952
6.42681227679
6.42914201582
6.43789426126
6.44605437536
6.45798463376
6.47419007108
6.49737105877
6.5069941499
6.50793749779
6.54082657213
6.56743928278
6.57779643891
6.58610805053
6.59990701525
6.62665954053
6.65034876751
6.65234231922
6.6593599145
6.66735340586
6.73540511095
6.750520458
6.78000879235
6.80952895327
6.81905325379
6.8367021889
6.83912158911
6.85756257278
6.89124627328
6.91197317048
6.94336468418
7.01856430575
7.04391117304
7.07254747108
7.09774259083
7.13158873209
7.18163588007
7.22314868227
7.2593226115
7.28740797826
7.30948687932
7.33443850126
7.35049702023
7.43419915701
7.46930601397
7.50411821014
7.56048778096
7.57877062329
7.58092860819
7.5832111262
7.61831804985
7.64023430193
7.6494323861
7.67028577981
7.73062201393
7.75249659729
7.76607655364
7.83395562569
7.93780230398
8.15028481001
8.17894815678
8.23631145515
8.25694764859
8.43590882255
8.49697232336
8.54594467731
8.62615609929
9.11449222111
9.23909401512
9.29045306411
9.38759159766
9.51333230887
9.52153380194
9.64282189736
9.67410287297
9.73976916928
9.77811465076
9.82474296131
9.86513375941
9.91206839707
9.97196572157
10.0055628241
10.1022279007
10.1222137464
10.2077285464
10.285088358
10.4358237392
10.5100387025
10.5922871393
10.7572407262
10.8889933863
10.9471991013
11.1513083573
12.0758702128
12.08457379
12.1622735394
14.3255438805
15.1874060156
117
