6.00050613942
6.00482315848
6.01613829519
6.02770614613
6.03595212064
6.04243204665
6.04669959364
6.05109497066
6.05801361354
6.06713624426
6.19821649728
6.20439863293
6.21072224297
6.21891994338
6.29385051788
6.3040880914
6.3219496527
6.32544026209
6.33472963984
6.34775126005
6.35094478743
6.35799774886
6.37944039671
6.38757530383
6.41072364732
6.44112209211
6.44636346607
6.45148832424
6.46981738167
6.59293268612
6.62338188911
6.65200467038
6.69405742789
6.70680351515
6.71698489786
6.73953368894
6.78865990637
6.79421936717
6.80331429964
6.86038526471
6.86827500934
6.89298631752
6.92888155733
6.93977013097
6.96203183035
6.99480782238
7.0121207311
7.04255690546
7.08196916816
7.11157526364
7.14530338588
7.14803487474
7.18271045855
7.20988080371
7.26860812004
7.28715773219
7.32094952176
7.38887389409
7.40511682204
7.43856830031
7.45511739033
7.48357948526
7.49450160987
7.51084939586
7.53979521144
7.56833137563
7.65394702697
7.69187792991
7.71131794881
7.72953813946
7.77618351892
7.80320231616
7.85083973529
7.8828143829
7.9042059936
8.05722426264
8.09222412635
8.12239661294
8.1706844207
8.18477008372
8.21085099093
8.22421737198
8.31014542724
8.34403839774
8.45662193483
8.55463325558
8.67088646372
8.78459724979
8.88567566918
8.9009062595
8.99656952014
9.01197571633
9.04387442434
9.09762955937
9.14482641183
9.18383778659
9.20681016814
9.24931529326
9.31696661974
9.71095297202
9.77232916577
9.80394969808
9.86941546147
9.92494971565
10.0097959929
10.1120205419
10.1230228088
10.14367268
10.2894545689
10.3904348497
10.4223590106
10.5929299596
10.6137893529
10.7566373008
10.865688725
10.9520694709
11.0038773279
11.0543210121
11.1218078994
11.2143182763
11.3728541637
11.4963294615
11.5669599037
11.7588219044
11.8705748924
11.9537756944
12.1295195409
12.376694134
12.5691281594
12.8533157097
13.4805633493
13.5535352557
13.5996968698
13.67165833
13.7831780099
14.0526480247
14.125783134
14.477284378
14.8056850824
139
