6.00402990792
6.01268479676
6.02137775546
6.06372411357
6.0768403482
6.09179424037
6.09878506577
6.10809812834
6.12949911056
6.1504024641
6.15705876908
6.1636370666
6.1680687178
6.17030418184
6.17865477759
6.18498129415
6.19373875726
6.19455156549
6.20905202917
6.22038549231
6.22933526755
6.26124965686
6.2720486127
6.29000964739
6.40838840101
6.43224095281
6.45821024037
6.47429053493
6.48302602182
6.50266961888
6.52277502023
6.52521561459
6.54084731847
6.55954570088
6.58376021108
6.60246105753
6.62036637592
6.6338255487
6.65459425297
6.65570876686
6.66946365431
6.6705936099
6.67422309362
6.70610886367
6.72681109881
6.73913417718
6.74158984154
6.79423495093
6.80213838406
6.80333213423
6.80804520494
6.83621428488
6.85190206474
6.85520497605
6.8677462431
6.88736011193
6.90245438983
6.93291067798
6.93998944341
6.99099813417
7.02565163558
7.04716646291
7.05001831182
7.05686346618
7.08437378511
7.10036170319
7.10209166626
7.1295442317
7.16148848607
7.20002443031
7.35864306236
7.38609188288
7.40589453365
7.41236728497
7.45767211887
7.50004174241
7.63635583072
7.67941438315
7.70963528751
7.73172425731
7.77995143274
7.82564153265
7.88542186717
7.91070919554
7.94758834001
7.97760528987
7.99824148887
8.05703611974
8.07084617881
8.09249260161
8.11205925026
8.13528155221
8.17173299362
8.1815081949
8.20454257019
8.2598395158
8.26356076722
8.28036196295
8.33846190144
8.37048121888
8.54992125056
8.58255014161
8.59286100606
8.64879815882
8.72068203151
8.92939017617
8.95256997073
8.98448007229
9.03980082791
9.38096733685
9.45723981046
9.49220661367
9.52671803649
9.63732847199
10.4787771442
10.5339691328
10.5430965477
10.6063202293
10.6579382819
10.7293053951
11.095102326
11.4331095161
11.5115418961
11.6376476756
11.7049331347
11.7215855041
11.7872069155
12.0185755981
12.1210191678
12.3669443111
12.8344540941
12.9977569151
13.049629956
13.0621991481
13.2327635164
13.5275160832
13.6758246302
14.0010219674
14.5227284018
139
