6.00695288569
6.01746115745
6.0233974608
6.02445610776
6.03345528023
6.0358743155
6.04160920509
6.04567310976
6.06387673713
6.07797159566
6.09278072781
6.24535644767
6.30387033057
6.30756986441
6.32384108345
6.33735730179
6.3440593101
6.34694246024
6.35025111156
6.36927930926
6.37444688071
6.41242689811
6.43109942304
6.43310550638
6.44656067424
6.46233211638
6.48699144572
6.49770275875
6.51302283892
6.53305937655
6.54988202254
6.58433707394
6.65473249428
6.67398403173
6.6876802076
6.73202110734
6.75078281517
6.79884524302
6.80336430209
6.82575024947
6.84195541844
6.90398250949
6.93130023331
6.94453609525
6.97098826572
6.97893941337
7.00833845855
7.03315705945
7.05356965919
7.06511189257
7.07930261593
7.12555329744
7.15280824911
7.19358677276
7.28770607721
7.33560301252
7.34658976232
7.37260512655
7.42793148972
7.45788805397
7.47282130411
7.49208631724
7.49704415827
7.53605662271
7.57385728258
7.61160111146
7.68464521112
7.73755697262
8.08253753992
8.09665747815
8.13776671674
8.30218168347
8.34029855264
8.36557181838
8.65703556681
8.70186173148
8.74002211927
8.82750145684
8.89978689273
9.11327366255
9.14466190425
9.16594166169
9.20498854432
9.24548921446
9.41030426182
9.43461735338
9.51933981565
9.55505691647
9.67283972985
9.72519940654
9.77649210814
9.78677131246
9.88371812549
9.95639967476
10.06041673
10.0941475172
10.3346591805
10.5037475943
10.5128905111
10.5686729652
10.6166616199
10.6614213095
10.7234730487
10.8114557381
10.9240094604
11.0184934469
11.0846111997
11.3625479716
11.5530972202
11.6857096204
11.7614690916
12.1433126035
12.2735141454
12.4032353926
12.5259480218
12.6322686807
12.7452825452
12.9940341879
13.060737322
13.1511213144
13.3725986388
13.423942867
13.5682479223
13.6106468848
13.8763519633
14.3410124722
14.5572287008
127
