6.00658060417
6.00711648259
6.01335200407
6.01808439463
6.02908502237
6.04147247243
6.06573060924
6.07962728862
6.09048912382
6.09593493848
6.10780013468
6.11710652586
6.1463796366
6.15568304159
6.16116018457
6.17296921465
6.17568089898
6.17627839371
6.17930680631
6.21975275011
6.2204292313
6.23954872453
6.25297724399
6.25718645079
6.25821161916
6.26500511818
6.27980214799
6.28599188763
6.30526326237
6.31128139153
6.33160299488
6.3410364946
6.35968999713
6.36728421747
6.37677276757
6.38493392253
6.40142954365
6.82932282279
6.84607189336
6.86325604498
6.8718149521
6.97862439584
6.99427918685
7.00761634324
7.01584027041
7.01812089631
7.02809121726
7.05230977887
7.08881769386
7.1158732708
7.12540349494
7.14144211277
7.16882150954
7.20843145254
7.23796202179
7.25488440879
7.26978345951
7.31034975682
7.35106542902
7.50185230923
7.5584719776
7.59241031654
7.60166335196
7.63623874586
7.64667448452
7.65654057535
7.72414595674
7.74917415708
7.78604807252
7.94562641391
8.13640761256
8.56334488329
9.01076091173
9.06324312776
9.09963629643
9.15873841561
9.18410821201
9.24702632452
9.34919469492
9.64374461667
9.69187074647
9.7278171848
9.82204449301
9.82974339821
9.86187605333
10.0838005143
10.0917718865
10.1298198422
10.1556709377
10.2442079223
10.335695496
10.3820757831
10.4355283611
10.5058426611
10.5295800406
10.6285770715
10.7974987501
10.8538543823
11.0459204362
11.5133278434
11.5467731289
11.6305291402
11.6516653931
11.7794915425
11.8194824932
11.8736819253
11.9237503708
12.196709271
12.3537364305
12.4753015249
12.9912993238
13.0274860755
13.2841214655
13.4340434422
13.6375725737
13.9005100164
14.0953852723
14.2572232496
14.2798739081
14.5144746778
120
