6.00834218792
6.00877991697
6.01201241483
6.01942363693
6.02535208531
6.02945707532
6.03835138127
6.05641404669
6.06566745159
6.07831985403
6.08234923755
6.08644408124
6.08945853191
6.09105173807
6.12753939602
6.15917641785
6.16102856757
6.1702832195
6.17675671532
6.18296530022
6.19212081835
6.20554813522
6.20995489112
6.21559743063
6.22062600532
6.24077611025
6.24242288812
6.24929901844
6.2675657364
6.26872369875
6.27543460331
6.30792990852
6.31391907765
6.32016234613
6.32606770632
6.33712114569
6.35083060359
6.36555922961
6.37702899269
6.37893301409
6.38570626815
6.38669046359
6.39572587387
6.39804148756
6.41216881168
6.41806751411
6.43980284224
6.47494656517
6.48317928509
6.49137043169
6.49344946023
6.50573092262
6.53040523486
6.54330800954
6.55275513059
6.57248757238
6.58112728857
6.59035717298
6.59643642564
6.60605998613
6.62735575775
6.63958677066
6.64872596859
6.66354333773
6.67537378338
6.68759864126
6.71257953056
6.73912856168
6.75425198989
6.79609227211
6.80979968956
6.81901932712
6.8614485801
6.87638058391
6.89761851173
6.93059519047
6.93745069135
6.93898040596
6.94994730275
6.99803514765
7.05333394343
7.10582254541
7.10786999617
7.35520800464
7.37992302823
7.39679237085
7.43203940495
7.45224953385
7.51378911313
7.55078688602
7.58893640791
7.6187286554
7.6406061505
7.68338518929
7.70947243172
7.76518841939
7.83702759155
7.86968567014
7.88775474083
7.91744603699
7.92653895808
7.9810768437
8.01460365115
8.02308414717
8.09285385562
8.09683169081
8.17466422753
8.22827717723
8.28789847648
8.31560485037
8.34726111228
8.36463373164
8.41310582675
8.69501647976
9.81714967356
9.86371792249
9.93128446469
9.97620930024
10.0052704374
10.348477619
10.3830950611
10.4719896566
10.4775206368
10.5511647566
10.5580164106
10.6132135342
10.6990064548
10.7079046245
10.7584117625
10.8351274895
10.9165602164
10.9626045191
12.8129731309
12.9881644673
13.0355492099
13.4118304195
13.6477014953
13.8109015574
13.9207994614
14.1332209851
15.1521148935
141
