6.00063726562
6.00289722987
6.00631254034
6.00860723931
6.01804168014
6.0323248305
6.03466473712
6.05168562833
6.06093757292
6.06200630373
6.06748104457
6.07295613816
6.07694761015
6.08995175536
6.0963849877
6.10155790201
6.11490425961
6.12107222176
6.13656415172
6.14380177641
6.1518220982
6.15916090618
6.22709918863
6.24089419669
6.24587751722
6.25665257033
6.26668005948
6.2843493783
6.28507073567
6.28922656114
6.31717904017
6.33434673418
6.34463547468
6.34802049853
6.36366481992
6.63149830233
6.64397261114
6.64734503615
6.65912092756
6.66287913922
6.6847980762
6.70892779548
6.72505908938
6.74026767821
6.79580495088
6.81789208974
6.84366942929
6.86109429028
6.87907135827
6.89094063338
6.93327622926
6.95196570864
6.96969508047
6.98963821007
7.0157103323
7.03690227863
7.06752532957
7.10055203051
7.11823294337
7.15113552291
7.15296474866
7.17222452441
7.22418513251
7.22852001209
7.25161144563
7.46458493299
7.50346225213
7.65782864301
7.66820879055
7.72555102757
7.73866185933
7.7664013932
7.81007311785
7.83557430413
7.91882407922
7.9239954234
8.03877509312
8.11597120215
8.11874301759
8.20176020288
8.22503037366
8.28034402277
8.28433330925
8.31199042428
8.34240903246
8.39685856554
8.40249537975
8.43448933613
8.47646445329
8.67750507183
8.77625204964
8.78990449202
8.84396612585
8.85094059274
8.91899019832
9.11478817256
9.14378580844
9.16629486695
9.17367956772
9.19212331948
9.24233526422
9.30212274883
9.43015511881
9.43850820372
9.5476682644
9.55964433783
9.5654471697
9.64493230495
9.71645912745
9.89347323022
10.0804159853
10.1802820022
10.2346630606
10.3128162043
10.4867980114
10.7698856826
10.9527774248
11.0432300713
11.1623799622
11.240908784
11.3615876967
11.4785815582
11.5633540077
12.1783538555
12.4176672114
12.4845300584
12.5496785076
12.6873042269
12.756433034
12.850285586
12.8594439662
13.0342337302
13.1431098038
13.3341725787
13.6399536086
14.8088791699
136
