6.00071023781
6.00128027195
6.00238314595
6.00438231099
6.01799361006
6.01877653358
6.02276749862
6.02946719537
6.03429206581
6.04857650599
6.05506324984
6.06096806185
6.06548364262
6.07325618357
6.09451762538
6.10134478388
6.10259327639
6.106773017
6.10735895861
6.11966997621
6.12208117253
6.12991882638
6.13115667523
6.1379185235
6.15040580833
6.15939993784
6.16810800326
6.17888458282
6.18721257339
6.19560046396
6.20027461746
6.20759051974
6.22369567881
6.24652390238
6.25708725415
6.27036039445
6.35766540247
7.14325021659
7.15638492024
7.17990553567
7.19521416853
7.22853967106
7.23807408031
7.27456699236
7.42260727192
7.44377494751
7.82042501256
7.82411659706
7.84359096795
7.90608561303
7.91144461616
7.94915875784
7.95486776955
7.97788022095
8.04677370445
8.09699703589
8.1429522461
8.16412790348
8.19263543105
8.40023357635
8.44088691517
8.46054581387
8.5115034639
8.52611265494
8.56319120218
8.62999756969
8.77323525204
9.06848909156
9.07372105204
9.08014858792
9.15913814423
9.29912200961
9.3551109743
9.35971563286
9.38606772436
9.39763552688
9.47642396622
9.5013163285
9.56194621065
9.82799361161
10.1839150492
10.2579449538
10.2741437464
10.3915835401
10.4657262863
10.4718866109
10.5275783607
10.553884157
10.6080065663
10.6722465611
11.0133118157
11.1395211863
11.2807832665
11.3762463399
11.4490009839
11.6518507277
11.7420456
13.3477943777
13.4206076478
13.493379466
13.5880451498
13.7678208221
13.7882596874
13.9088098317
14.5940654177
105
