6.00505912956
6.00906312411
6.0208776089
6.04992259877
6.1142682398
6.11758255026
6.12521717893
6.12948339874
6.13090807455
6.13145325761
6.14565183103
6.15605464568
6.1627012979
6.18357348712
6.18465442621
6.18742925925
6.19081740914
6.20595958743
6.21603917186
6.22147455329
6.22681037941
6.22935952848
6.23801893467
6.24389918136
6.26271394201
6.26337363617
6.26646127854
6.27554180996
6.28379744081
6.29224095056
6.31311984537
6.31760588865
6.32976402586
6.35775740517
6.36503694296
6.38162972585
6.40651235298
6.41380524161
6.43063096992
6.73164348636
6.75337890146
6.76982459051
6.78714454482
6.81623423318
6.82558334022
6.83481273433
6.88277805548
6.89791947118
6.90751053604
6.91393751663
6.94479755285
6.94672117116
6.97060763383
6.9822670267
7.00197340744
7.02794783158
7.06272957756
7.11079001184
7.2269194333
7.24318581311
7.2483289689
7.2827774598
7.29151962382
7.32750648704
7.33019073829
7.42832256611
7.4642752352
7.48762179256
7.49296977213
7.56163113575
7.58613425536
7.64358261578
8.07559675038
8.08842118053
8.14661710241
8.15865339321
8.21817267272
8.27240654429
8.34071036375
8.37318641005
8.47233098335
8.4792105289
8.50936466011
8.54352681343
8.60881444824
8.68246249781
8.71522050733
8.74186817405
8.81521912509
8.84918197202
8.87476868139
8.88230171283
8.91154850131
8.94817193004
8.9691982031
9.01265576715
9.06354720001
9.21195108662
9.28486258266
9.2986873518
9.35310740552
9.42077603006
9.43407158139
9.47062396191
9.4823356181
9.58623088557
9.62093128592
9.71407641137
9.78551877471
9.84220077825
9.91652049918
10.0000822101
10.0771935359
10.1056824689
10.1966544814
10.4990296899
10.7098327714
10.7180785733
10.8226185165
10.9418418893
10.9848378691
11.0463989599
11.094706836
11.4745804567
11.6045117726
11.6204213656
11.8987631977
12.105601681
12.2536336145
12.3154073615
12.5360074518
12.768841068
12.8803353681
13.1475430267
14.198713756
14.4228586316
14.5940282539
137
