6.01310014203
6.0151811947
6.01987706708
6.02283091458
6.0369370216
6.04839619358
6.12097979076
6.13166572859
6.13556887255
6.14302393424
6.15223528384
6.16380923411
6.20175865158
6.21613320733
6.21962964568
6.23128247772
6.23901896916
6.25895786654
6.26066011037
6.26176372152
6.28295232448
6.31477247145
6.31914691554
6.32767383056
6.33161028176
6.34235446181
6.3590235269
6.37258435526
6.37552554168
6.3864483206
6.38748544172
6.39749074627
6.40428763419
6.41941345243
6.45183421948
6.48907470733
6.51338050061
6.58245257447
6.59432281898
6.5984564096
6.61954672928
6.63308479213
6.64270680695
6.64682309597
6.66064884666
6.68313297366
6.7293494027
6.78019721031
6.7989119055
6.83431655988
6.86602034537
6.87463390494
6.90223381047
6.93698917846
6.96325026643
6.97895741567
7.01112881401
7.0307194552
7.0592087147
7.08155329823
7.15199606256
7.17293761499
7.21030257849
7.25354095826
7.28190682158
7.2918063151
7.34073617677
7.37060677517
7.45481197076
7.48312713624
7.50754098844
7.56026124862
7.61218108055
7.63093415253
7.66668349384
7.69856531539
7.72774775733
7.80050375842
7.83832519971
7.8655837468
7.9667474772
7.98617025687
8.04058183935
8.05461049774
8.12143380638
8.14254824434
8.65230097632
8.68722851572
8.73074372521
8.75353257823
9.06725992743
9.11915683907
9.16612676073
9.18198564616
9.22591216145
9.40223951179
9.44288264991
9.51054119243
9.576163257
9.63125967243
9.8076667714
9.92803997919
9.95085619232
9.99716487424
10.0252957779
10.0992086079
10.1825848545
10.4654827294
10.4744311732
10.5256900904
10.6544139196
10.7730231067
12.1586746647
12.2799793854
12.3062242
13.1037539874
13.3129543268
13.3237933899
13.574386852
13.7316381137
13.9159673287
14.2024006556
14.4529916405
14.5922935169
124
