6.01138047503
6.01608754725
6.04533454411
6.0487027754
6.04930429098
6.06295746826
6.07140704619
6.08470776064
6.09397699767
6.10226462905
6.11465290601
6.11991547248
6.1212966869
6.14058229305
6.14638405214
6.20507508539
6.21111927449
6.23069969982
6.26026815481
6.29170178243
6.29814770932
6.32229000479
6.32561623251
6.328948518
6.33781289441
6.35166539697
6.3614438103
6.37159237711
6.38210042687
6.38686070916
6.40490022183
6.41235241993
6.48860296635
6.48975183756
6.50780533771
6.55496290183
6.57423685463
6.59264388641
6.62400270882
6.64843853078
6.65348015049
6.66152221465
6.67803673643
6.77896971521
6.80978925208
6.8379220837
6.87114117136
6.89337829671
6.93195773553
6.95048527593
6.95192999073
6.98426205469
7.02003738396
7.02199959239
7.02623889208
7.04810476875
7.06110423017
7.10284888982
7.11204042141
7.15560594966
7.20571822996
7.2133418124
7.2313424027
7.26470541528
7.31222785457
7.34915236268
7.38420895964
7.41902711878
7.50849227467
7.52454353245
7.58468253715
7.60337621438
7.62289270163
7.63604880641
7.70724120384
7.72366901167
7.75480558986
7.83636732235
7.87078596254
7.90354834181
7.93276811297
7.97336352345
8.01194085496
8.52626017805
8.61748763569
8.660830856
8.70999508968
8.75023012475
8.77130968203
8.8700717051
8.87568418859
8.90748054364
8.93617972748
8.95380006779
8.99753682541
9.06102257814
9.09428709952
9.09857086536
9.11248708957
9.11889156497
9.30204337755
9.35632815652
9.39066647062
9.48809906547
9.52346288939
9.58828195764
9.64484713054
9.70206806792
9.73449340767
9.82741514206
10.6175221052
10.6547601318
10.7149019016
10.7465936681
10.939360518
10.999971851
11.1431581762
11.1834084356
11.2275943549
11.2991031149
11.4149144456
11.4949400757
11.5483778715
11.6855075208
11.8791216455
11.9682877143
12.0762651702
12.2639494078
12.4473729499
12.5979448477
12.727320641
12.8542784494
13.0059159398
13.1149190451
13.1361026501
13.1942553585
13.2566708262
13.6460076737
13.6974026563
13.8950787652
14.1313892631
14.2601217271
14.3280235827
14.4612721868
14.7724360018
145
