6.00947703505
6.01446032411
6.12284350581
6.1234967421
6.13347397934
6.16409209996
6.2551806732
6.26581521231
6.27265545661
6.28593613433
6.30338878598
6.30542985934
6.30932498975
6.31843121173
6.33435363649
6.3371348275
6.36622564484
6.37853833621
6.6380110427
6.64256276631
6.64525595969
6.65863134866
6.67139242877
6.68716689731
6.69804433373
6.7079449803
6.79950221276
6.81844429516
6.85669418471
6.89878807393
6.91437031085
6.94398941195
6.946758383
6.9815209592
7.15651058264
7.2160796942
7.23664626338
7.27647835613
7.34288489543
7.51004523346
7.73103389759
7.74414010847
7.77420596093
7.80235311008
7.82782734533
7.85152042301
7.87133223187
7.90167001596
7.95881005132
7.9843466724
8.14258058975
8.16747223094
8.26279099048
8.30728342601
8.44579599707
8.47131381947
8.5025787935
8.54213485305
8.91058793679
8.96030372677
8.98086106788
9.0180651715
9.10710481645
9.13021601112
9.16412440063
9.18460407033
9.23163588793
9.34756181359
9.51396086468
9.56987300723
9.59514253003
11.1028274779
11.1095727933
11.2205188334
11.2577001615
11.4159682069
11.4717627159
11.5619129082
11.6342540515
11.6448360823
11.7439291794
11.83639519
12.2729989327
12.3996932826
12.5659617744
12.611299173
12.6888573738
12.7546221141
12.8553364249
13.0086627658
13.1195704483
13.27879357
13.7015272477
13.7180628708
13.8923086484
13.9548738829
14.0609803345
14.2298290578
14.4421388505
14.6349456269
100
