6.00254783735
6.01528131564
6.01995992794
6.02058912581
6.03728459943
6.04832239274
6.07605026563
6.132631681
6.13323209292
6.13844468391
6.14750095499
6.15803984874
6.15887936359
6.15990547355
6.1652629088
6.17096414031
6.18427396725
6.2060983177
6.20751806046
6.21444694852
6.22453602455
6.23593679165
6.24109239347
6.24423400883
6.26396772282
6.2726774358
6.28572389766
6.29045652436
6.30221061127
6.30808305295
6.33549086705
6.35620169549
6.36351914381
6.38692531703
6.39972434795
6.40983476106
6.41820997073
6.43430179989
6.45654004968
6.47799980251
6.48653840863
6.49230229182
6.50437984913
6.51065851575
6.55705803261
6.56417499375
6.58466055791
6.58935034793
6.60164290775
6.62512113915
6.64597318048
6.64883664968
6.65544352487
6.68182040866
6.70545737249
6.70669899292
6.72244546737
6.72434349373
6.72881245644
6.7586813324
6.77748817503
7.13110573597
7.13699862635
7.16153083915
7.16682429976
7.2149093128
7.22387898606
7.24701598313
7.26570660624
7.27995858952
7.32025916639
7.36317001311
7.38898503325
7.40953567143
7.47915738847
7.49863316756
7.5375287857
7.55003835457
7.60476021823
7.65588917351
7.71135187013
7.72984467749
7.78352388691
7.85066103099
7.87714757972
8.04947476814
8.05640284092
8.07888977803
8.0902220908
8.10919358529
8.13962991249
8.22715198247
8.27331392344
8.2969611666
8.31739059611
8.36885544383
8.40220712834
8.43653836437
8.45323576243
8.49922069128
8.53471065297
8.56275918467
8.62842053412
8.6379405274
8.6555733116
8.70751688649
8.94482406342
8.99823084392
9.0843848752
9.13502048271
9.16754272885
9.185969854
9.28596176655
9.35332784956
9.42671759586
9.54333791071
9.64558299622
9.71453916082
9.77030140879
10.0120509628
10.1598037874
10.2649111893
10.3431023067
10.4763872317
10.6482641667
10.6560950284
10.724523464
11.2664681778
11.3959375517
11.5041026943
11.538232618
11.6872974361
11.7034955118
11.8691791307
12.0203403279
12.2207944726
12.3456260298
12.4226057924
12.6455440977
12.7675570811
12.8830625517
13.1729948658
13.3636858543
13.3957854226
13.503953489
13.5922977388
13.7217087236
13.752540647
13.9090168778
14.2527833251
16.0656759763
151
