6.00418134529
6.00624376253
6.01775841719
6.01923533366
6.03362692869
6.05324062891
6.08173984825
6.09795385247
6.10147321553
6.11577967298
6.12050951066
6.12983240999
6.14919232605
6.20926477616
6.21655571539
6.22421844334
6.23667812209
6.23738441261
6.24030342697
6.25138683042
6.25799479381
6.27635529581
6.28244068227
6.30548832868
6.31559773624
6.31647455635
6.31780010019
6.32476568183
6.34139724126
6.34599420594
6.37508434127
6.39339766494
6.4505977395
6.46122440934
6.46892639216
6.4967408241
6.51756009362
6.52905506367
6.53714033956
6.55882073754
6.58775545844
6.85132343647
6.86464532883
6.91346975094
6.93068189627
6.99782914054
7.02997603792
7.05317027059
7.12057297964
7.14402977353
7.19620158749
7.23774854603
7.27565300013
7.30307317378
7.33747198422
7.38512260304
7.44820024444
7.49297137294
7.54076884189
7.56630811
7.63058554273
7.65571700844
7.70933217806
7.71444227777
7.76155143294
7.77640132196
7.78758657309
7.81149894804
7.8334406738
8.03256113785
8.15331868894
8.21036713279
10.0306402201
10.0997760284
10.1642374773
10.2571058769
10.2646454389
10.7070844729
10.7473780059
10.8057318105
10.9142379358
10.9367258962
11.0191260897
11.1331836166
11.3180573088
11.4261302584
11.5562935642
11.9509376076
12.0024014124
12.1351783963
12.6587816803
12.8562645333
12.9167945191
12.954363284
13.0637641852
13.5753232428
13.9894783077
14.1177965043
14.4721770774
14.5582576983
100
