6.01226665156
6.01766366045
6.02798153362
6.04215913284
6.05565128294
6.06554829649
6.07774820463
6.08952454509
6.09999130689
6.10606306256
6.11467480542
6.12354900661
6.12942646339
6.13524319009
6.14029709476
6.16185912626
6.18101339676
6.18445939591
6.18525430165
6.19135874137
6.19240411124
6.19841058777
6.2042053728
6.25706719437
6.26415769273
6.28526626903
6.28645901025
6.30163656678
6.30701996379
6.31053981253
6.33043028259
6.41869622989
6.45550550934
6.46607204672
6.75619414905
6.77518174455
6.79782119611
6.80961942167
6.81740765962
6.87908314637
6.91454388054
6.98558262432
6.98730322154
6.99749015678
7.06801064736
7.1677927614
7.22968909375
7.24222971361
7.2454433721
7.26664898872
7.27998267876
7.32164176845
7.37704759978
7.40068256771
8.55011021071
8.64371285486
8.67752946236
8.71541060992
8.72079453348
8.75301445458
8.77180806647
8.81149039087
8.92134095818
9.00555432639
9.01251651729
9.06634883548
9.11506040147
9.13600635328
9.21081677099
9.2639686664
9.31909429286
9.39648578721
9.45389394287
9.65212239901
9.69983867039
9.70460637359
9.81639976613
10.66788741
10.6754709962
10.7639456686
10.8580229729
10.9033422123
11.0262141466
11.0624365814
11.114947994
11.1424336914
11.3067432572
11.3936983312
11.4566179667
11.5993914874
11.7269139646
13.4626587225
13.5894967114
13.6558400573
13.67280631
14.0383470996
14.3211322367
14.5578982563
98
