6.101976166
6.13914106695
6.14201122809
6.15185487992
6.15274988446
6.17759178304
6.1901857132
6.20127418202
6.23339667039
6.28192254625
6.29973070821
6.30818794687
6.32280293988
6.32863453101
6.363093916
6.36636339857
6.37604455862
6.38583194694
6.40275523393
6.45537370819
6.4694705037
6.47174012486
6.48311068874
6.49043506754
6.50813585098
6.51700015017
6.5198817112
6.53352812489
6.55214539697
6.56004898156
6.57892315314
6.600475144
6.6130767184
6.61751128626
6.65647127746
6.67893237243
6.68005282481
6.69066622254
6.69178892429
6.70270460482
6.73772351025
6.74746749926
6.76213771214
6.78049700421
6.80265308491
6.84752080068
6.85629587079
6.86209333164
6.89217759452
7.16888062447
7.21500350661
7.22218431126
7.26766509156
7.28347514679
7.3303109628
7.33429232062
7.37385197795
7.38499977424
7.4023482376
7.40438123193
7.42987431335
7.49330475575
7.57265644015
7.62791745815
7.65839223625
7.72522408131
7.85014909892
7.85372210347
7.8981540366
7.98252079334
8.07158281462
8.2330723997
8.25407532288
8.29893743321
8.46066049662
8.51485528634
18.688091956
77
