6.00948032667
6.01299453459
6.02648018718
6.02988604379
6.03381199747
6.04043683757
6.04385987601
6.04981819127
6.07225205943
6.08261698442
6.08606606486
6.09113980069
6.0949919435
6.09896926552
6.1035281558
6.12362625809
6.19022371747
6.19299755078
6.20031825813
6.20671169428
6.20783179799
6.21362509855
6.21504401917
6.22723770155
6.22915454653
6.25219679283
6.26030339866
6.26680735233
6.31009604987
6.31814690156
6.33450031443
6.35167484597
6.35319926959
6.71732592185
6.75950783538
7.17653645702
7.19883917876
7.20107971553
7.25770462631
7.26632285526
7.3080551177
7.34428820409
7.37266221537
7.44855171033
7.64714857231
7.68132574013
7.69512487443
7.72620125519
7.75032510622
7.76836453768
7.82310063808
7.83264304272
7.88037712592
7.94274226893
7.96600454083
7.97851763215
7.99077171438
8.02870252014
8.05202046237
8.07647626851
8.09248209485
8.13082908286
8.13692959868
8.14164306027
8.20188683158
8.27467409163
8.3248099609
8.36843282759
8.40685600957
8.46772995463
8.51022788629
8.54662767092
8.60839575781
8.62644202827
8.65757216757
8.73480498963
8.97609450269
9.07553883032
9.15974010049
9.24104111278
9.2467526956
9.27017232347
9.276855986
9.38172322162
9.44226154255
9.52445503914
9.5600174257
9.61354390797
9.61889351805
9.68675201078
9.74148703084
9.83017688795
9.87380246392
9.90728052088
9.93884311286
10.944509647
11.0384195904
11.081099437
11.1621530064
11.342380153
11.3974211365
11.4339891598
11.7237126407
11.8105265519
11.8897585508
11.9788416984
12.2510474151
12.3011701467
12.9927964542
13.1976926573
13.3811170271
14.0920408404
14.2203231868
15.4894791021
114
