6.0060445319
6.00972474429
6.02565915298
6.04664286109
6.04745919713
6.04977042073
6.05268734171
6.06618890326
6.07789580792
6.09923696351
6.10924968794
6.11512828179
6.12030310087
6.13336683305
6.14055540032
6.17662350841
6.18828645746
6.19726700575
6.20100273032
6.20767274757
6.2112880359
6.21387580753
6.22360739602
6.23972176296
6.25578847565
6.26240619445
6.27479272139
6.28041698169
6.29102584121
6.29633906176
6.31808737967
6.32026828644
6.32182350797
6.33699647517
6.33847903141
6.35219222344
6.36157363308
6.37768451114
6.39547575997
6.41673184478
6.45328151402
6.46289996895
6.47192903273
6.49760884832
6.51079890504
6.52185915548
6.53653527956
6.55050245452
6.56199358587
6.56941737525
6.57565992005
6.6028339997
6.62731758971
6.64247952417
6.66119532779
6.66264005022
6.68709479416
6.70153642059
6.70740286324
6.72618161411
6.75952974601
6.79726146646
6.81477933219
6.84782676168
6.86110481448
6.86310062254
6.88878942538
6.91497954241
6.93885862168
6.97763585589
7.04971402658
7.09043662293
7.11646336922
7.15993291613
7.16232541892
7.18129317162
7.18766987709
7.20892178087
7.2444364724
7.25596237886
7.27258328946
7.28583230742
7.31637514898
7.33669481525
7.35386538846
7.37608964007
7.40375704101
7.40678440172
7.42546560344
7.77357493593
7.82158382637
7.88223794412
7.91164671117
7.94676417143
7.98691401986
8.03306376811
8.09605552706
8.16294497195
8.20782359197
8.29465805991
8.34520792261
8.40055937929
8.40468349628
8.47864036719
8.56294908802
8.6738407563
8.69557718461
8.72956106644
8.76590559646
8.80385260127
8.80975686282
8.89340500065
8.95127415171
9.03214470412
10.2053335304
10.417238658
10.4909931701
10.609058241
10.7288926385
10.7920211774
10.818270284
11.3467378835
11.4360946472
11.5995969361
11.9992272874
12.0782045208
12.1551470162
12.2519432472
12.4162942794
12.499339939
12.5668892136
12.6775238764
12.830915496
13.2064603196
29.5340160254
135
