6.00097304093
6.00405304211
6.00522693063
6.00953525554
6.02166588783
6.02549346779
6.03404964075
6.0367626306
6.03820549744
6.03871140218
6.04255665896
6.05747931212
6.06122311499
6.06828855601
6.08426530824
6.09463156588
6.17606937293
6.18724433183
6.18901367261
6.19862369058
6.19936160097
6.20955587898
6.22049715539
6.2241725417
6.23691946164
6.26956720031
6.30020796661
6.33500290326
6.33916137404
6.34779630012
6.3530076588
6.36090486762
6.38150625737
6.40232551316
6.41429707387
6.42616597774
6.42916554597
6.43220525102
6.44026173485
6.45776778576
6.47368797196
6.480419467
6.54161774544
6.55708263659
6.56693447431
6.59198403916
6.61409353123
6.62278145287
6.62449146564
6.63663169588
6.64603729602
6.65727579804
6.66794022816
6.68850388511
6.71869589177
6.74137930636
6.7833583758
6.79995751839
6.81867814775
6.98116093131
7.02666776761
7.06479624806
7.14280212695
7.19330859746
7.20947376942
7.44053587042
7.48082157674
7.48457773406
7.51160468232
7.53107714582
7.53483483236
7.60023046581
7.69601214678
7.76258140476
7.7799545839
7.81284052808
7.83987949882
7.84427370509
7.87197062717
7.95780450551
8.01046385769
8.08030716132
8.09768132166
8.24439885684
8.29175506529
8.32239417699
8.38243570154
8.41742183197
8.47601893792
8.53570816891
8.58184970235
8.61291515929
8.66958328468
8.73054182175
8.76214053044
8.80405089259
8.88489243006
8.94202243375
8.99537659411
9.02297486316
9.13352940604
9.15105773454
9.20163237969
9.24220102828
9.33865067341
9.35341673855
9.3816469023
9.45338250799
9.60877907541
9.87321298197
9.92096448113
9.95089696781
10.001544368
10.1848814334
10.2240347898
10.3198416863
10.3454257213
10.4060644998
10.5146043248
10.640365044
10.7829121158
10.8501217162
10.9432636013
10.994020768
11.120301062
11.2260977624
11.3707652693
11.4282063846
11.4421374076
11.5840496915
11.7389005264
11.8968127723
11.9785417313
12.0528524329
12.2083597278
12.325404977
12.5093498461
12.8742660584
13.0814747908
13.1589137825
13.3418789327
13.4984775143
13.6172681209
13.6763296406
14.4544554922
14.5417436382
146
