6.00144770982
6.00190613723
6.00625202471
6.00983041281
6.01543373276
6.02326842624
6.02861071875
6.03779437498
6.05682498581
6.06795869459
6.07205773983
6.08996479848
6.09147974118
6.0981681638
6.10354801277
6.10780237927
6.11856666196
6.12464314084
6.13849376693
6.14699464129
6.16476242476
6.17020835682
6.18097121731
6.20432397291
6.20782455089
6.21929114248
6.2405845147
6.2506901971
6.25740613978
6.27375724685
6.28803355931
6.29705127637
6.29775505745
6.32352790532
6.34369852506
6.3981746669
6.40956783954
6.48194066891
6.49815668161
6.51671244584
6.52585717575
6.55463430071
6.56916504502
6.5911577983
6.5973566196
6.60473368996
6.60977368718
6.61683103228
6.63912106283
6.65233414984
6.67359734706
6.70491866553
6.71867673022
6.75815520073
6.78444772628
6.79472823899
6.80424475553
6.8389002965
7.02031110399
7.15759107768
7.17478853316
7.21093252056
7.24996868553
7.27553543475
7.30822096712
7.32889876048
7.38983659512
7.40101544168
7.43065165133
7.44887707605
7.46570790981
7.47832988299
7.48877234481
7.49432774562
7.55037449114
7.62955544612
7.67233512359
7.69229023092
7.69805335806
7.70131495644
7.70607497324
7.72410603926
7.76448836591
7.85512408335
7.88873063321
7.96639787909
8.04339279383
8.06919472731
8.10804171434
8.11679405741
8.13410093659
8.17119969259
8.2639111048
8.28221583484
8.32013445921
8.48991621093
8.51693537877
8.57160764993
8.58829553091
8.6120172061
8.68961823984
8.72685952817
8.74947507609
8.78064524249
8.82160607336
8.86251709671
8.91053598287
8.98261326636
8.98618617342
9.0140432037
9.04319719843
9.08103390937
9.16851158176
9.18946063593
9.23022661758
9.25441563918
9.29092373233
9.32397090283
9.4023732794
9.44459673377
9.47108333606
9.5277854663
9.63021255973
9.66182550266
9.75381672488
9.85338845846
9.97594044188
10.0684301793
10.1007063163
10.1476692072
10.2349150736
10.2768346416
10.3043211576
10.3874006818
10.5912553194
10.8310124005
11.5892720375
11.7083803678
11.8988144557
12.0217113303
12.1258239262
12.273701449
12.3089195516
12.4318119359
12.5791992482
12.6716082782
12.8809893512
12.9273025994
14.2244149722
14.334651689
14.4348622499
14.6179518214
152
