6.00360055017
6.07071415292
6.11743965586
6.12925544721
6.13776107708
6.14840377625
6.15458126117
6.16192908795
6.16707245062
6.18188370683
6.18602827618
6.22068385196
6.22883032547
6.3400225209
6.61887515751
6.63288064157
6.63662763593
6.74844096644
6.75715374028
6.77245173144
6.7858687162
6.81453153348
6.84202564254
6.84999640794
6.89212821996
6.93221325617
6.94685661106
6.97146139553
6.97349866148
6.98267571823
7.00112245019
7.01442430539
7.02949225285
7.05034994804
7.08539078424
7.14045633036
7.17595628335
7.21376151228
7.3131408335
7.31847799236
7.36066631276
7.42084132685
7.45254143359
7.49664634097
7.5002584253
7.5054600127
7.52393136739
7.55396660692
7.60077826518
7.63762424451
7.66376459672
7.7052242964
7.75083175574
7.86304865385
7.91621324372
7.98962031558
8.00453877789
8.27685816771
8.29703794376
8.34283575251
8.38170940076
8.51586793162
8.607385266
8.65292092401
8.7797945075
9.00185166893
9.07782143215
9.22928927012
9.26823592094
9.37062385146
9.45998218154
9.51826095867
9.58277591659
9.61338278812
9.69947494717
9.77563981313
9.8104352212
9.88346755917
9.91620069237
9.94477156028
9.97954223792
10.0703617664
10.1830501128
10.3431220787
10.4694347993
10.5261983929
10.5506382223
10.6104650663
10.7624159965
10.8638842902
10.9169054168
10.999004976
11.1101730506
11.1869645502
11.2710727149
11.3277667108
11.4835412532
11.5983813491
11.613747285
11.8628712525
11.9333404382
12.0366317151
12.235041079
12.3118234178
12.3904325016
12.5883927984
12.6829865919
13.96919222
14.1111371304
14.3076382691
14.4427600765
14.5736255727
112
