6.00526924226
6.01727402071
6.02509026577
6.04414891536
6.04498374698
6.0509896865
6.05530409996
6.06587361621
6.07237750941
6.07753944825
6.09011991381
6.09446138076
6.12042712237
6.12713829618
6.14013662896
6.14980517049
6.16154754398
6.21671392167
6.28508993932
6.29517423793
6.31101879595
6.35697108703
6.36539242228
6.36929499373
6.37354137024
6.38046402214
6.38835589838
6.40256696705
6.42468953687
6.4329673952
6.44432921521
6.45662436341
6.46828825356
6.47242494322
6.47484096692
6.4875097918
6.50958654589
6.51545120168
6.53238478929
6.5467404347
6.57181188504
6.58190955158
6.60009821382
6.61406184853
6.64538393101
6.65067441627
6.70374548183
6.71692953105
6.7334180928
6.74068393692
6.75554808605
6.759208837
6.78224049157
6.79846970955
7.01729430056
7.05760541845
7.09285014546
7.1243632653
7.14039559449
7.16876314458
7.17972516825
7.19971660246
7.32504429032
7.37435269145
7.42262281772
7.45370099438
7.5003097703
7.56077905849
7.72056815515
7.75083233518
7.79913659886
7.82423077061
7.8512635715
7.87902812058
7.88236124568
8.01882686741
8.05795624246
8.10560698042
8.35670033239
8.4350822124
8.48387110871
8.49914182348
8.50756721896
8.65034201679
8.67014136214
8.72577505151
8.75768553971
8.83173037029
8.91273250677
8.94782827404
9.16564380797
9.23427488575
9.31874945732
9.37483708178
9.47392824678
9.56040656506
9.58037756302
9.63905126175
9.80192896047
9.8974640969
9.9039234404
10.0083913203
10.2145299786
10.2415563952
10.5892326429
10.6752489461
11.0087450195
11.1164047685
11.129202744
11.3009348739
11.520174928
11.5848259454
11.682968271
11.7393567536
11.8619850568
11.9500729397
12.0197859083
12.1061969514
12.6496728612
12.7106140409
12.8049344963
12.8883132862
13.1148280698
13.3181586783
13.4873412451
13.5018642453
13.9381340554
14.1404365528
14.2570618188
14.678994398
130
