6.00847228042
6.01581832179
6.02074313296
6.0372024242
6.04981558909
6.0616065564
6.07627788984
6.08905896894
6.09507942728
6.12453835807
6.12717308575
6.12866058022
6.14013710434
6.16446250402
6.17304443595
6.18660929685
6.21160212577
6.22048868503
6.23330711495
6.24608318595
6.25078904042
6.29157487402
6.30028433065
6.31571562521
6.33397075222
6.41023437099
6.42784638589
6.44470896146
6.45921366504
6.52857208355
6.55246955842
6.58744218198
6.60473627253
6.62363610028
6.71768580889
6.73758332888
6.76472914031
6.77654182345
6.79382218867
6.82231268729
6.84256664997
6.85793051921
6.86861922461
6.88875961551
6.89301324125
6.90371504151
6.9119567439
6.9179783247
6.92887480583
7.02221449634
7.05115881884
7.07302674343
7.08297215663
7.09643024802
7.11570453681
8.54813832108
8.62438168978
8.64557641681
8.65009105379
8.68088092783
8.70601840609
8.79044181326
8.80946665417
8.82089495798
8.87549576363
8.91060594511
8.960077262
9.46003165709
9.47640091752
9.52162055979
9.60260781036
9.71951491863
9.95826261203
10.065914173
10.0781930511
10.1153447628
10.1218807658
10.1926310146
10.4726714208
10.5578354851
10.6039694507
10.7015024788
10.7400963983
10.8961838669
11.0182442399
11.0275665241
11.0984553083
11.122622112
11.353793478
11.4463777379
11.4541306289
11.5691919971
11.6520660299
11.8278855585
11.8470983414
11.85562283
11.910801144
12.1203474467
12.1378638889
12.3239765517
12.3748347602
12.4443420448
12.5565035618
12.850921798
13.0183135224
13.2501412769
13.3276629183
13.6884909721
13.924889517
14.1942172651
14.2466064292
14.493219684
14.5749120188
113
