6.00453740613
6.01161970462
6.01935059633
6.03581498865
6.04515186628
6.05311161093
6.05543567788
6.06394731186
6.07081672327
6.09985985131
6.1073676264
6.11675925417
6.12114024032
6.13720188934
6.14370493907
6.24611523295
6.26681775536
6.27210012524
6.27499889604
6.28041601226
6.28692703153
6.29784403055
6.34188367748
6.34317433453
6.3555755824
6.38282901599
6.39523575258
6.41201712473
6.42786778517
6.44959722484
6.45156548217
6.47817340475
6.49289292967
6.49691492082
6.51405764945
6.53927121638
6.54370145244
6.56996723762
6.58105887994
6.59314599977
6.61614383147
6.64958491344
6.66459999643
6.68492532884
6.69194286913
6.70545444378
6.71862958899
6.72072004689
6.73019786263
6.74463720288
6.75386931826
6.76611918759
6.76804283565
6.78545743891
6.81591632332
6.83276524418
6.85840389656
6.86968659756
6.90082902648
6.93072573483
9.3194230549
9.36728676604
9.46424416165
9.47017405315
9.50872674344
9.60280229156
9.8425041889
9.93886122763
10.0400726829
10.0638345984
10.1204358727
10.1540264532
10.2456776018
10.3384018883
10.5391963487
10.7172002674
10.7274607172
10.7801431924
10.8322511583
10.8840550221
11.2933457448
11.4916886995
11.5426874745
11.6978752038
11.8758143168
12.0330639799
12.1585291121
12.3082029088
12.4417276272
12.6187384371
12.6330261419
12.8339594277
13.0627987067
13.3407850451
13.4389302288
13.6064710936
13.6206688242
13.7194722814
13.757868325
13.9397388639
14.1792185123
14.2105486597
14.932762271
103
