6.0163679585
6.02379811389
6.03327671694
6.0402569846
6.04625989647
6.05088753297
6.05447474016
6.06151177814
6.0668255673
6.07372285276
6.07788611177
6.08134354363
6.09594210632
6.10550125948
6.10939606666
6.11824515636
6.21239038112
6.24665043695
6.26050729867
6.27080361057
6.27638927695
6.28642867461
6.33145867293
6.3460351076
6.35161702947
6.36036370921
6.36872634847
6.38245312803
6.39514545055
6.496939238
6.55307854235
6.55793691951
6.58280860488
6.59457494918
6.59911144496
6.60754681215
6.63068160589
6.64604817991
6.67522116665
6.70071337034
6.71466550845
6.7523719848
6.7647887048
6.77704681309
6.7914341899
6.81223706695
6.89438783757
6.89872676744
6.93956175877
6.97834957485
6.99748831707
7.04848095173
7.1000943852
7.1547377757
7.18956935339
7.21477779479
7.23691042796
7.27076195964
7.29276204433
7.31510686845
7.35055007173
7.36934019774
7.37843311589
7.73426949438
7.81276037586
7.83591093333
7.86211648914
7.92149162474
8.02963042606
8.0865390612
8.09462066702
8.1451385343
9.31936881034
9.43240707351
9.46665030368
9.4747617656
9.56837475726
9.74498516643
9.76926419817
9.79234896349
9.79817752191
9.81748464372
10.0139845007
10.0937133453
10.2502065364
10.316901967
10.8792707386
11.0412486006
11.121691387
11.5698710488
11.7937478584
11.8545713166
11.8704916288
11.9778322277
12.1085407598
12.2186107485
12.3337005414
12.4606574163
12.5818204458
12.7599789101
12.7712423015
12.89354103
12.9239929529
13.0200628221
13.1978811684
13.5040352068
13.5218416947
13.7601955937
13.8648987437
14.2485658545
14.4472909152
14.8410275385
112
