6.00702611377
6.00871196987
6.01858071342
6.02292633573
6.03213930127
6.05581823635
6.06165795739
6.07042163013
6.09138188334
6.09428635615
6.09625351978
6.10026256543
6.10522800846
6.11759590452
6.12346919747
6.13115246783
6.13172099996
6.13624914927
6.14711903483
6.15401282879
6.17001916413
6.18406789169
6.19110937057
6.19650821174
6.21541003528
6.22123344561
6.24627147054
6.2546367202
6.26532630717
6.26637850227
6.27406474687
6.38069233769
6.40103916885
6.41937061488
6.42023847376
6.44724730509
6.45214116774
6.46816866358
6.56008845271
6.5728007504
6.74212950471
6.76926507421
6.86451450503
6.88960714247
6.91742105737
6.93458212962
6.94894895328
6.97742139596
7.03707062946
7.08793967451
7.19861326899
7.22305691996
7.27233557568
7.32632125212
7.35438552325
7.40419380319
7.46084929006
7.51335617723
7.57767308705
7.61025720541
7.6460767544
7.66286307096
7.78056778819
7.79256830723
7.87526317658
7.98181261574
8.0175638552
8.04376037529
8.04696279901
8.09670025591
8.11643642911
8.12250127992
8.18735798094
8.24794135446
8.286597478
8.29656367265
8.32881564573
8.41453472603
8.45339321576
8.51984833854
8.55596522763
8.57382957855
8.57877675096
8.63211527195
8.67493175187
8.69691209014
8.75047639251
8.85517784085
8.88455831803
8.95147224542
8.98208307536
9.23630721276
9.31648246588
9.44005716593
9.523361186
9.57068835985
9.69585916999
9.79722891508
9.88812834197
9.98451273923
10.0559143489
10.1592135362
10.1911949621
10.2951139956
10.4219118183
10.5883553026
10.6758927444
10.8466636584
10.9023293061
10.944381025
11.0787862185
11.2690264729
11.4214171562
11.4613534202
11.5034997638
11.6182633772
11.6624732447
11.8659386061
11.9751879468
12.025269078
12.1006521978
12.1892036364
12.2380389136
12.3125139873
12.8643763796
12.9691522357
13.0168043628
13.1341323076
13.2400377568
13.3725187063
13.42662259
13.5075977833
13.6320275341
13.7267716563
14.0070084284
14.0780679969
14.2588320044
14.3930857089
14.5282696647
139
