6.00523303203
6.01010337432
6.01875097937
6.02831726061
6.04336851196
6.0548760954
6.06071220228
6.08432083226
6.08706805916
6.09411976935
6.09788707546
6.09932749462
6.10549814346
6.10839210125
6.12626712175
6.14212781888
6.14780798872
6.16216962166
6.16509457338
6.17134225046
6.17608595252
6.18459705979
6.1925794448
6.19586019633
6.20715871805
6.22438104782
6.22699874424
6.23641983503
6.24632602917
6.25358324694
6.26603548418
6.2672875886
6.27397229117
6.36983469433
6.37962266846
6.41867807172
6.44406866469
6.46062806085
6.46341102572
6.47482471176
6.49652892461
6.5039075258
6.508611232
6.50986733301
6.52521153263
6.5599528434
6.57150242776
6.58405718246
6.66052532522
6.78583410318
6.79215261027
6.8129599305
6.82392937073
6.8458298618
6.86399295742
6.93258358184
6.95455503503
7.01189251723
7.04009527691
7.0598756472
7.07751157573
7.10325918182
7.11330967824
7.14333708118
7.16620717642
7.22885796201
7.27599779663
7.31862939149
7.39521231608
7.4409527726
7.57959168471
7.5864016668
7.61890124007
7.6710927412
7.74969264511
7.77290644643
7.79372336206
7.80636946786
7.82836884355
7.84031734351
7.90137072871
7.94717595528
7.96929613617
8.05416700323
8.10882938183
8.14715068567
8.17542480029
8.21848990962
8.25412898353
8.32091142999
8.43943442788
8.45314232615
8.51594811746
8.81935231985
8.82513033338
8.88722538309
8.97384731637
9.01947807924
9.20076303751
9.26722556353
9.34797458739
9.43713239388
9.46711576474
9.60493228962
9.76643477628
9.78608720988
9.83719670929
9.87552865441
9.9470138117
9.96865265942
9.98066260889
10.0335903123
10.0643762051
10.1619727026
10.2080414306
10.2998868317
10.4639650548
10.4917495503
10.5579490317
10.622582441
10.6936449598
10.8347545202
10.8641790979
10.8848132623
10.9133844101
11.1251715558
11.2203533135
11.2844996565
11.3318716021
11.377469231
11.5997164641
11.6595060368
11.8340375239
12.360935177
12.4245982593
12.4599915545
12.4794216209
12.7314377687
12.8629765845
12.9552310355
13.0941305072
13.2095782923
13.4788265149
13.5783073704
13.6964388251
13.8556447333
14.0163775549
14.272301738
14.3788446291
14.4955070573
14.7877160489
151
