6.01575507496
6.03035503639
6.03385722879
6.04232927339
6.06349335129
6.07398898979
6.0801384701
6.13113223416
6.13922013244
6.14749278753
6.16793171498
6.22694225616
6.22926242794
6.28780911632
6.29620602631
6.30041425507
6.30720001248
6.31539418336
6.32598432815
6.33285256096
6.34460178775
6.36620142945
6.37943129306
6.3932232945
6.40427138714
6.41303986501
6.55670628893
6.65385304903
6.6640261056
6.69257232247
6.7084095715
6.72356982624
6.75186869594
6.82065841558
7.12616853769
7.13139047449
7.15010879441
7.17490970823
7.18573491696
7.26333666973
7.28644355278
7.31953156406
7.33293119691
7.39720186725
7.42437888676
7.50416514718
7.54005422533
7.55111219828
7.66209450818
7.68397417066
7.70418933281
7.72521135803
7.73730514484
7.78057702318
7.82609584067
7.85250032897
8.76504499464
8.77325485281
8.86567743493
8.99362086952
9.00703809989
9.06783869307
9.11335050061
9.18738565897
9.19563527398
9.28282102099
9.35563238978
9.36129716447
9.39220925686
9.4787973361
9.52310420979
9.54986540102
9.6052723486
9.66825849984
9.68359660973
9.92587377144
9.97490785836
10.0562036799
10.0726653157
10.1529321319
10.1652423385
10.2083011318
10.4641262801
10.5084370678
10.9080864148
11.117618036
11.2409228265
11.315327845
11.4378013346
11.5099285729
11.5890075832
11.6086412436
11.7559142526
11.7954531136
11.847124161
11.8968423764
12.0212837584
12.4504778279
12.5563279572
12.7083012415
13.0472550033
13.1045863631
13.3152577968
13.6141391405
13.7872276525
13.8905543384
14.036934645
14.3290798753
14.5767379945
109
