6.002199319
6.01065858984
6.01253865332
6.02316200782
6.03060151536
6.06151945674
6.06732910912
6.0856333574
6.09373419752
6.09682140349
6.0996764267
6.11068156507
6.11557098886
6.11968203361
6.12230208591
6.12870694949
6.13908089824
6.14376750585
6.16299317592
6.16876588073
6.18784544016
6.19055590728
6.19859132586
6.21121519914
6.22246737342
6.22989153351
6.23597353077
6.24358261029
6.25671307295
6.26240216037
6.27201805752
6.27483762411
6.28012722475
6.28957145684
6.29027860767
6.29119481913
6.30303200494
6.31419314197
6.32278809501
6.37257955827
6.38820058189
6.40119245309
6.41455676268
6.42517336909
6.43047668428
6.54800483513
6.58403140821
6.59551958943
6.61719746063
6.64105413041
6.66679799354
6.6752348979
6.68509993595
6.70580571231
6.72265692552
6.7826633853
6.81239544901
6.81884952807
6.83590772587
6.86038668489
6.86934710492
6.88991999441
6.90213830109
6.909144054
6.9394416034
6.96590248284
6.98907906622
7.03616537757
8.81057838095
8.84603640718
8.91560470236
8.94109203634
8.94980975058
8.97042403101
9.0186961814
9.08281879526
9.16503760161
9.25729492292
9.27379809803
9.36924844364
9.44959053127
9.47015655855
9.51464936378
9.65639863849
9.75972830292
9.85592628935
9.99380567986
10.0747549323
10.1622116299
10.2612729673
10.2718970571
10.3989825918
10.4473767434
10.6376724734
10.6989452654
10.7295998192
10.7472169758
10.8835133655
10.9973207172
11.201873289
11.36720973
11.4097788001
11.5046738282
11.6714604525
11.8459916596
11.9454820197
12.6306347257
12.9025527462
12.9636824172
13.0492614914
13.5434676276
13.9025518323
13.917112999
14.065129058
14.1088601492
14.2305610366
14.4702451607
14.7801950015
118
