6.00588190094
6.01245073023
6.0152244097
6.01861571596
6.02594678296
6.03103053669
6.04145857027
6.04798857778
6.05015316698
6.05545432931
6.06201761629
6.0682002645
6.12252716951
6.12823151121
6.16046490837
6.16934752288
6.17014603247
6.17706127412
6.1825931055
6.19811665347
6.21049099592
6.22499574317
6.24361612408
6.25037847242
6.25508334305
6.25750268816
6.266278264
6.28053614536
6.28499046083
6.296770743
6.31825390225
6.32250378726
6.45890811064
6.46038754353
6.47132084739
6.49003476651
6.50097555212
6.5244983629
6.52965271339
6.53868358767
6.55532028628
6.57004433593
6.5927060845
6.61166861733
6.61260370333
6.62192050433
6.6313453151
6.632795202
6.64560672509
6.66889769375
7.04504513525
7.06698212397
7.07154813294
7.11412605873
7.12290836135
7.15198345163
7.230713322
7.33645321747
7.34041281347
7.38262630765
7.40777976821
7.43072332558
7.46601946843
7.54250893638
7.55849363501
7.57591513904
7.58549340808
7.75605390471
7.78483425672
7.79531249936
7.84749629047
11.6693570801
11.7412393156
11.8015928271
12.0229942652
12.3484480625
12.4933189691
12.5533535867
12.6434468871
15.1649442389
80
