6.01588019212
6.02566529913
6.03290510386
6.03781173026
6.03879874991
6.04651297457
6.05361645986
6.06462588726
6.06625566371
6.06918748341
6.07633295251
6.08410204857
6.0962070074
6.13317979588
6.14745711672
6.15839669092
6.17104498426
6.1821779613
6.19870425555
6.21556857337
6.2437486322
6.2510214802
6.25992947327
6.2674497669
6.28817286553
6.2928214671
6.30251425983
6.3141843316
6.32098360599
6.34273959891
6.35706773916
6.374338038
6.38740513461
6.39777647418
6.40853601577
6.41520398944
6.42480447734
6.49742084493
6.51903600915
6.54252269832
6.56757576337
6.58445942434
6.59371301543
6.61764108276
6.63905870804
6.65440524091
6.66534940019
6.685317727
6.68808474339
6.69773832801
6.71006899035
6.77047228915
6.81269991032
6.82573007875
6.8437722885
6.87392797847
6.93178565182
6.96242392858
6.97982726402
6.98942528752
7.01217083882
7.0449373512
7.07564670721
7.09725890088
7.12230605519
7.17218528931
7.2013636428
7.21633256071
7.252323965
7.27610009936
7.33235411506
7.33538140603
7.36114722649
7.4661414339
7.47670528181
7.48790547799
7.52506500276
7.56138373951
7.56502541493
7.58098680017
7.60977489896
7.66867430598
7.67248171205
7.71322949886
7.73601595938
7.73865740546
7.79788504352
7.83440342311
7.8734381369
7.88078151561
7.93436180037
7.93824992272
7.98966521897
8.0094734496
8.02729469995
8.06936188926
8.10938942482
8.14662391769
8.16821487885
8.19881109968
8.25092936741
8.26806105238
8.2835494969
8.29963746469
8.34083866193
8.37849479433
8.40441615903
8.46214329604
8.46828019989
8.53403934165
8.57017029758
8.66158484477
8.68599458225
9.21723373479
9.24702043347
9.29447854212
9.32878940675
9.44192316178
9.44901083444
9.46617066521
9.49379943512
9.58937473855
9.63347109145
9.64125398008
9.69325895263
9.80993776449
9.83853674916
9.94296219497
10.0302067332
10.182931247
10.2706170925
10.3358797088
11.5141871564
11.5837207959
11.7468440674
11.8443716943
11.9472357779
12.1267880536
12.2341505046
12.2836704861
12.516447769
12.6760087541
12.7778842355
12.8933866947
12.9972694588
13.1452750692
13.3992591545
13.5726475844
13.9913104256
14.0645133868
14.4716754514
14.623395958
152
