6.00526662261
6.01006740629
6.04948265142
6.05954968514
6.07459549396
6.07532908008
6.08421485353
6.08963598757
6.0968710727
6.10611478766
6.17895981271
6.1873658401
6.19647371365
6.20538294672
6.21191858876
6.22818674658
6.24536630866
6.24933448832
6.25772474816
6.25854918183
6.27700949138
6.28556152282
6.29155602637
6.29275081987
6.29382861999
6.3052160481
6.3177955992
6.32683219538
6.3321576044
6.34741025561
6.38443999254
6.40459979137
6.44678825551
6.46197219672
6.4735513949
6.49122200099
6.50346297436
6.51895574892
6.54405224396
6.55208270631
6.57593073774
6.57760976794
6.60195267194
6.61233102423
6.64060158312
6.64606695734
6.65426008065
6.66702594029
6.68712291346
6.7169015168
6.74520750733
6.7719685573
6.798640317
6.88702214171
6.92243468035
6.95000812161
6.96062983236
6.97692548911
7.00083639015
7.02349523449
7.046628377
7.05710078128
7.13632994148
7.13823182708
7.16447952475
7.17590435599
7.21362375612
7.30264773107
7.32583514649
7.32814871436
7.36909260241
7.4086537756
7.46175205391
7.49780805438
7.51510565988
7.53261009317
7.57866628303
7.60540437412
7.64406477116
7.67126056794
7.70193977583
7.71658022629
7.77427309239
7.79486816756
7.82924497853
7.83291851211
7.87731708953
7.92197764347
7.97781477712
8.11401669613
8.2054748516
8.37927706593
8.43083476986
8.49426607128
8.98115274478
8.98505354927
9.05509317774
9.06134083089
9.21352994103
9.2668447106
9.34600351884
9.3894713932
9.47440879448
9.82990153124
9.97427513729
10.024473102
10.0576666811
10.1157286206
10.2232388709
10.2392575114
10.3005958613
10.3758456957
10.4257989648
10.5437498354
10.5624711973
10.7133818145
10.7781659625
10.8682640093
10.9283991968
11.0450477382
11.274508324
11.4143884016
11.5006677784
11.6478079396
11.778469962
11.8122552011
11.9567095954
12.3533795832
12.8025388844
12.8142736235
12.9822089633
13.0735483602
13.2145892993
13.2724900032
13.4082485223
13.6061899302
13.7935189998
14.3104086981
14.6493005047
139
