6.01787147245
6.01865578111
6.02839051203
6.04398063135
6.04479741291
6.05779789477
6.06091636017
6.07046073456
6.08236686429
6.08728632909
6.09355099503
6.09606802748
6.10701986156
6.11571884227
6.13330508466
6.14031920841
6.15464941258
6.16233587919
6.18189402403
6.19178626032
6.20081518314
6.21538438724
6.21800414699
6.22698548465
6.25373171626
6.28016757505
6.28733798089
6.29170037338
6.30720573603
6.32358752412
6.33062011719
6.3382882316
6.53669436848
6.56363276501
6.59096902959
6.59704576231
6.69509073926
6.70247968227
6.71448821061
6.72342173751
6.73708195556
6.74452034109
6.75187941156
6.79776769755
6.90756095578
6.93019141725
6.95795319979
6.96179743439
6.98962970381
7.01996020564
7.03613122592
7.04140398035
7.06051248955
7.09041843699
7.12992996301
7.14526576475
7.17570735641
7.1937689824
7.19668364712
7.20641892606
7.24444143766
7.29471387389
7.32169874801
7.33254357558
7.35223912731
7.3760347464
7.40087781976
7.4123153435
7.71235833666
7.73445994452
7.74737768177
7.7768788512
7.798727393
7.82675772824
7.84510248238
7.85296803802
7.87236430005
7.99125112674
8.10162624485
8.17142252189
8.21964322738
8.26820227763
8.29040490626
8.35595351688
8.66411866806
8.7552041415
8.77742367774
8.8157699223
8.82219697388
9.35279128966
9.3604009566
9.39227579175
9.42399104086
9.65559108306
9.66437586722
9.73438080755
9.75616256774
9.85690360599
10.1073944326
10.1864636496
10.2210841079
10.2996259398
10.3382227578
10.4572029808
10.4676427132
10.58141762
10.6416420838
10.7408359676
10.809206797
10.8254753965
10.8867059302
10.9902214378
11.0101102601
11.0240503785
11.0752196713
11.1552758591
11.8634098375
11.9182683812
12.1980663773
12.3398640159
12.6205771354
12.702699331
12.8835793532
12.905998087
12.9322935067
13.0844765452
13.1811661142
13.2082603086
13.4071674027
13.498939172
13.7493632041
16.1639677322
132
