6.00455071641
6.0188554421
6.03021521406
6.03715938884
6.04690588132
6.04918136511
6.06377701388
6.09704571293
6.1070415078
6.11429884064
6.12499155575
6.13745016486
6.15150344325
6.15991396088
6.16227469628
6.23677857082
6.24713394752
6.26108063663
6.26936109086
6.27299098689
6.31272320511
6.33018383653
6.335903429
6.35665432165
6.36693918645
6.38387868264
6.4047265124
6.41154546686
6.41696053627
6.4352941163
6.44285466965
6.45589673851
6.47131023391
6.49199424957
6.505854366
6.52295704717
6.54105338765
6.54598650545
6.58088090144
6.5885342472
6.60351219858
6.61845699111
6.62049593335
6.64091449653
6.66154964925
6.69473518868
6.69739649356
7.53685524969
7.5678073994
7.58387284222
7.60832330875
7.6205867335
7.78276426072
7.79346032177
7.83042377259
7.85563378448
7.9168173318
7.95630075256
7.98226953642
8.00946086976
8.03775420909
8.05636799757
8.07927822019
8.12259211828
8.21782049456
8.29578141283
8.31154542054
8.36342350537
8.39321658821
8.4019578935
8.44955191453
8.47409669837
8.49354550557
8.51945705608
8.65235896405
8.69409714242
8.73971675645
8.78791205197
8.82486347184
8.84472980528
8.86423703682
8.8683983167
8.92369633424
8.95792433926
8.97307282426
9.01186322014
9.06794294321
9.15198505724
9.23744307417
9.25532312906
9.28430010444
9.32020174553
9.33729587741
9.35950733197
9.42922152235
9.62517650854
9.77656997163
9.8799877634
10.0083001531
10.0497644808
10.1600836405
10.3306748483
10.3446174569
10.4487654766
10.5504856081
10.6583370758
10.7001737477
10.7593379
10.8120504233
10.9003978681
10.9820829483
11.0454123286
11.1104388472
11.1883580478
11.2796912737
11.4045416199
11.5345726594
11.619214272
11.7648962796
11.8703227023
11.989397468
12.0352039287
12.207450665
12.2164792505
12.8323504187
13.0428571677
13.1814880063
13.3440627292
13.4797186658
13.6111148331
13.7680125681
13.9014521913
14.8224822649
133
