6.01315668804
6.02197137158
6.03086698804
6.03478058247
6.04688653707
6.04769345943
6.05145286172
6.17355294614
6.17496023168
6.18044213759
6.223504638
6.24668483247
6.26245370309
6.29621299135
6.31449845058
6.32438313121
6.35280958233
6.35677407689
6.38146898418
6.39228734431
6.40387339315
6.42344522218
6.46479892724
6.47300744719
6.48489740001
6.50387802545
6.511825526
6.52754375025
6.54009201659
6.54917901349
6.57475351764
6.58530051189
6.60281900121
6.61427227305
6.6158978525
6.63012389808
6.64114539311
6.64916169404
6.67497680204
6.69174547991
6.70435351621
6.70813877162
6.71041306271
6.81841130758
6.8328337327
6.84750596772
6.86988295143
6.88118985175
6.97295635466
7.01977705845
7.41679933994
7.46463957935
7.50836949106
7.5282075208
7.55259873424
7.58811579371
7.60314891222
7.66902050308
7.6978064367
7.72242265467
7.75840992121
7.77016381077
7.7839318408
7.88536094587
7.9032317527
8.24147634184
8.36508592529
8.48200987984
8.49685653519
8.66275582476
8.79709534946
8.83725336483
8.86899670263
8.87815086771
8.954284407
8.95817449575
9.01979937236
9.13981842432
9.51674217913
9.55799186143
9.58074809052
9.71058494043
9.7185847728
9.83571864353
10.0972198362
10.1960291577
10.2694145185
10.3580025216
10.4641930324
10.5228642868
10.655606481
10.6897672325
10.7833915904
10.8525548616
10.9597094706
11.1233929845
11.1506077881
11.1578037988
11.4442869774
11.4560712229
11.7845596188
12.1551528243
12.2631050762
12.3381740703
12.7822287935
12.8770483904
13.1278505988
13.1666275754
13.2365230564
13.6292174387
13.785328737
13.908681547
14.0719407218
15.1396803157
114
