6.00863861634
6.00972560321
6.02719972834
6.03976027682
6.04576624933
6.05653430543
6.09352626182
6.10810504662
6.11516971639
6.11873470888
6.12378710075
6.12782375687
6.13081648298
6.18501414129
6.18869917898
6.32990535541
6.33154449432
6.33818237212
6.34393388485
6.34474653539
6.35686559942
6.46803374634
6.47528730165
6.48238480447
6.49612539705
6.51634237383
6.52148212969
6.53130192708
6.53841362626
6.80361441095
6.82015866123
6.83181593724
6.84297377071
6.86065810682
6.8824049838
6.90445227984
6.93787430398
6.95898317193
6.98059935958
7.0036945659
7.0281627612
7.0537769638
7.08717883746
7.09811345489
7.11863213451
7.63684281135
7.67352650424
7.71770522216
7.74147342949
7.7493645574
7.77101526642
7.9741104553
8.00863096458
8.07421113586
8.17402543301
8.22111388368
8.26644271646
8.27114684042
8.30516805436
8.32385387642
8.42118664022
8.70284759873
8.9349347464
8.97872555917
9.02423563284
9.07791080198
9.10372300062
9.20795528739
9.30186361473
9.33862102854
9.45214504177
9.49121736674
9.52039210038
9.56835719266
9.60993514905
10.0782022435
10.1735767892
10.2977817146
10.348326854
10.4294941506
10.5018282715
10.5165774143
10.7470516633
10.8479451349
10.9801012432
11.0317685409
11.078635114
11.208893775
11.2195595213
11.4301829525
11.5473437582
11.5927904772
11.9145654689
12.0808408832
12.0939141408
12.2242435332
12.2402813055
12.2923940985
12.3273464787
13.1888019616
13.3167243759
13.4778514251
13.5312794038
14.048224655
14.244738417
14.581950334
106
