6.00947335697
6.01010024064
6.02497531925
6.03373951588
6.04883685223
6.06984396314
6.07587581967
6.07958819212
6.09117555278
6.09405197255
6.0973366969
6.10389812089
6.11697348624
6.12954091448
6.16815477523
6.17134460019
6.18293124538
6.20528745601
6.21350839974
6.24773744765
6.26079674405
6.27270751858
6.28639757441
6.29451239803
6.29848776727
6.30670694938
6.31896730972
6.34001172321
6.34368242446
6.35884436419
6.36121772131
6.36762751138
6.38622990627
6.39487713224
6.41043199467
6.56027391163
6.63561405314
6.66210767471
6.72130344414
6.73617980913
6.7486283311
6.7959933685
6.85956575548
6.8951584427
6.95487701359
6.99160245868
7.0209412653
7.29021501724
7.31960726099
7.36168173533
7.71966595613
7.75470412119
7.80031198858
7.82350078881
7.85713254036
7.91003172683
8.09209442546
8.1231980052
8.18769458482
8.20693225937
8.2750053404
8.31879963767
8.39830641895
8.46615738827
8.53111457638
8.58420494608
8.6500881859
8.69437000163
8.76239913935
8.83291221905
8.90977550871
8.94889233131
9.0629124589
9.11502095301
9.19069481139
9.24170886971
9.29945749609
9.33246364465
9.54360367318
9.69771539023
9.74200522961
9.75004459374
9.81048726033
9.84803350057
10.0236906364
10.0691882151
12.907263354
13.0735546163
13.2108553893
13.3981533481
13.647880376
13.9106361979
14.2529692222
14.2797713528
14.4569247224
14.6381748454
96
