6.00879396574
6.02266524587
6.0267049659
6.04095212631
6.04637969979
6.05691839147
6.05755191815
6.06941253864
6.08157269306
6.0860737555
6.09164878428
6.10344295552
6.10422658055
6.10996547286
6.12533523582
6.13617098562
6.14245592815
6.14992906194
6.16132459348
6.17692015514
6.1847953614
6.19747344793
6.21624517269
6.22245656899
6.23842703231
6.33633355317
6.34104866977
6.34638455627
6.36188054104
6.36665320403
6.3888363989
6.39970477192
6.40878669127
6.43213164131
6.43328680019
6.43416072212
6.48943611767
6.5019673544
6.52355849958
6.53113831387
6.54928128244
6.58033002047
6.59428930172
6.59950274258
6.62006518876
6.63497925533
6.63864940449
6.64051083621
6.65122384492
6.65596861767
6.6599794269
6.66916413913
6.69498832239
6.69913136158
6.72323441123
6.73071969602
6.76068265117
6.77671292195
6.78295591562
6.7874067047
6.82525539974
6.83554538397
6.83723334083
6.84690559712
6.87061259321
6.89639825483
6.913385213
7.07148794254
7.08726588716
7.14699152651
7.16259967118
7.19035081032
7.26454231662
7.33671172412
7.38386010143
7.51184999787
7.58579798955
7.63353119685
7.68926608576
7.69856150845
7.82271711009
7.90237604462
7.95933333364
8.04466525985
8.27044967267
8.31121243796
8.37057909447
8.41935799013
8.46629947445
8.55167481595
8.59965837101
8.67391505989
8.71379297913
8.74819671228
8.97978860105
9.10026673798
9.13966061335
9.18412626057
9.27375565808
9.28361081117
9.38935274063
9.40118358864
9.45738663128
9.53305575645
9.7013008249
9.81170433156
10.5703595016
10.6893305961
11.2494810879
11.3344941299
11.4739805816
13.4380616764
13.5543773489
14.0725563884
14.1776606565
14.7113691958
116
