6.00294690514
6.01374306829
6.01875634969
6.02299294833
6.02447071546
6.02526066573
6.03425983105
6.10054658345
6.11370256852
6.12518874664
6.12944669619
6.13426549021
6.14522102467
6.14977406017
6.15578260457
6.15792952174
6.17741584036
6.18123020379
6.18185650284
6.20112788733
6.24992843584
6.25948827978
6.2719968037
6.27634995613
6.28234786118
6.29871763115
6.31662613187
6.33171768665
6.33673764819
6.35796308714
6.38018910734
6.38979906321
6.39358647868
6.40100658187
6.40247788023
6.40564887122
6.42013591713
6.4268873958
6.46679280764
6.48131927253
6.4902958265
6.49197350503
6.50821943208
6.51323916857
6.52166592272
6.53034947476
6.53749504701
6.54725625478
6.56658070974
6.57346566875
6.60367537159
6.63170673124
6.63972095117
6.67266734606
6.76139886512
6.79252373315
6.7944995782
6.8008338403
6.81632606136
7.12710115526
7.12974799859
7.17238629344
7.19953555782
7.23551446536
7.27303739868
7.29564030917
7.34348355493
7.36796637867
7.3884470107
7.44804956305
7.47527083359
7.50903148345
7.55273291422
7.60190121596
7.65112832159
7.6574651965
7.68268761891
7.69756614858
7.80408681799
7.87175109787
7.91137597443
7.9166025778
7.92875887949
7.99574321043
8.03324633806
8.04832379419
8.05721965763
8.08216494184
8.21762335598
8.2874388567
8.31502944933
8.35344486687
8.35807985291
8.36903733389
8.71442176177
8.90974890552
9.0854405734
9.17297759662
9.30993578355
9.37693875507
9.40829143808
9.45223196525
9.56103834318
9.72208141398
9.83509560104
9.94286527385
10.0490673587
10.0787221495
10.136942597
10.2039657514
10.257274077
10.2870057802
10.4311256315
10.4430211725
10.5278944632
10.6157780765
10.6469658841
10.6796021083
10.7038212097
10.7955431919
10.8735936295
10.9283660177
10.9594220619
11.1411579988
11.2351309996
11.3922643351
11.8448393645
11.8953319193
12.0729711255
12.206375105
12.2867295864
12.3507404175
12.3851300505
12.4356023266
12.6888186202
12.78236502
12.8227429029
12.8544740325
13.0548094345
13.2638675981
13.4815036269
13.7770444587
14.0014360333
14.1725227173
14.264050751
14.6989162972
146
