6.00300270642
6.00608248299
6.00810776382
6.01397198069
6.03249429758
6.04134587466
6.04752358393
6.05707169038
6.06816943629
6.07743650482
6.09461867997
6.10634216643
6.11058510063
6.12051559898
6.13039239302
6.13604978776
6.14444398107
6.1505958788
6.15875579102
6.16699228785
6.18989606236
6.20350195924
6.21160268167
6.21677249752
6.24924715136
6.26247583174
6.26723377131
6.26816535041
6.27152403455
6.28246759292
6.29193202047
6.30634920465
6.32410880493
6.33615878134
6.34599199382
6.36098252592
6.48035193246
6.48977049546
6.50074853775
6.52246932154
6.5353337097
6.70187035401
6.82839843092
6.84083376932
6.8605708671
6.89815680248
6.93591805204
6.94870101753
6.96449356941
6.96710437358
6.97187425019
7.00124401977
7.0102206018
7.02135496696
7.06842947273
7.09880362121
7.11594474225
7.14093987852
7.17020768212
7.17945888532
7.19607643878
7.22237318017
7.36201193155
7.39939426367
7.44950200818
7.4813673081
7.48401193676
7.50769607875
7.57508704453
7.63013991712
7.63320350099
7.66719481252
7.76685435513
7.8088589891
7.8217626204
7.87385268188
7.90906844577
7.94025026839
7.95255326516
7.99768496985
8.43352714267
8.49634257659
8.60671932743
8.66009464757
8.70988456431
8.73679723184
8.7471335215
9.10479884333
9.21499532451
9.41572465191
9.46990641814
9.58345933071
9.62042436462
9.71347131375
9.7440865652
9.81304685574
9.95441568947
10.0048963766
10.0592610874
10.26786564
10.3632956844
10.4645109188
10.5378831346
10.5644321701
10.6110679687
11.2240529229
11.2749003719
11.4416944362
11.570175928
11.8639352618
11.9594710239
12.0155174401
12.0584906635
12.1276310611
12.2998881678
12.3442709125
12.3952451956
12.4850800839
12.6883311109
12.8517424839
13.0099370134
13.235895118
13.3573089038
13.5874254553
13.7497096354
14.0153384846
14.2218443599
14.2407824538
14.3031867812
14.3477390461
14.7100580011
131
