6.00043798183
6.00203376602
6.00933861083
6.0122732055
6.01927659006
6.02171629019
6.02801773337
6.55023608036
6.57243086483
6.57944538597
6.60559273639
6.61565546799
6.70091417009
6.70300100932
6.71951785389
6.73627617292
6.75973682512
6.77032453196
6.79434113482
6.79718930533
6.93040507757
6.94754120406
6.98837602528
7.00067070083
7.01782658475
7.03024571339
7.06608705301
7.13504407739
7.14252135134
7.18002361921
7.20828420924
7.23415571498
7.29834696571
7.48386233398
7.52332363954
7.54792003131
7.56710445482
7.59154113479
7.61704822314
7.63354999084
7.66485613555
7.79671009193
7.8553458275
7.93296691997
7.93839920007
8.02123189328
8.03716158771
8.05983174807
8.11172458199
8.16830106683
8.30836969716
8.38402737615
8.42159505982
8.44947105142
8.45745814676
9.09372487809
9.14829654742
9.18294989274
9.24533129198
9.27232609751
9.37354291734
9.43015311881
9.93677827179
9.98642475761
10.0030541608
10.0662661684
10.1032340657
10.3053834777
10.3671080418
10.5745048575
10.5891027587
10.857559479
10.9234194377
11.0310303388
11.0884538458
11.1948699567
11.2315832294
11.2852602482
11.3664117027
11.4178286926
11.4661340047
11.5288620482
11.5428622775
11.6072916333
11.7508036476
11.9021702898
12.9885187888
13.1625678244
13.2625576402
13.4737562588
13.6751565892
13.9566149168
14.0335058468
14.3124729845
14.3814904934
14.5454395935
96
