6.01785531573
6.02264909197
6.03304807204
6.03481510057
6.03575017608
6.03632001477
6.04653171641
6.05317756853
6.0591162641
6.06507691613
6.08581136115
6.09018289819
6.0908554091
6.09942700809
6.10861520674
6.12355064825
6.1292165502
6.14267490894
6.17295206245
6.18591452412
6.19427667924
6.19507417893
6.19995614464
6.2049101491
6.21412263608
6.22340131585
6.23199098246
6.33199726667
6.43371465655
6.45106358276
6.46607950255
6.46967324355
6.48209179679
6.48493706799
6.49984351168
6.59918466967
6.62462646316
6.66057233188
6.66271055807
6.80710390879
6.82264403758
6.85134916443
6.89265794114
6.95554198476
6.98287609749
7.0447036317
7.08287897252
7.1033260859
7.14535347498
7.15732910916
7.18078449844
7.19471125094
7.2105553058
7.24623818971
7.25058812631
8.38710010428
8.40791742017
8.43714949219
8.48691612173
8.52507792796
8.57201282285
8.58787341404
8.70518364663
8.75451259252
8.82317199745
8.89915399801
8.91664714005
8.92521415961
8.97652631501
9.06654766745
9.15257474979
9.20646490595
9.27009354026
9.31377888234
9.38053801479
9.40451751645
9.48086828297
9.53262316667
9.65399495073
9.73555419857
9.77330923313
9.89984774964
9.96329537832
10.0264370567
10.0568980975
10.1020814101
10.1277301792
10.1849608803
10.5279250987
10.6381991996
10.9708641734
11.0552981814
11.2665074497
11.2932537715
11.3139637441
11.4164398625
11.4736314809
11.519235749
11.632400753
11.7049919791
11.7718866808
11.9128337957
11.9712396756
12.1061685274
12.2130999003
12.3390632811
12.4456191605
12.7205000507
12.788129904
13.0339487764
13.1424144804
13.1842346543
13.2533012617
13.4771411454
13.496624765
13.8499362925
13.9600317005
14.2486451703
14.2815200751
14.4673831984
14.4997793518
14.7602848259
122
