6.00423108174
6.04480586617
6.05304567797
6.05621172663
6.0673598968
6.07346146136
6.07918170881
6.13477880009
6.13565724289
6.14265511567
6.15798969311
6.16146805494
6.17323741984
6.18814703701
6.24782562697
6.27400132976
6.28161695071
6.29987347733
6.30511451757
6.3162448779
6.31710463792
6.3239103856
6.3389431876
6.35233948924
6.45581662327
6.46984244685
6.47846176118
6.48183611742
6.5095004659
6.53089747382
6.54597152731
6.55215610076
6.56019617276
6.56864763252
6.57398856099
6.59395566908
6.66449728145
6.67216854102
6.68724128163
6.70224807939
6.73708950042
6.76984089055
6.79410312394
6.79552542194
6.82223083973
6.85006030443
6.94504442796
6.95438555157
6.96446255026
7.00055730674
7.02670003467
7.09929082555
7.1057627008
7.14102571628
7.16417892684
7.20927259801
7.26369031408
7.30970379003
7.36202539438
7.40393069488
7.42568279602
7.4630877763
7.48954969188
7.59991123254
7.63621133459
7.68015876139
7.68367134504
7.68692153417
7.75488437591
7.81479661078
7.93434179686
8.76649269934
8.82747251234
8.87339718257
8.95777007609
9.03345788248
9.06315508534
9.08638630616
9.10089198094
9.13925925998
9.17990085392
9.23239342829
9.2582851119
9.40563406224
9.59235275241
9.75618535549
9.86239386857
9.90511491006
9.92197809148
9.98527670857
10.0323816006
10.2656268927
10.3021419106
10.4202553658
10.5832877098
10.5895446307
10.7318746903
10.92655483
11.0854933649
11.2640154329
11.3795722224
11.708331063
11.7597220623
11.803280439
12.235169278
12.2993425232
12.3933466673
12.5197380005
12.6870036618
12.8376193424
12.8526321978
13.1390493193
13.2928879857
13.4451731452
13.5225628987
13.6133332924
13.6881278611
13.7417103396
13.7815823697
14.2249590794
14.3579963448
15.8686241477
122
