6.02947179564
6.03475506883
6.03751176727
8.20855056657
8.26736897764
8.72350210196
8.89935634882
8.95931500057
9.05031784178
9.05913607871
9.14425615968
9.16783041568
9.21173767052
9.43170878126
9.54145014625
9.5998355845
9.65340958387
9.66033741576
9.70794502763
9.74118500641
9.84960376675
9.86556080463
9.89269945738
9.91858906149
10.0392143408
10.1438822356
10.3904240409
10.3975863905
10.4418105182
10.4880467661
10.5774707914
10.6094460273
10.6780563774
10.7770571171
10.8260577966
10.989827597
11.0074037323
11.1206476676
11.1824019913
11.2443345215
11.6286189615
11.8102117021
16.9352379498
43
