6.01213735025
6.01900862131
6.03001237007
6.03864273407
6.07876289363
6.0999881834
6.10652416104
6.10982259397
6.11948252188
6.12688565732
6.13657763149
6.14769758902
6.18732403263
6.20610080028
6.22088766243
6.23864165349
6.23981012355
6.25773258768
6.27714637125
6.29256571697
6.30771793232
6.3192694968
6.32450347034
6.33376029384
6.34693448184
6.37102016985
6.38186846048
6.39541808273
6.40299930276
6.41060185211
6.44156739025
6.46099949733
6.47842134772
6.48228923501
6.49491848352
6.50084278602
6.52338792931
6.52591833726
6.53564894205
6.55838841419
6.56833594064
6.5798667886
6.5816466639
6.59047297428
6.59601649184
6.61063114895
6.62375767183
6.63696271618
6.65528382383
6.69246503837
6.7109866798
6.72890151971
6.74573988925
6.74967238389
6.98686529104
7.00657129908
7.02438964622
7.06084324849
7.35566397484
7.35889736123
7.38362727755
7.41527185282
7.4411644866
7.48082748996
7.51266307643
7.51875216185
7.54360305014
7.56656866596
7.60029496636
8.10238150047
8.16187187241
8.16571236879
8.2448089605
8.28848153997
8.31331356912
8.33034868077
8.39662482795
8.46062093889
8.48222844208
8.54742924122
8.69938924424
8.75236275777
8.83099207609
8.83782214304
8.90716262457
8.96363502884
8.99561155566
9.0249438963
9.04726506503
9.05854906461
9.06565164173
9.13992628723
9.16924093576
9.2428716759
9.37367193448
9.43457498071
9.5022064379
9.59149748472
9.62985877819
9.85677783444
9.98948465337
10.0459927524
10.0669585565
10.1116471796
10.3358792439
10.4738275137
10.5130002631
10.5464733992
10.6825952569
10.8361526777
10.9530603971
11.2789057851
11.5171989787
11.6515110695
11.8817782082
11.9945316169
12.0544643842
12.1301844024
12.1709844491
12.2304086597
12.3421369906
12.3523990479
13.5585870355
13.6027619016
13.7039484596
13.8188363486
13.8915403232
14.01583083
14.0892338885
14.4002442541
14.4852373406
14.5377764767
132
