6.00502829506
6.0111491539
6.01497623034
6.01975390137
6.0222383387
6.0385909067
6.0466246985
6.0536262233
6.061742526
6.07425474309
6.07495200978
6.0948451008
6.10695792664
6.12105677722
6.12251013472
6.12948162238
6.13173368391
6.17801930242
6.18740467533
6.20011126586
6.21257593564
6.21968772506
6.25315188914
6.2692917689
6.28698362406
6.29890439832
6.6515883374
6.66105578522
6.6622147706
6.67679185006
6.69493187595
6.73308148757
6.7468497788
6.78748656865
6.81120547335
6.8263242663
6.83473631526
7.19863743525
7.29372433735
7.3167382467
7.34743050246
7.36216436071
7.38873152367
7.40362967845
7.5654805702
7.58862413174
7.60946188355
7.62804633715
7.67433740718
7.76170678586
7.78438950256
7.81608141882
7.83754690252
7.90792935589
7.95224522027
7.98884000297
8.07732540381
8.09048815782
8.18402714005
8.20631032343
8.24205338253
8.31211829725
8.39265345913
8.41752901992
8.45201507556
8.47516011586
8.60443266761
8.6249971538
8.63227797032
8.67815848348
8.90415589406
8.95170344838
9.02820937473
9.06836161794
9.17431610593
9.24013094325
9.26056240648
9.33079851117
9.41039700313
9.49339562474
9.54555132868
9.55293786703
9.66088967106
9.75851481872
9.83630560342
9.9150949383
9.94486411156
10.1223602309
10.1565240811
10.1994157307
10.2321180231
10.3426700461
10.4062411353
10.4935904494
10.6229422241
10.8139436328
10.8815457846
10.9133427756
10.9461968657
11.0371786522
11.0720485189
11.3928640876
11.4857747539
11.4999134985
11.6315590089
11.7340285317
11.8498058595
11.9178573886
12.1509001486
12.5092983422
12.5868458851
12.8378210579
12.9219306587
13.0021415176
13.239750416
13.3588717825
13.5641495588
13.6623908715
13.8523495697
13.8798066186
14.5530821634
121
