6.0062682051
6.02735026259
6.03346098063
6.04799356706
6.05592895372
6.07724869093
6.08903527227
6.09918562018
6.10884097446
6.14183208384
6.15296658119
6.1782214326
6.17981061464
6.19729704259
6.2129019043
6.26871789517
6.28550544953
6.29135562477
6.3088062493
6.31617889274
6.3295997669
6.33719561448
6.34454865469
6.35555383755
6.35899077914
6.36820711738
6.36913561484
6.37904335158
6.38432966259
6.39204744627
6.40669005277
6.44895156679
6.47946274307
6.49813689059
6.50434034247
6.54016919492
6.54667411186
6.57156051725
6.62366233989
6.62683143895
6.62987058523
6.63345986532
6.65885222622
6.67204475731
6.69094412699
6.71769392867
6.73536869567
6.75926280684
6.76920065079
6.79416063869
6.83443624809
6.84821723231
6.91639228473
6.92375302247
6.96978275527
7.00647677605
7.02224262365
7.03579552336
7.07318140722
7.10788158818
7.16373471621
7.18240187054
7.21475619029
7.25257484394
7.27551158983
7.30069353294
7.32968580777
7.35884174067
8.16623970456
8.19668077213
8.19974993803
8.24779523884
8.2595107565
8.29948070027
8.37076209141
8.39880681661
8.47865727417
8.75439844987
8.88374295737
8.88885022108
8.91399252273
8.99125156256
9.01959784486
9.06747252149
9.108882664
9.1153644011
9.15172436157
9.27376079056
9.29798657871
9.32308602244
9.40486783115
9.57169228872
9.64112425834
9.68613848542
9.71187741248
9.76974107272
9.8819434376
9.95788337516
10.0665375824
10.2132962201
10.3208296917
10.4135698222
10.4445443476
10.5152900951
10.5632495934
10.740831209
10.8348048094
10.9600825084
10.9688217461
11.0714778217
11.2791097921
11.3307790929
11.4721333069
11.5368193201
11.6332679536
11.7406635903
11.7503706517
11.8658715839
11.9769702594
12.0756727037
12.1581110744
12.3499492105
12.3976341925
12.6638512627
12.7719228255
12.9646436223
13.0552267439
13.0834535091
13.4657066393
13.6439020691
13.8386934343
13.9836911445
13.9967930155
14.4766245811
14.6654393172
135
