6.00542675163
6.00852571064
6.01137956229
6.03642380833
6.04816231226
6.056805793
6.05766337006
6.08079831117
6.08468960691
6.08979839393
6.10564899239
6.12379620812
6.12626078665
6.14252744016
6.15734910944
6.17861242826
6.18714633115
6.19602688819
6.20319140993
6.2292679605
6.23489052432
6.24856958119
6.25104664443
6.26232080166
6.26596943837
6.35241449419
6.36213135826
6.3705624137
6.37540387511
6.41003423668
6.41255129849
6.42670100248
6.43188698665
6.4358322719
6.45723967339
6.45996505788
6.47226717078
6.4926649705
6.51619259952
6.54908931797
6.56129374094
6.56877905239
6.58437740415
6.58760951555
6.59231021067
6.5960021744
6.60636268722
6.65618291064
6.66423534073
6.67252578682
6.6966913733
6.70582143822
6.71653437726
6.72680580785
6.7405889813
6.75672968215
6.75913353658
6.78139379004
6.82705909059
6.84187384689
6.8469088225
6.88660666468
6.91511324276
6.93624231555
6.95477774879
6.97951678868
6.99019204985
7.00888119114
7.01150342828
7.0442714884
7.15669725584
7.18854658711
7.24702004458
7.26384238388
7.28337812552
7.32541153697
7.35992953004
7.37998461492
7.41178034616
7.47402290226
7.52569870677
8.06359942622
8.07909294017
8.12045813534
8.14040070564
8.1595021018
8.17336713058
8.19005351783
8.24354776568
8.40761311403
9.07854669126
9.11597024023
9.1735128945
9.19851479515
9.34878340456
9.40351183339
9.51241557303
9.56478530852
9.64927145759
9.67723034026
9.71453838496
9.7679197868
9.87488327254
9.92274004317
9.94410414355
10.2485344135
10.2964338841
14.8802495463
108
