6.00564078393
6.01585155137
6.02279054131
6.03450303923
6.03528103152
6.0534783739
6.05876211003
6.06574285116
6.06731811292
6.07515858877
6.08000315687
6.08093517063
6.08819887856
6.24684818608
6.25016788184
6.26086581167
6.3256572592
6.33647978775
6.34649287292
6.35572338297
6.36616330052
6.44196407018
6.44866591489
6.4622065209
6.47591234103
6.49213045245
6.50997053379
6.5264414773
6.54753296116
6.56277718942
6.56997562302
6.58779243134
6.60214555203
6.61777024917
6.62690503646
6.69723785263
6.70066589556
6.86372995697
6.90310255718
6.92430244519
6.95395946622
6.96640832069
6.97671100697
6.99064778014
6.99338784401
7.0347760357
7.19042618109
7.19669122012
7.21769061273
7.23806722315
7.24553656802
7.28468935797
7.28801787045
7.30375698007
7.39087765609
7.41262794567
7.43193285579
7.48285182961
7.48604658037
7.52855504822
7.56217274374
7.60123362206
7.64030764317
7.68330452901
7.73379740094
7.80595968724
7.91042842161
7.9855838731
8.04383145367
8.18382491777
8.24623006649
8.30078152238
8.35402548738
8.38674971481
8.50555961567
8.72763608853
9.41359255962
9.45690354387
9.54744016386
9.63670145287
9.79270306614
9.83071834235
9.84110794039
9.88868958608
10.2854264111
10.3341472609
10.4716374187
10.5822010752
10.6474389848
10.7275883703
10.7598788429
10.816369734
11.0652253342
11.2569227467
11.3923085133
11.4779418524
11.5410040327
11.5984512109
11.703756818
11.8622322731
11.9388827951
12.2669414473
12.3248184006
12.3936167345
12.4025952161
12.6432324273
12.7139805881
12.7822110844
13.1749668964
13.3178392807
13.5140619564
13.71184729
13.8916679718
14.0279470124
14.1576927215
14.2500848565
14.6290323164
117
