6.00304456961
6.01123528272
6.02251141273
6.02798792007
6.04578384896
6.0509762683
6.05965995314
6.06542144664
6.07166362206
6.0808885571
6.10112743673
6.11424508073
6.11959784784
6.1284453977
6.13269641073
6.16871308728
6.1742973066
6.17627821215
6.18734469916
6.24401173456
6.25093969284
6.26353844751
6.32207423842
6.3286814389
6.33973976006
6.35328973327
6.35487931941
6.36459146158
6.3752245472
6.37901147319
6.37985706691
6.3959443151
6.41446245035
6.49690768665
6.50366011756
6.51424969232
6.53180285725
6.64110973171
6.64601620037
6.65797448962
6.74261193662
6.75420570215
6.78405509848
6.83853976121
6.84602769124
6.86353020492
6.88693596545
6.89806148238
7.19067639525
7.20389828129
7.24757506129
7.63553835809
7.64604845785
7.74629736461
7.75808249198
7.77506697679
7.78890861149
7.79875753237
7.82408865309
7.84238427012
7.88700025116
7.91830715367
7.97163471817
7.99380851425
8.01258169675
8.07013463775
8.14414018956
8.33277583475
8.42306661284
8.46321185579
8.53353450469
8.56069515963
8.60871229635
8.70588338859
8.75223161012
8.77800169681
8.85236220523
8.89329135105
8.96196788308
9.01973997659
9.04668322
9.07524764011
9.15685339039
9.16051762852
9.30120923346
9.37114886639
9.52211458304
9.58888438484
9.75217710096
9.77694408669
9.78713711924
9.84686347702
9.93774709279
9.98056313395
10.0907338099
10.1823401884
10.2500019803
10.3188356573
10.3913509434
10.945546452
11.0190806252
11.2113068752
11.368679747
13.3950383469
13.5347547744
13.6095341748
13.6883015014
13.8272392008
13.9634976169
14.0720424024
14.2503643661
14.5829056257
112
