6.00532250333
6.00902468434
6.01344604375
6.01749529758
6.0196831124
6.02625846967
6.04881540491
6.06348216325
6.06594398059
6.07993923904
6.08508632021
6.08889645723
6.10221260235
6.10619883057
6.12612360251
6.15187233026
6.17163796151
6.18180842742
6.19317717423
6.19624857663
6.20083786765
6.21431874882
6.21641245889
6.28937814472
6.29643774465
6.30637132604
6.32362781733
6.32954587908
6.34167419478
6.34936775792
6.3600279324
6.37459418456
6.37563115332
6.38583168496
6.39354160986
6.39557387364
6.42336351651
6.44262144831
6.44992534043
6.47582154105
6.49235834252
6.49401487862
6.51249843356
6.55155103164
6.56759890722
6.56892064774
6.58092582155
6.58771893836
6.6069038046
6.61962179564
6.65150348461
6.65786174394
6.66999743555
6.68401164702
6.71662770934
6.73237602278
6.75990304222
6.76933529726
6.78936949945
6.8105447636
6.82807172203
6.84380379843
6.85103740306
6.87196784349
6.90063701489
6.94191757534
6.95677106357
6.97644954766
7.00959939035
7.02793814266
7.06309590071
7.08337481764
7.09800440982
7.18884910664
7.20107019822
7.23057469746
7.24385139323
7.33577768624
7.38150834286
7.39476514539
7.39758605456
7.43794033632
7.6422723679
7.67377992676
7.75567685756
7.81825776848
7.82276297578
7.83969879772
7.96780604506
8.2248349039
8.23406545343
8.27282532462
8.32456807399
8.40121928633
8.4781671356
8.52361606249
8.64140188044
8.67777405553
8.73808856951
8.92185669212
8.95104457136
9.0415798262
9.21717843113
9.29340679591
9.46479747475
9.48728159899
9.55806261306
9.66176174542
9.70904177671
9.73917161379
9.7497475206
9.75886106186
9.85202529622
9.87926159986
9.96097311366
10.020091215
10.0462521655
10.0727071566
10.1557556307
10.2465103483
10.3717248746
10.3962217956
11.1441735005
11.224622661
11.3463335557
11.5274675148
11.6504998268
11.7867989475
11.8572291847
11.8894701195
12.1076788629
12.4363289335
12.6238324505
12.6834321488
12.8049245925
25.3115084664
136
