6.00354561411
6.01559258232
6.02124629236
6.02684392705
6.0399828285
6.22494187876
6.23408770428
7.58374151502
7.61561394857
7.63394492794
7.66449319483
7.68222420264
7.78334134896
7.80739029227
7.82437067952
7.89876262244
7.98774469671
8.04193284012
8.07473457491
8.08285936296
8.12793830012
8.14171194517
9.13002340694
9.20318288607
9.2439693949
9.25503703141
9.33562369688
9.35519920515
9.47701156484
10.0931061023
10.1807146415
10.2157057554
10.3088354179
10.3642437426
10.4499046174
10.5927002982
10.6210036321
10.7070049073
10.8133048071
10.8619822916
10.9247013453
10.9514853831
10.9704470103
11.0366063613
11.0904668144
11.1052694427
11.2530424104
17.0965331069
48
