6.00193681088
6.01036319706
6.01604075798
6.02184615826
6.02857260221
6.02958289123
6.03043452183
6.03794890457
6.04194941805
6.05056095429
6.0593094686
6.06276224149
6.08676628593
6.3235073313
6.33433353899
6.34204995027
6.40866130585
6.40958623374
6.41863788532
6.42772045653
6.44394818485
6.45217284624
6.47151783663
6.47367535449
6.49191656225
6.50735997671
6.52001380103
6.52360928021
6.56996538838
6.6037318208
6.61824487152
6.62067707537
6.62995750812
6.63127226691
6.66279654055
6.67172477898
6.68301962372
6.7213845172
6.73502651471
6.77424393337
6.77666546926
6.83771507722
6.98002590481
7.01179638352
7.02150095532
7.03416185408
7.04980999925
7.07374328454
7.10855560559
7.11108595637
7.14156615408
7.19584548581
7.22972818045
7.26548233506
7.30671204507
7.33177774167
7.34214001997
7.40030194156
7.41418627036
7.48216378792
7.55192806159
7.58035177279
7.58829999187
7.62544864315
7.70176945603
7.77316484655
7.79344013739
8.48650009119
8.53255039825
8.55926653072
8.83576779976
8.86413730371
8.90224526166
8.92467992009
8.95161759677
8.96056105337
8.99052927397
9.1016324231
9.14703573473
9.20738994136
9.29973840485
9.31054066534
9.4337633179
9.53472603213
9.58379559785
9.70807188103
9.75717353349
10.7522224892
10.879895505
10.9619119069
11.0136697332
11.124682748
11.2058118467
11.3045667311
11.4087786399
11.4514251731
11.4969833259
11.6025264845
11.6706207818
11.6897011062
11.7717047687
11.8019032002
11.8143242153
11.983838523
12.1526772897
12.1945572934
12.3819435506
12.4460751439
12.9382201921
13.0350528017
13.1591981807
13.3662304703
14.7724575537
113
