6.00754462766
6.01610789087
6.02007060442
6.02465134537
6.02534467935
6.02781960734
6.03401403815
6.05056661194
6.55907446809
6.56607562758
6.56714841451
6.58569010497
6.6088414712
7.13436728385
7.15727857822
7.19055748054
7.40664855589
7.43935436729
7.44178847742
7.48646017528
7.51853917605
7.54728566205
7.56512203105
7.65722942891
7.69045017813
7.72348229859
7.77530014545
7.85232809779
7.91564317818
7.92026474889
7.98050193052
8.02463136205
8.03680739447
8.06720644923
8.1194923484
8.13269273665
8.19781903616
8.22322337759
8.24984606877
8.31416028007
8.3684892989
8.43460957282
8.45292029605
8.53286908184
8.59353825202
8.76205549769
8.82401082143
8.90942239186
8.96525993554
9.00989538948
9.04297450342
9.04950001301
9.08960736082
9.12920417445
9.17138123785
9.24576288348
9.30422928588
9.30926584461
9.35482167896
9.43365967002
9.53421401812
9.5916071315
9.75429239444
9.81543275538
9.87442429943
9.99692172996
10.051317585
10.2595483096
10.3505031824
10.4036210766
10.4631515276
10.7149303044
10.8109656529
11.0950490481
11.1376850135
11.1641425935
11.2647098551
11.3857364443
11.4216968318
11.4552594653
11.6040581535
11.6483097665
11.6642905315
11.7364840122
11.8006674905
11.8972816612
13.172900799
13.2770253003
13.4056292573
13.525848512
13.7907481593
13.9871264652
14.1544838698
14.4741266039
14.7019892474
95
