6.00940754383
6.01301735393
6.02452039467
6.02975944025
6.03376257808
6.0376883996
6.0475310252
6.05208292261
6.07494975882
6.07923593709
6.0956520549
6.14956577078
6.15803551041
6.1666471169
6.1748397555
6.17739579169
6.18930902936
6.19448899053
6.19616133555
6.21434340598
6.22116317066
6.23192598916
6.24911360628
6.99844390798
7.06432684457
7.07225187524
7.09652106598
7.13856799948
7.15028105267
7.17192849113
7.20531948073
7.22026381745
7.24262395523
7.26800160992
7.31367655786
7.32690065577
7.33297225958
7.34228162505
7.36216491742
7.39618919485
7.4252187002
7.50841478528
7.52991725954
7.54570774023
7.5945742337
7.63240158118
7.67557274995
7.69804260413
7.84231306755
7.85757522971
7.86532248649
7.89269087137
8.44573158468
8.46493658414
8.52345069065
8.55954585872
8.63507847553
8.67862972223
8.72786809538
8.76432780979
8.76923086154
8.78811017954
8.81608162803
8.84079141768
8.99469988309
9.0323826219
9.10797267645
9.26387364594
9.34954326735
9.38175689763
9.41994649812
9.47456134947
9.5275682659
9.62649553524
9.80623078277
9.83806606285
9.86553310022
9.98506750199
10.0444424744
10.1259078539
10.2451549407
10.3067699231
10.3464902448
10.3523738836
10.4683331027
10.4746501538
10.4973116521
10.5533269024
10.640296743
10.746188151
10.8116862259
10.8557865138
10.9612950147
11.0577112876
11.0669174287
11.1710072068
11.255658541
11.5186379218
11.5665637703
11.5754951775
11.6550508781
11.6911376978
12.3593017508
12.5014127577
14.0616768865
14.5855207398
106
