6.00519594591
6.01471240706
6.0274437106
6.04494640839
6.04885447063
6.05255557176
6.05607554864
6.06184696919
6.07025789558
6.07731745628
6.08635114915
6.08997730224
6.10177995237
6.10647723261
6.10970471247
6.11894449023
6.12583898731
6.14168307018
6.18772377144
6.1970260312
6.21418248692
6.23569130332
6.26429211671
6.326950051
6.34218359995
6.35117220249
6.35432716906
6.37596821985
6.38085277663
6.39302989749
6.40887653191
6.42868413565
6.46034577025
6.5004757629
6.5145344519
6.52617617262
6.54320340538
6.58419010188
6.60335276189
6.61846031098
6.62806329664
6.70309896593
6.74107018106
6.80048917595
6.80754443165
6.89580956567
6.93790471712
7.0074274884
7.0155413367
7.02949164957
7.04374171901
7.06372490058
7.07511410456
7.08911700017
7.1047885864
7.11897711134
7.16089437249
7.1688269905
7.18812977087
7.73281577588
7.76941730807
7.77956064396
7.93745067499
7.99125847572
7.99687421273
8.00200518565
8.02842282744
8.04524532557
8.04973356055
8.12444452983
8.24688835003
8.2699162441
8.29432199179
8.30864984229
8.3365460788
8.35467417126
8.63991198529
8.67979955375
8.71607998332
8.73553069646
8.77930404991
8.79756299419
8.84641202794
8.86774320779
8.94073088216
8.99433512387
9.06402868551
9.06954097749
9.1035878079
9.11042245376
9.16649559435
9.18748582077
9.22029839267
9.29852461038
9.35345169581
9.3870116541
9.4236419962
9.46241867284
9.50394515399
9.51632794695
9.56068175826
9.67277195587
9.70919646121
9.81238287267
9.90685431231
10.0097257775
10.0555033106
10.1105548578
10.6574402229
11.0218006716
11.1118045847
11.2063170044
11.3406491923
11.3833683773
11.5751834328
11.630320796
11.6594035016
11.7929926476
11.8196491485
11.8968591834
11.9745879227
12.0991593475
12.2606770154
12.3200933317
12.5343299291
12.6814355002
12.8913644099
12.9716849286
13.0600155092
13.233333295
13.7995832164
13.8601580558
13.9330972219
14.0871350746
14.4068228246
14.4475078078
14.785053849
137
