6.0187739854
6.02220228868
6.04297065546
6.14065066392
6.15273436036
6.16756449053
6.16851058126
6.17968442173
6.19417501792
6.20093604045
6.20523348026
6.20847356801
6.21518478913
6.22740412294
6.23692505927
6.28583929447
6.29006949102
6.30613668917
6.31160001074
6.31271987717
6.37022593894
6.38646603553
6.48173415823
6.80834754951
6.86597207724
6.8887245595
7.01865316412
7.04113372601
7.08025564911
7.08529485044
7.10023414757
7.13389275469
7.13724473095
7.15862361447
7.17724338973
7.21278155471
7.23263174045
7.27405810031
7.32219950745
7.33247229941
7.36105210248
7.36808660365
7.52914248951
7.53762377436
7.5663523155
7.58189562591
7.61219595694
7.63940155993
7.66726482099
7.67028740863
7.68972706589
7.74272933604
7.97826344591
8.05987057327
8.1120781292
8.17470282832
8.39782693883
8.47021515997
8.55815437238
8.565187309
8.67194837945
8.72129004552
8.78253820403
8.82395261919
8.89153896221
9.1205262283
9.19207946885
9.24919727023
9.3386970669
9.38430982944
9.46389376022
9.52484559983
9.54090608964
9.63653745824
9.71272651511
9.77801653412
9.79407227327
9.84965581181
9.8724472684
9.93145494944
9.93729411984
9.94917891172
10.0379296968
10.1354105656
10.2727481914
10.2952082229
10.3458871107
10.4094864618
10.5587600829
10.7149251155
10.8006950897
10.9335457631
10.9913953597
10.999546385
11.4729640183
11.5008720586
11.7899232611
11.7994734807
11.9788339823
12.4731328733
12.4846902157
12.5618653162
12.7338433182
12.8516721747
12.9052265741
13.0698209412
13.1873075777
13.6136131927
13.8802494592
13.8982708308
13.9336986201
14.0185178327
14.2022112307
14.3307055209
15.0579447692
115
