6.00534181521
6.01385979717
6.01973231007
6.02017978834
6.02691885764
6.03191804532
6.03298575006
6.04347711931
6.0490675598
6.05473292652
6.06440470797
6.0677551833
6.07566635679
6.08797022146
6.09136271751
6.1027710878
6.10495805817
6.11285014777
6.12553207128
6.136563873
6.13716307033
6.14748100229
6.15687223085
6.16058290828
6.17126469277
6.17572459637
6.184763076
6.19308237043
6.20741417698
6.21558805589
6.23105664527
6.23787224482
6.2516228186
6.28006583787
6.28603370947
6.30034081618
6.31889509012
6.35231425348
6.3939701866
6.40113252481
6.41078135414
6.43743766637
6.45175482673
6.46889659885
6.54403732661
6.5647305731
6.61434407113
6.63044564696
6.63899455195
6.64249830876
6.65412199514
6.6638596671
6.7500332832
6.7557846501
6.77178675008
6.79240736237
6.85797988833
6.97882637267
6.99268550286
7.00468828989
7.05080002258
7.18259647682
7.22638480514
7.23320090271
7.28860195635
7.31015339562
7.33465016544
7.3861333169
7.40219116969
7.43426162984
7.44941582346
7.45370721436
7.5095589133
7.51471159792
7.56822524979
7.61192657922
7.66135845826
7.70093237966
7.7116444239
7.83142496662
7.85866671771
7.88253897224
7.90771908939
7.92285096786
7.96991564543
7.99835783682
8.02701663261
8.05899858901
8.11885230984
8.1504542369
8.17813668676
8.20692891263
8.26433135709
8.29656994099
8.32522146578
8.39914631048
8.41528499678
8.48176281166
8.49024105826
8.63083806341
8.77276096511
8.83664671335
8.87901179804
8.9592661511
9.01570061603
9.2119978326
9.27700273436
9.32895774711
9.37217274426
9.3822123226
9.40892590085
9.73177029425
9.86369208018
9.89383755879
10.0185765216
10.0589641417
10.1104304174
10.1563311924
10.2234765915
10.359916837
10.4065431419
10.4805673676
10.4909581045
10.5193258798
10.6421637138
10.7222761764
10.9214471179
10.9573691158
10.9930413381
11.1189039393
11.33294082
11.3652667042
11.5391232843
14.144424559
14.2696395022
15.9710702281
136
