6.00662178599
6.02116493649
6.02830157257
6.03014357639
6.03396813172
6.05914590665
6.07388756034
6.08192304868
6.10131658331
6.10465126652
6.11532846195
6.13361571106
6.14884850699
6.15742823741
6.17113232162
6.18785336569
6.19167470714
6.20569103477
6.21537358918
6.40658707881
6.41025313105
6.42165437228
6.44342934932
6.45634561267
6.45828211598
6.47628240442
6.5589365637
6.5773251701
6.64699825664
6.6603377208
6.69049747213
6.71750276979
6.79023356821
6.79273492713
6.80318554682
6.80549429813
6.82715860837
6.83834051644
6.84843195235
6.85466404916
6.94697250941
7.00241077118
7.03489116018
7.04691846428
7.15699720338
7.16029999647
7.31574574868
7.32599741314
7.34696948893
7.35799543635
7.36196385035
7.37404681996
7.39688112093
7.81692006705
7.84048058598
7.94055550777
8.08972019617
8.28481612896
8.35008790866
8.37437493853
8.40762256039
8.58785912082
8.63179333681
8.66993924878
8.68948689777
8.70958012673
8.75942768537
8.78210821038
8.79417299157
8.85088393037
8.88500412083
8.92986263907
8.97516077531
9.02986917532
9.10077360005
9.11563537147
9.20446830195
9.28257251887
9.54558921703
9.56752823206
9.61351783868
9.61992996574
9.93526446127
9.98424323025
10.5412177136
10.6290088476
10.7706778155
10.8102374488
10.8536561471
10.974570294
10.9993579828
11.0819849755
11.1458330809
11.1549690364
11.3527792317
11.405249262
11.4738751322
11.483292074
12.1670179944
12.4640236136
12.6287777504
12.89460273
12.9866041255
13.1619655546
13.387867243
13.5328276519
13.6141584272
15.4214111082
108
