6.01317451084
6.02064410852
6.02853708949
6.03837544421
6.04302397485
6.04600567671
6.05054398285
6.05812489135
6.06406907176
6.06656353439
6.07261011169
6.08465838064
6.08544292375
6.0959420047
6.10653823395
6.12060081538
6.12496715189
6.13578900278
6.14388561047
6.14569493388
6.15323787753
6.16177050661
6.17707447023
6.22318281521
6.23598820793
6.25225409776
6.2559134244
6.2658426469
6.27860085121
6.30001154445
6.30341953986
6.34398656557
6.35816499838
6.36356266656
6.36906171691
6.37001092464
6.38056004345
6.39413387719
6.41013560641
6.4160750263
6.42898682151
6.44046247116
6.45158839222
6.45337317758
6.45426478104
6.4578637562
6.49456206697
6.51476233901
6.51920526156
6.52612313428
6.53482865421
6.5491139007
6.55458716001
6.56364759776
6.56732781483
6.57327193011
6.5881664711
6.59781040145
6.60762746079
6.61877181794
6.65705499577
6.66351410736
6.68992063227
6.69343299513
6.72438445795
6.73428466597
6.74413534841
6.74553244064
6.75363949661
6.83150916962
6.83440729651
6.85296934063
7.23286310461
8.78604904435
8.85023785935
8.85675613661
8.96417274585
9.05043327978
9.09649776067
9.12128668101
9.131273192
9.21465922179
9.38645366634
9.4706050178
9.6175397942
9.70670220019
9.8764008048
9.97151619912
10.0967234253
10.1609156422
10.1961014477
10.2060075406
10.2931151979
10.4187627757
10.4799945561
10.52219849
10.6305266778
10.8365145693
10.9208502573
11.0706154175
11.1315169693
11.2026519401
11.3907638761
11.5388792648
11.6531319524
11.771168895
12.288679298
12.5435997671
12.6760859221
12.7601501313
12.8000687693
13.0248844109
13.1440259819
13.2098634799
13.7359986788
14.2280762351
14.7049227065
117
