6.00234946325
6.00587551215
6.00931158373
6.02458189349
6.03202178121
6.03736036643
6.05869309062
6.06675184528
6.06754703467
6.07829409102
6.08744065393
6.09224960374
6.09746133352
6.09877727951
6.10594322768
6.11245854141
6.12223891636
6.13006509562
6.14377953365
6.14905828538
6.16427898292
6.17668935242
6.1873010355
6.19759568395
6.2114737927
6.2139617891
6.21772376792
6.2221803234
6.2388874889
6.2489124248
6.27546703478
6.28216248096
6.28643743227
6.30128412276
6.30406819253
6.31800416609
6.32261609142
6.32657777833
6.33619351893
6.34861046186
6.37218048816
6.38860090917
6.39728963121
6.39841257936
6.41392141617
6.41958924711
6.42051268465
6.44400811165
6.44869648672
6.4499767879
6.45819792363
6.47419403084
6.48015657381
6.49627299141
6.57158988175
6.59088024888
6.61057166447
6.6214416631
6.6293243234
6.64303965224
6.65648586899
6.69317641052
6.70966646614
6.73725619019
6.75878350549
6.77276674506
6.80098421329
6.82081705014
6.85201807861
6.87047775359
6.88521206676
6.89840492234
7.03334888431
7.07878538047
7.10066539526
7.10850656263
7.11097226561
7.13551252739
7.13834529069
7.16519786409
7.21412404085
7.25653272592
7.27000048998
7.28473071117
7.2911414297
7.33323236636
7.4591915408
7.46506236665
7.48763358792
7.49435342229
7.50264631522
7.53316317952
7.58767520856
7.6565895599
7.66185876185
7.68872617621
7.74105148712
7.78773831929
7.83054540584
7.85426662436
7.86866350947
7.89092527594
7.90708095267
7.95464215607
7.99385673298
8.02520721169
8.13848414191
8.14310009105
8.16314698141
8.17033349112
8.18227465267
8.2119137625
8.26108553755
8.29567445405
8.30537145585
8.33582460984
8.36856966606
8.42333990965
8.42728657733
8.46148171018
8.4961763849
8.76521591088
8.83381405351
8.8732178934
8.9625982648
8.99862020533
9.20224334112
9.28259299365
9.31221184814
9.74193038946
9.81564248226
9.92773183695
9.99035945036
10.0760357951
10.0940886886
10.1978553225
10.2620193528
10.3955054381
10.5542949607
10.6163809078
10.8815796307
10.9978763582
11.0541147578
11.1222756249
11.1308321747
11.2122899967
11.321997622
11.3891839807
11.4053777258
11.8998374125
12.0084923833
12.0652576921
12.1538759956
12.3070730634
12.4096415496
12.6344033077
12.6506373
12.6608331335
12.7316358072
12.8716021632
12.9408565714
13.0475549516
13.2242393814
14.1164676188
14.1344700671
14.5085690053
166
