6.01028608049
6.01966392984
6.03237758626
6.03935035692
6.04048728301
6.04773523341
6.04919520829
6.05001449793
6.05290040305
6.06153788207
6.1119118518
6.13663738623
6.13752353341
6.14786862474
6.18150473381
6.18284396402
6.19194438657
6.19772438497
6.20126774536
6.20797451352
6.21696526414
6.23002419533
6.24729447614
6.25586903305
6.25709602179
6.28666836236
6.28867954461
6.30136166811
6.30971334437
6.31422321411
6.3267642399
6.32773449305
6.3405935104
6.35045731783
6.35940310092
6.36731044929
6.3784391357
6.38931415258
6.4149332948
6.42557574897
6.42705780662
6.44661923527
6.45294739702
6.46329662874
6.47998110084
6.49612323756
6.50935348051
6.52346285205
6.62143183961
6.64496929768
6.66208324466
6.66869987457
6.90824382345
6.91824271997
6.94219254649
6.95515902894
6.97047411965
7.11939298863
7.13482805731
7.15209742887
7.16481180577
7.17599411939
7.21278517865
7.22618859477
7.24266642382
7.27690727751
7.30171292792
7.32763821647
7.34703266369
7.50184243753
7.55394892713
7.63323204652
7.66237162139
7.74108898779
7.8435757514
7.91154640009
7.96611192673
8.08967763499
8.10011984287
8.20009038432
8.22197806556
8.29759332348
8.32379331026
8.49049355109
8.51615636535
8.57125027507
8.61565892281
8.71782201743
8.76536666947
8.80778677296
8.84874710486
8.92931859153
9.00347098038
9.08548988694
9.09538924566
12.6389981711
12.7119654477
13.095197636
13.1667674882
13.3729518457
14.28358104
14.5165643708
102
