6.00271665189
6.00607339809
6.03077237906
6.03920783536
6.1659680996
6.17317717733
6.18347980057
6.19360372722
6.20134337162
6.2114489806
6.21231919984
6.226036788
6.24050722733
6.24367042855
6.26954069879
6.27445626415
6.28568161615
6.2931466735
6.30551468813
6.31289247741
6.31816746959
6.32276131372
6.4049688105
6.40594979296
6.45053480397
6.45915569837
6.48460546156
6.50469388053
6.51602656678
6.52578520911
6.54672509684
6.55646806
6.59973328829
6.72411264237
6.73476891535
6.74863342397
6.82511193036
6.91400972308
6.92654912742
6.9292036658
6.94585833209
6.98326533487
7.03182429221
7.04129691662
7.07886151962
7.08436597618
7.08749558661
7.10189725111
7.12436257978
7.14624924426
7.16893416515
7.17819850714
7.19939200801
7.23627694975
7.25722100042
7.28047385765
7.33358015574
7.37684512918
7.40485868458
7.47853042351
7.52967533987
7.56974579898
7.60762551524
7.63666819237
7.65998688449
7.73004276008
7.74056270634
7.74746658732
7.780471074
7.84545485569
7.89281110942
7.93398423989
7.96523188581
8.04075908279
8.06580772644
8.08968823727
8.11985107293
8.17311027324
8.19699826147
8.22029744773
8.26025614531
8.35669063848
8.4284505901
8.45622214377
8.4776991413
8.76194796026
8.79867109959
8.82389850184
9.05712645696
9.10207426218
9.23619116789
9.29893836772
9.35891892025
9.37688645448
9.42095849482
9.53168990985
9.62005185064
9.72113896866
9.77782056305
9.88246521873
9.89357442378
9.96341919368
10.0113800204
10.3008014377
10.9015603122
11.0309227823
11.0806034622
11.2255771224
11.3767569598
11.4472518997
11.6100009369
11.627657594
11.670599523
11.7070365233
11.8633087801
12.1079797806
12.1896892996
14.3108756146
14.4257294326
14.5724443179
120
