6.00614161262
6.01650667441
6.01893801047
6.02236698551
6.0337193846
6.03900467668
6.04509014536
6.04681761146
6.04742499868
6.05715453501
6.06303974376
6.06421297037
6.06970349186
6.07423662435
6.10053171188
6.10496006984
6.10980455967
6.11394622454
6.12667827953
6.13332727427
6.17066123026
6.18129204418
6.19159077004
6.20138013647
6.84016514306
6.86858204204
6.88634031215
6.89974143024
6.93194781416
6.93603544622
6.94505527292
6.97705557441
7.00236888883
7.01651486345
7.03448093192
7.05924371588
7.10686397974
7.14336467777
7.15307090249
7.2232196013
7.2340543001
7.29225983463
7.32907762974
7.34282830618
7.36361020875
7.38479930935
7.40657515206
7.42702247344
7.43625646283
7.49595335874
7.51255573904
7.57322045545
7.61716664962
7.6406190606
7.68626742435
7.70404378594
7.737681942
8.33154657358
8.40748300665
8.45329251414
8.48615582034
8.53639873615
8.56982517986
8.89501810899
8.94954101162
8.99522959902
9.10273526748
9.17723510218
9.18237652541
9.25921164596
9.42803706939
9.50483542217
10.1707486563
10.3046468653
10.3844406919
10.4059391339
10.4923255081
10.5271857765
10.846065305
10.8567815981
10.8652883898
10.9809234804
10.9869066327
11.0022569331
11.0143528278
11.2212615377
11.2788841969
11.3141324777
11.4083875837
11.4775451904
11.6073909377
11.8190677389
12.6931475689
12.816255762
14.5098706916
95
