6.00518949682
6.00589581141
6.00931631495
6.01176217505
6.01621440347
6.03296352865
6.04341669297
6.05018591001
6.06526860823
6.06896974056
6.07331997586
6.08314523273
6.08827855844
6.0935541417
6.10234335314
6.10944925148
6.11959771246
6.12453661807
6.1355453135
6.14967027225
6.15063497601
6.15935543664
6.17758038409
6.18749137057
6.19133759374
6.20173969878
6.21328415886
6.22016778055
6.23195610444
6.24067143341
6.26791917629
6.33649128623
6.34325872594
6.34407535737
6.3470941326
6.35630662421
6.35720006013
6.37327739476
6.38379745196
6.40252384577
6.40674316592
6.41212431071
6.42870814102
6.45738466581
6.47803255789
6.49280507696
6.5178364078
6.52927962021
6.54973566313
6.56754656807
6.5710063542
6.57673063603
6.59115469597
6.60913641214
6.61622304389
6.65947923297
6.6833781864
6.69410949259
6.69814622398
6.69993305283
6.70185137699
6.72250617661
6.7398846171
6.7707841137
6.7780821896
6.80646119845
6.82425481665
6.85250979859
6.96574890122
6.99113872282
7.00254034641
7.00538896886
7.0334682782
7.0534698691
7.08356093775
7.08644734084
7.19799533836
7.21017504763
7.28754732756
7.31077665744
7.3764932449
7.40939517098
7.45700103021
7.48619699859
7.54437914568
7.59055030029
7.61479991887
7.66174265691
7.69262015645
7.70577195343
7.74216542574
7.81638824143
7.88676309941
7.98185715676
8.00192216129
8.01280221958
8.06216303447
8.11076746038
8.13423756706
8.18556570371
8.22283809336
8.22833650717
8.27581224397
8.35298903995
8.40724391543
8.43093824786
8.46800750004
8.58979707211
8.62872671467
8.65746900777
8.74280364793
8.78250914342
8.84587085596
8.85235889056
8.85667989173
8.98056367126
9.03590237629
9.05735944806
9.08430094911
9.1710174242
9.19924585672
9.20905547803
9.25753054991
9.26843829522
9.35411947915
10.1713209417
10.2530529782
10.3985830185
10.5358925201
10.5603066716
10.7616571021
10.8004600882
10.9139439393
10.9755855205
11.1336863704
11.4570213908
11.4817720071
11.5214617135
11.5912208293
11.6690981475
11.7663992954
11.849976651
11.9429238155
12.0956142806
12.221117693
12.2820614369
12.2976654852
12.3255584858
12.5526391578
12.8352667089
13.0100241299
13.1315513358
13.3702746439
13.5402454499
13.6400236393
14.0841333868
14.2317706183
14.4560309118
14.8760200983
159
