6.01146038754
6.01503614266
6.02656306684
6.03679943682
6.04022768391
6.05163401541
6.0586034369
6.06763045219
6.07536093741
6.07598427212
6.08957475726
6.09097536269
6.09144015354
6.09609749432
6.10356103506
6.10741442249
6.11203895705
6.11788030968
6.1214913048
6.13470518816
6.14683762443
6.15301309746
6.16106023283
6.16175816535
6.16967523605
6.17597054968
6.18455476839
6.26016201914
6.29217465927
6.31060773489
6.32955662791
6.33036008542
6.33143717806
6.34072486906
6.34413927496
6.43380305603
6.44120233419
6.44910585041
6.49722502598
6.54196990716
6.56043041968
6.57416868499
8.31028685444
8.3523295052
8.38308081134
8.41544093759
8.47991116865
8.53176308498
8.67944230501
8.7189108696
8.7897359338
9.06316173082
9.07253688728
9.12779286389
9.27245913128
9.34586888853
9.43096279815
9.52010117779
9.54094657175
9.62960577744
10.3608535798
10.4197610359
10.4351963734
10.4710837245
10.5616273409
10.7056769272
10.7217913596
10.8096231882
10.9484302055
11.1709289552
11.2340105424
11.37881818
11.5186995363
12.897820136
13.0044116346
13.1123779071
13.2597150616
13.5463457208
14.0716043275
14.0863421152
14.2778390664
14.8805579089
82
