6.0008154265
6.01655287391
6.02201612281
6.02399109258
6.02935452709
6.0511793212
6.05451308249
6.10721217301
6.11924068979
6.12257741357
6.12339164352
6.13305598772
6.137290662
6.14872075865
6.16279120059
6.20437531481
6.22122383204
6.22644056126
6.23361843334
6.23832026181
6.551173719
6.55942456961
6.57050581821
6.63226204276
6.64630403604
6.67213187286
6.67961433677
6.7453686515
6.75510242846
6.76483047649
6.7833448078
6.80514512276
6.8220168717
6.85453686177
6.86609572072
6.87641896418
6.87800145609
6.91738707538
6.947311965
6.97642905947
6.97889380473
7.00198887995
7.04032027984
7.04914290526
7.05320327407
7.09023976228
7.11178030989
7.11528926149
7.1339889035
7.16123874018
7.18488873657
7.22453609146
7.25148044082
7.25852066208
7.27548016281
7.28974267524
7.30336048208
7.39818873852
7.40449780301
7.42328139498
7.44328818555
7.47288518205
7.47706370519
7.50905568741
7.53159841457
7.56080694617
7.58557276877
7.72171011333
7.80192787518
7.88159166552
7.90462019345
7.97517867418
8.00119011478
8.05581382986
8.09079637913
8.10452944838
8.15636869023
8.2494589052
8.36562380906
8.39589625049
8.40528272277
8.46103565606
8.48104830819
8.4977505662
8.51422182897
8.66926969529
8.75324000392
8.80353230981
8.8319012555
8.9085297785
8.94434063632
9.04569482439
9.08086573657
9.0934208686
9.11269958995
9.12281861185
9.16169692452
9.23005709034
9.27534334086
9.29634298863
9.35096959795
9.47329000992
9.51841845706
9.56700872637
9.58323269683
9.65630696832
9.83295621416
9.93048854349
10.6345050581
10.727631493
10.758129323
10.8244393552
10.8421627065
10.8826234295
11.1503933897
11.2859494129
11.4313074583
11.6068321814
11.6728716234
11.7423543551
11.7962113424
11.9567418543
11.9668412318
12.0436708387
12.0787569224
12.2814335221
12.3756176324
12.4769631252
12.6055889748
13.1955001133
13.2742799696
13.6746594687
13.8993286631
14.2897358884
14.3042941508
14.5159463938
136
