6.007535214
6.01603807872
6.02790462263
6.04058170852
6.04828725095
6.05234379588
6.05286960942
6.05657760622
6.07091737072
6.07744272287
6.08552208602
6.09062964011
6.10010928709
6.1023764555
6.10434243023
6.11751596157
6.125021972
6.12588741753
6.12745798373
6.143273375
6.14958385543
6.16967558582
6.2574992431
6.26205105003
6.2650475129
6.28577584349
6.29096406407
6.29861415885
6.30677264438
6.34770463839
6.36418695025
6.41344669
6.41469487685
6.43100343083
6.44326774128
6.4617024493
6.46410499661
6.47686914951
6.48680663386
6.49440635772
6.53570773884
6.55669540587
6.56167439898
6.56725786576
6.58376622845
6.61142974335
6.63228579841
6.64102102249
6.68800145454
6.7106278975
6.71434443135
6.79380117565
6.80380223986
6.83242702424
6.8487023828
6.85170923899
6.87032834651
6.87210256498
7.22924805823
7.29544198286
7.30684051868
7.34242320736
7.38709904638
7.44537091807
7.46689765805
7.49806505674
7.52934592005
7.56550677469
7.58503370384
7.60452718456
7.63724985406
7.64692675459
7.71539844942
7.75876320392
7.89816560852
7.90224919835
7.93372413269
7.96879027274
7.99622289497
8.02192159601
8.27957763124
8.28626609225
8.65628546928
8.66860656864
8.90461126711
8.96702357183
9.00148690926
9.02212347524
9.03642280508
9.06577842618
9.25188556233
9.41753157121
9.52080712253
9.59025483227
9.60200028548
10.6023643353
10.6940452011
10.7718710713
10.7795609885
10.9485926124
11.0161957761
11.0672730632
11.242719861
11.254722425
11.3369772019
11.3866604448
11.4719161009
11.5855916542
11.7722275493
11.8650521678
11.9273486086
12.5602718366
12.7815776464
12.8801611982
12.9525883662
13.0172348724
13.1367352993
13.3936982694
13.5731765923
13.697816722
13.8900870511
14.1139564828
14.497180453
14.7173657261
124
