6.01117063701
6.01206882577
6.01787952514
6.04017297655
6.04426292651
6.04997571634
6.08167902046
6.10055741893
6.10779179917
6.11554846677
6.12969226998
6.13684527966
6.16065014269
6.16444945068
6.26888346888
6.2726149271
6.28289837393
6.30784045333
6.45523162136
6.46774066483
6.48643222367
6.50481224073
6.51611251177
6.52306171526
6.53766772252
6.56422118254
6.57333771334
6.58941660697
6.60997194562
6.62295907653
6.62967902499
6.65172641086
6.71461166599
6.71589665482
6.72857780261
6.75387693296
6.79384233795
6.82631375907
6.82885114406
6.84927486044
6.86312655908
6.89713570008
6.94854889054
6.96787819984
7.08227448526
7.11730212984
7.1365196835
7.18181343674
7.21565866109
7.27674949022
7.32858166374
7.48982909733
7.88419820434
7.91993475573
7.99650397534
8.12574482081
8.19425500145
8.29854728911
8.36363162555
8.50180669822
8.59452770376
8.65922685099
8.70323701857
8.7688032877
8.83439712408
8.89359423826
8.9717887241
9.01087231562
9.07127717097
9.08719879796
9.13356440022
9.84703791245
9.91607040725
9.96319280829
10.4497841971
10.536982054
10.7024925731
10.7677892539
10.7869539948
10.8461842406
10.8804096093
11.0067041236
11.0495967357
11.1602680475
11.3799400964
11.4769023062
11.5474255614
11.6371225102
11.6501950921
11.7464508118
12.8839765125
13.0730477305
13.1476027745
13.4589982346
13.4989562877
13.7049627519
13.9324777407
13.9856076134
14.0072895283
14.4765389254
14.857647262
101
