6.00387500272
6.00953317198
6.01692603949
6.01805264683
6.03227073431
6.04203630316
6.0480438685
6.05818341
6.06870431663
6.07788187267
6.07854112258
6.08261771013
6.08595390273
6.0936007466
6.12049500053
6.14503197338
6.15421480926
6.16353653716
6.16487258189
6.16653078944
6.17965102619
6.20635116773
6.23097264743
6.24546032708
6.25789057419
6.26691975457
6.2980704872
6.30039557634
6.31683441876
6.31807896954
6.35153042092
6.36126918895
6.37338623264
7.27986635573
7.30417546752
7.38777584214
7.39976212952
7.44121914298
7.46335423594
7.55194755967
7.56827641995
7.58135915125
7.58472406979
7.61758044741
7.64053365171
7.69346024723
7.70799991046
7.76619648054
7.8161807289
7.83582493935
7.85888944753
7.95685717369
7.96830445123
8.01226060905
8.0425968081
8.21127077258
8.2816866082
8.36844936219
8.4470017164
8.45239906446
8.49088809686
8.51367671781
8.56893934584
8.58485723879
8.64426890743
8.70825954669
8.73655619957
8.74084515257
8.88584466529
8.94614101113
8.95067852454
9.01727861342
9.10422570227
9.19059459832
9.55580960118
9.68725054539
9.73738387771
9.85667647758
9.95416233233
10.0042289649
10.0410793835
10.0558920351
10.13522456
10.4476397079
11.2813302832
11.3453189038
11.4039147547
11.518174331
11.6089320067
11.6286767735
11.6986073714
11.8279950799
12.0551860799
12.2817878568
12.3401667611
12.6699124214
12.7084448549
12.8156956532
13.0309838647
16.0055686618
100
