6.00168773104
6.00768231776
6.01179222249
6.01374238086
6.0205528679
6.02417330259
6.03367289413
6.03865651627
6.04589070737
6.46092021074
6.46722948861
6.47503381913
6.47637349155
6.47761325846
6.48522625874
6.49108939229
6.49826962013
6.57425940869
6.60290876257
6.60549450454
6.64696477637
6.67278255087
6.75357806809
6.78147877884
6.7925522305
7.77551201864
7.89191925834
7.92691678598
7.9500519414
8.03740515489
8.08059388459
8.1815106173
8.23241712514
8.23741168523
8.3648368039
8.47863687462
8.56388537253
8.6036182409
8.64301906757
8.73299617982
8.75148152365
8.77004612736
8.83083056063
8.90737027902
8.92951660464
8.95400064846
9.0354110261
9.05368311835
9.15763602881
9.2251660429
9.2656870392
9.29541831345
9.36450443328
9.49531195378
9.50008140408
9.64570273961
9.78061749709
9.89940098939
9.98892455479
14.5267809445
60
