6.00299384533
6.12356799067
6.12569380195
6.12619770082
6.13795589703
6.15148917017
6.1522739912
6.16197037099
6.16927519952
6.17914501701
6.183104323
6.1884087355
6.19243219161
6.19729822042
6.2006705521
6.20315861942
6.20892072046
6.20997646032
6.22163311939
6.22549135777
6.2298542406
6.23062803746
6.250047311
6.26124406646
6.26468063489
6.28367909631
6.31508114297
6.32248288529
6.33038451563
6.40615456376
6.41203340426
6.43259771336
6.43419167738
6.45453210845
6.45652800135
6.58637263301
6.60306677445
6.60835054272
6.62974325946
6.63138330378
6.63266916269
6.64521628812
6.65956562586
6.67546547684
6.68125544654
6.70077149348
6.74009369157
6.76160008734
6.7927870427
6.79672555281
6.84675755326
6.86073132569
6.89589537009
6.92111361931
6.98267969121
7.00677886866
7.04776845675
7.0583857691
7.09781630263
7.10595533864
7.1294131232
7.2131077458
7.44002221469
7.47431742526
7.52957365616
7.54540302925
7.60651782523
7.65255219752
7.71289986429
7.73051380346
7.76490292848
7.78641583236
7.82220513327
9.56025017362
9.5852569722
9.63265180627
9.7155692273
9.74379379675
9.8030174933
9.80853359434
10.3219781798
10.4826736808
10.5751822527
10.6311311877
10.9720299608
11.0841312427
11.1351700543
11.1726383333
11.321798409
11.5549319308
11.6489408066
11.6710602064
11.8354808914
12.2885869979
12.3180702874
12.5374504703
12.6260981013
12.6986116528
12.873543426
13.0491201309
13.246829199
13.337335046
13.4406142866
13.7838751915
14.7899076573
105
