6.00327759986
6.01239943245
6.02650789923
6.03095017499
6.03754097314
6.04503468492
6.04760695144
6.05348492596
6.0646835938
6.07895994191
6.10183489606
6.10719493812
6.1088347595
6.1143004083
6.1218695731
6.13443844797
6.14526915676
6.16211746725
6.1698215892
6.17665313819
6.20438219153
6.21057482257
6.21569013706
6.21973768853
6.22653261582
6.24943936218
6.26090790117
6.27562776355
6.28208758471
6.31712002602
6.3259861104
6.3382986754
6.34382854031
6.35329887427
6.38008854917
6.38861320895
6.40373444026
6.41351721038
6.41755966692
6.42144076295
6.46983248346
6.48001662471
6.48841024433
6.48930694526
6.49775779574
6.50474297231
6.5093085253
6.53648087294
6.55511232075
6.56818630659
6.575399524
6.60279646818
6.61127066611
6.61272943914
6.64250574966
6.64903454829
6.67116609127
6.68735030264
6.70105022799
6.75020601569
6.75940639427
6.76808528789
6.78168831679
6.80253924318
6.82265945273
6.84782272038
6.87227664022
6.90095286439
7.03659301887
7.04796270059
7.07303564215
7.07684148179
7.11377518973
7.1465604968
7.18414579412
7.19575289882
7.21947225448
7.24256263195
7.28210073859
7.29534910122
7.33575014381
7.35393042804
7.40163876425
7.44189146143
7.47379420657
7.48819443877
7.52977617556
7.5468131917
7.57496250238
7.58878280014
7.63047651598
7.71634752674
7.72961507298
7.75396106651
7.78070054539
7.79996674386
7.84971437168
7.89574001441
8.01852440375
8.05584660155
8.11604896176
8.14970386164
8.1874352996
8.22532717752
8.2697753916
8.32402403163
8.36949139081
8.40101560519
8.42607503488
8.49359381224
8.56923156441
8.57528923237
8.63892125526
8.68166382975
8.72424314592
8.87911993089
8.88788523837
8.91692903906
8.94983912385
8.98985506213
9.05848840412
9.17404273494
9.19523944482
9.24905434214
9.2555271592
9.34755263217
9.37797566051
9.39827696817
9.47651094612
9.54028031501
9.76598584745
9.82261477943
9.9374011925
9.99417613616
10.0861747109
10.311351355
10.3171227213
10.3473138979
10.3539541401
10.3900306881
10.5026201305
10.5515829779
10.7390637738
10.7441632276
10.8046334018
10.9334609509
10.9883315301
11.04438342
11.1765397323
11.6222091397
11.7697552728
11.8340507278
11.9218681739
11.9720898577
12.0391910627
12.1840212806
12.3133217263
12.4383973606
12.6890863052
12.8143339738
12.8984120477
13.0845355059
13.143261145
13.3004662098
13.7182293379
13.8609550337
13.977871063
14.1749604411
14.2668004575
14.3925040254
14.4843422873
14.7595593744
172
