6.00581601109
6.01410357854
6.02438828105
6.02897985131
6.04297405716
6.04668395992
6.04986114523
6.05511542772
6.06281773841
6.08557823771
6.08718307344
6.10017567422
6.10750016399
6.11858393365
6.13832281154
6.14936404608
6.16343629172
6.17570179551
6.17697545794
6.18888731565
6.19295256488
6.20820016166
6.2397735489
6.25016450792
6.25623737301
6.27000336393
6.27603025015
6.27817934096
6.28863385448
6.29813680839
6.31403409093
6.32411535854
6.34061566088
6.34376522696
6.35305922227
6.35378472135
6.3586659415
6.37941610163
6.39229047705
6.4177141953
6.43703668272
6.47027240671
6.49292372038
6.50324561338
6.50639909045
6.52032112348
6.54044073737
6.5541163959
6.55903715152
6.56765041562
6.57943635028
6.5806953348
6.6246830947
6.63028188774
6.64040920366
6.6623565053
6.73000590487
6.76268933189
6.79938559603
6.82869351576
6.84180649613
6.84456207149
6.85430879555
6.88835320313
6.88989991922
6.90700341465
6.93088663097
6.94031030867
6.99581352882
7.02806416714
7.04493260995
7.0550883632
7.0770607354
7.08309121587
7.1199081389
7.22871290425
7.26794798281
7.28956724258
7.35267605226
7.37597262432
7.37876929926
7.40197662261
7.5413283793
8.71206500025
8.8102496456
8.89237691419
8.9412805837
9.00481819631
9.19544110538
9.2309184697
9.28956979122
9.39854091666
9.55302720747
9.55750425611
9.56479377326
9.59128638275
9.63902719635
9.70359493443
9.78608209007
9.83201779567
9.88807896056
9.94308549206
10.0295956707
10.0777165792
10.1816624162
10.3188552235
10.3584531787
10.3645390658
10.4208891334
10.4665906232
10.5101480232
10.6413790144
10.777144959
10.8672569087
10.9756303606
11.1663300106
11.271907949
11.3470592681
11.4705423422
11.572674196
11.6106846805
18.2933689146
122
