6.01016294177
6.01670528563
6.02297384919
6.02361821416
6.02919635142
6.04585349279
6.05399291582
6.14973556861
6.16786614526
6.1864365177
6.19857267507
6.21239422639
6.22767921998
6.24458873568
6.25080187531
6.26086202274
6.26560676073
6.26725011684
6.26882627667
6.3167144635
6.32793499002
6.3417090468
6.35313842388
6.37020553667
6.40748152651
6.63554189721
6.64717057103
6.65575359035
6.68694806588
6.69712358755
6.75066079053
6.75612929722
6.7687873183
6.7785812329
6.80158638337
6.80805512612
6.84168660802
6.84841250304
6.85284532333
6.8767447662
6.87952662218
6.89490626951
6.91387175062
6.94339571734
6.95728083195
6.96449472735
6.97464574466
7.04692324181
7.04853628725
7.05079232163
7.09772648166
7.17002500433
7.21888397688
14.8409169975
54
