6.00859039563
6.02584336291
6.03306406286
6.03571939845
6.04659644434
6.0562236372
6.05907994675
6.06360180012
6.06553085871
6.10233569559
6.10311135276
6.10637120361
6.11366958706
6.12155750303
6.13311531201
6.14798030643
6.15526081632
6.16045299311
6.16421728168
6.1910777648
6.20158431913
6.35590393992
6.38047947357
6.40659072414
6.41744963979
6.44295087149
6.47555339956
6.51033376497
6.58038475008
6.60156127058
6.6102320455
6.64975515113
6.65283316552
6.67228967257
6.71834551763
6.74159706491
6.75503569701
6.7721503268
6.79012716059
6.80798419867
6.84930891096
6.86976684194
6.90966823327
6.97703461694
6.99195651411
7.0257853931
7.07112267543
7.09357757762
7.11878623124
7.14753979348
7.36779002392
7.38531682885
7.40808940542
7.45388146717
7.46030984394
7.47751070522
7.513778006
7.53032966085
7.57609187522
7.58848508706
7.61518752802
7.63013892782
7.66879892584
7.67622949831
7.68994485055
7.76029189309
7.78854424205
7.80356387885
7.82061523499
7.84085849087
7.87462670002
7.93660204432
7.94477523234
7.98618457614
10.7738666425
10.8440798504
10.9007573714
11.0132815848
11.1448643864
11.6349589818
11.6883828276
11.8990018836
11.9573577161
12.0293575173
12.2698864071
12.472385436
12.877714555
12.9849628091
12.996146613
13.006287545
13.2803244641
13.6354530332
13.8401339466
13.8590125126
14.1574858285
14.2984475488
14.3123563316
14.4439674989
14.9199420686
99
