6.00196067027
6.00425247404
6.01312799021
6.0152478126
6.03323791186
6.03626663414
6.04809275027
6.07018101541
6.07177420375
6.10439098262
6.14048417064
6.14481401921
6.14825887746
6.15620641258
6.16459432189
6.17314895934
6.18464479551
6.18591600466
6.18683343226
6.19753718474
6.20274981651
6.20861276434
6.21993518877
6.23272798211
6.23946183744
6.2444044953
6.24628304812
6.25313311496
6.26869140122
6.28353922453
6.29854277005
6.30088324421
6.32399842748
6.32755210075
6.59242503557
6.60305699268
6.62272504991
6.64333203322
6.68141267746
6.71075456089
6.73097930829
6.74793170111
6.75150286624
6.79340797743
6.81316357344
6.8317961272
6.8476417694
6.87941700484
6.89134629103
6.89468193825
6.91636689335
6.93986893923
6.96735098296
6.98233961237
7.01534939779
7.03016926779
7.04140075275
7.06883813021
7.20315314146
7.23364253066
7.25376364036
7.2959308952
7.31762066762
7.3605446051
7.39034113366
7.43055696598
7.47631676327
7.49488204962
7.49733875141
7.55714650605
7.61224260858
7.62798253023
7.63069247216
7.6622237786
7.68001510622
7.69872080579
7.75832870622
7.83618982963
7.849265245
7.86020339
7.92876027989
7.95608476025
7.98915247497
8.01019869794
8.02437254174
8.07414106953
8.13912757796
8.14647657023
8.18464902813
8.19571438526
9.95499009186
9.99098179457
10.0259525814
10.2132476713
10.2479924995
10.3442590213
10.5912360869
10.7058647404
10.7571322158
10.8588074356
10.9414121331
11.0978095748
11.1765756211
11.2720492171
11.3744038806
11.50280967
11.7159345937
11.7269339349
12.1371730427
12.2038106196
12.8758887879
14.6064614774
112
