6.01571748118
6.02976643467
6.03374219863
6.04193317151
6.04671580845
6.06740304454
6.08517837706
6.09593912173
6.10846071115
6.11904061683
6.12165043611
6.16470425898
6.18022596268
6.18850177263
6.20187485776
6.21295141634
6.22174265229
6.23097807177
6.25392959304
6.26462957539
6.28096716404
6.29159145553
6.29454207233
6.34102382261
6.37316965916
6.38276678864
6.39674390212
6.43410441623
6.44357950799
6.49844156316
6.52108915507
6.53450026403
6.54145176421
6.55458662575
6.61859808061
6.63144917358
6.6596097989
6.67883387451
6.7042077922
6.71548142395
6.75801551749
6.77305659622
6.7756048963
6.8097283036
6.82816766218
6.85649298799
6.85953483221
6.8758208358
6.87974720515
6.90403635073
6.92934404024
7.12504436441
7.17487352672
7.18033181583
7.20066114143
7.22830393538
7.235839186
7.28573398678
7.33136414956
7.37267918263
7.38904078141
7.40141119182
7.40668987335
7.44038680478
7.45639422308
7.46339926259
7.47646162851
7.56046750436
7.57446157345
7.69592784586
7.74865262633
7.78880010716
7.81019287456
7.84455095133
7.8541130318
8.02742154872
8.04647174945
8.06548473265
8.1018787784
8.11683352404
8.19739858399
8.25000065507
8.28458536353
8.30623553318
8.38235804217
8.42218591463
8.45775421883
8.52697596968
8.55587647656
8.59894279231
8.64330976089
8.69008035194
8.73988389942
8.92686389604
8.98055899497
9.02959070184
9.05388637354
9.10180229535
9.11104361783
9.16321273502
9.22403234457
9.28277715077
11.0728065714
11.1641687464
11.2217647847
11.3083098019
11.36689738
11.3806935101
11.6114088482
12.1110851746
12.1845857296
12.3466759752
12.3812339095
12.5212949145
12.7144742661
12.8050310215
12.8919804174
13.0691231523
13.1851807075
13.4145235103
13.7827352961
14.2593535038
15.0592529038
123
