6.00099911336
6.00267321399
6.00652299438
6.00966570275
6.01391723718
6.0243413608
6.03406329307
6.03883619623
6.05379255637
6.0585942431
6.06629975504
6.0776948287
6.13635638439
6.14235972058
6.16326298809
6.16511812788
6.17683924015
6.18057449658
8.90581809979
8.97058489667
9.07047386346
9.18116111249
9.21304398213
9.25176690865
9.33197752521
9.40663296339
9.47341100754
9.6280562476
9.72848425979
9.76786462847
9.89296730271
9.92508824269
10.0394679872
10.0486312139
10.0558415419
10.0856986379
10.1392809905
10.3826919972
10.4743186317
10.5267069782
10.5573511217
10.5658018457
10.6667198456
10.734648194
10.7763797955
10.8682360816
13.7940828391
13.9212853938
14.0467168055
14.3594450037
14.547929904
51
