6.00306246664
6.00552480436
6.00833851301
6.01710441278
6.03734233209
6.04256762021
6.05321873395
6.06133641582
6.0644664682
6.08138687878
6.08641276672
6.10564373693
6.10944889963
6.11113180396
6.12825852083
6.1363876338
6.14391077783
6.14763241234
6.15689099456
6.16057341564
6.17272268307
6.17813025582
6.20451217357
6.2091719296
6.24201263939
6.2475641739
6.2561460148
6.27577103093
6.27668898335
6.30551931153
6.32289984301
6.32882773867
6.334876829
6.33995472271
6.35564648331
6.35860323037
6.36669489518
6.37173334124
6.37871136684
6.39580143214
6.40906692268
6.41523447236
6.42652416714
6.43771912607
6.48318443058
6.51554813162
6.5233445702
6.5272108746
6.78433585982
6.78651088533
6.80666392671
6.8242255655
6.83542448225
6.8494601291
6.864765814
6.87921422905
6.90932444732
6.93006884366
6.9326257412
6.93957893121
6.96533938084
7.04583847479
7.05168556156
7.05323850105
7.06760827516
7.12416636488
7.14464210444
7.17006164771
7.18068718855
7.19078719461
7.19538265709
7.22202187495
7.29570907557
7.31153877328
7.32825584445
7.36383415072
7.61301816194
7.62498613185
7.68438971182
7.70573770015
7.73923732768
7.77304144358
7.79403863342
7.93028334282
7.9587843418
7.9815287289
8.00280172761
8.03869591272
8.0566204696
8.0858498429
8.10828981293
8.36794008477
8.43941003957
8.46414148183
8.51356114037
9.70088391277
9.80364366845
9.9183382459
10.0098953367
10.0159720769
10.1430196582
10.2630257626
10.3079425723
10.4449512386
10.5206034725
10.5723249079
10.6166832783
11.2351003263
11.3422053051
11.4066015942
11.4401707369
11.5703706437
11.6023408612
11.7222833342
11.7953603494
11.9018140549
11.9891951109
12.0672892784
12.0849332416
13.449224652
14.2478704377
14.420876391
15.4034446288
123
