6.0034121802
6.01231373009
6.02564680591
6.03324992049
6.03707504958
6.0474478368
6.05073135944
6.0541881221
6.06679090428
6.06999016073
6.07392376717
6.08457720746
6.08589390413
6.10234869203
6.1154419463
6.12402442373
6.21798856789
6.24130026244
6.2494794052
6.26435301101
6.27108638297
6.2819143469
6.29820174679
6.33058596869
6.37084655097
6.38569193028
6.41680191663
6.42437552525
6.44295695887
6.45269798303
6.46820323189
7.03336221971
7.05382854135
7.05578352659
7.09177834124
7.11633363741
7.12745224506
7.17178022619
7.19152502105
7.21140600677
7.22221809071
7.24057278228
7.24408665942
7.29164443961
7.31073095048
7.36097843273
7.39411976693
7.42945218277
7.44357132277
7.50293750522
7.533042726
7.56189600745
7.56925595269
7.59100237199
7.62446401799
7.6890754272
7.98292988802
8.03632488716
8.05125090483
8.19916945794
8.24447973056
8.29890504498
8.31267056872
8.38403807738
8.43324952837
8.46002579485
8.56393418013
8.65760208978
8.73552612258
8.7923247409
8.82315285729
8.85284228598
8.85609051299
10.5418285713
10.6606023159
10.7552206306
11.2819292979
11.3518378208
11.450465078
11.5902259461
11.6188651519
11.9473152452
12.3691316583
12.4466103796
13.9919674383
14.1211456797
14.3390830198
14.5439723029
88
