6.00541721565
6.04306759364
6.0444017936
6.05676179292
6.06319379925
6.06782974532
6.08265054098
6.09936883525
6.10664896969
6.11937840584
6.1253017659
6.13461088018
6.14679917665
6.15356943015
6.1611729528
6.16802530299
6.16916621873
6.17485672739
6.19591252973
6.20700318588
6.21058318771
6.22201306051
6.22403624149
6.24108695253
6.24812886794
6.26830214358
6.27289970801
6.28109911679
6.29481040664
6.31322557789
6.33818645108
6.34781095466
6.35961634613
6.37210742853
6.38650060251
6.38836959173
6.39302663743
6.40434769218
6.42079116208
6.4257210671
6.43949227747
6.44166251762
6.45528465236
6.47329698966
6.4914977834
6.49475795527
6.51505633238
6.52460486515
6.53189596069
6.54563497199
6.5631815414
6.57444513771
6.58992580448
6.5986155188
6.61939380297
6.63406053704
6.66073075737
6.67667905473
6.77613126934
6.87118074559
6.88340529036
6.89337875651
6.89729796346
6.98815260253
7.05833658007
7.07826555982
7.10262239756
7.19691062405
7.22740176586
7.24072061006
7.25419596491
7.27383117991
7.27599537948
7.28747812054
7.31094318287
7.33879448163
7.39854220748
7.42935539834
7.43310228621
7.4719845345
7.4765992417
7.50654593604
7.51437081776
7.67983097088
7.73422456388
7.77486356393
7.78156209616
7.80443125518
11.6979861255
11.8563295306
11.9917336441
12.0447944651
12.1984547323
12.4451231403
12.6382216759
12.8464046312
12.9642625344
13.1080560591
13.863480266
14.2098667626
14.2753910269
18.5263387047
102
