6.01169959184
6.02028770475
6.02275458398
6.03191708521
6.03399064138
6.16037802869
6.18450402521
6.21971071076
6.24733217112
6.26068915721
6.26604487465
6.52385432027
6.53819156719
6.55988696672
6.57858433308
6.59873915626
6.60791607016
6.61775897392
6.63252159197
6.64025759191
6.6483546053
6.65391006319
6.67074012983
6.70842373719
6.71554178237
6.72803817145
6.73792956926
6.74610879469
6.76584811874
6.79485243271
6.83559511019
6.8544720383
6.87083051348
6.89127254288
6.8951668028
6.90341199556
6.91950236634
6.94519718167
6.97618296983
7.00985942049
7.02982761186
7.06138331715
7.10161376546
7.11707624075
7.22900040336
7.26841597584
7.27084707677
7.3207870742
7.3633431271
7.41786425266
7.44801386883
7.46941125675
7.50508902117
7.52182099166
7.58244222614
7.62537277901
7.63822171584
7.68511551658
7.72748719591
7.77405935093
7.82846877239
7.87920323171
7.93162122111
8.27958779213
8.34327006791
8.37251457908
8.42035708697
8.48471351212
8.5149127782
8.53395638423
8.60419851458
8.6237160127
8.63116633922
8.79909315457
8.8082690309
8.86000160999
8.91176649812
8.99893772634
9.03456723362
9.05370642682
9.08538186141
9.14152779813
9.22994787497
9.2680767797
9.31081389623
9.34103326244
9.3805924571
9.42609172719
9.5435441346
9.62788220073
9.68434352274
9.8090699388
10.4609199347
10.487619298
10.5963593964
10.6549425631
10.6661182762
10.7854755447
10.8607025357
10.9666098788
11.0335154052
11.0877424295
11.2430825911
11.3165199987
11.5630544184
11.6552861446
11.8018438549
11.8442461981
12.4821431093
12.9911276178
13.2017976705
13.325861972
13.4336259723
13.477311904
13.6466567988
13.7942617787
13.9689617879
14.1385435018
14.433678183
14.6241967552
120
