6.00192214012
6.0095460118
6.0140834503
6.02166828969
6.02518734558
6.0283465878
6.03527804157
6.05966099017
6.07092803044
6.07182330589
6.09260152543
6.10385782619
6.11248614079
6.12856389777
6.15053082664
6.16158920797
6.17771237667
6.18141355044
6.18237376892
6.19317475742
6.20976029272
6.21720689212
6.2222117685
6.22536482581
6.25015546221
6.25477421485
6.25845445142
6.26476038318
6.29030304751
6.31029118925
6.32704364621
6.33690748669
6.34424290922
6.3670504843
6.37299299305
6.37880788339
6.45086649027
6.46695735995
6.47739031491
6.48065658426
6.49781517633
6.50297944933
6.50980313975
6.52577399071
6.54577695207
6.55196468107
6.58289626513
6.5880561938
6.59305144099
6.59523643752
6.61567131625
6.63772388649
6.66243146173
6.68144765719
6.70831120271
6.71128280237
6.73521889753
6.74970831767
6.76180647186
6.77649602851
6.78954766857
6.81134355597
6.83759839165
6.83964504547
6.86404612476
6.88270290227
6.88625606725
6.91443370427
6.91688859134
6.93828314035
6.9489457684
6.96131636935
6.98624914233
7.00227393588
7.01244691502
7.01553043841
7.03312535521
7.20661603292
7.24556479498
7.26220445441
7.27081427389
7.31237635798
7.37398275636
7.41137880032
7.46123686602
7.60305016356
7.6796100099
7.72582759532
7.72877728247
7.74514235222
7.77016339287
7.79995452618
7.83031394434
7.83260075302
7.90697260731
8.01786817289
8.07146128261
8.10589654389
8.17132297297
8.1923609405
8.1983245564
8.25397615358
8.28460037205
8.30592576985
8.33938398085
8.37139525939
8.40070983484
9.12441670242
9.19539263838
9.42755259598
9.44061404088
9.47510246036
9.48902032552
9.5613416155
9.58886509701
9.60940757682
9.69689060565
9.82517276121
9.86904109674
10.0219598555
10.0669699541
10.1093125777
10.2538067974
10.3321524206
10.3661703084
10.4375754942
10.442421893
10.5231281943
10.5552223052
10.5625607041
10.6547315088
10.8416289583
10.9232436709
11.9360172499
12.009069617
12.18145753
12.304542841
12.6460662533
12.8546279509
13.7965478245
14.955650064
141
