6.00485850463
6.02476116013
6.03083733561
6.03158827133
6.04482666258
6.0677554853
6.11445587962
6.1290660159
6.14534106498
6.15042045673
6.15546244454
6.16904788497
6.17003947916
6.17356768992
6.17494252766
6.17920128358
6.18445648778
6.18902622965
6.20100552135
6.21319435935
6.21734403448
6.22510299546
6.24035961542
6.25140542433
6.28473221343
6.29523984466
6.30938378919
6.31696429306
6.3286811257
6.34508015308
6.3684178108
6.37555595157
6.38652294675
6.40719028387
6.4098015645
6.41168365288
6.43229922554
6.43839531278
6.45760435997
6.47468603481
6.49047649448
6.49998480599
6.50523049036
6.5147843374
6.53179558032
6.57030982934
6.91863372199
6.92240993948
6.97374074879
6.99318857761
7.0127951914
7.10155979316
7.13939770915
7.1565196888
7.21153984251
7.27453978453
7.29988597697
7.34170903264
7.37263016415
7.45410135704
7.74304472942
7.75088648343
7.76855825484
7.86513024894
8.24675272694
8.26151859488
8.28192105692
8.30674972717
8.48404971764
8.5558340135
8.71013762226
8.77325553535
8.81399931054
9.1745529242
9.40206687726
9.49229997823
9.63837031075
9.64617536274
9.7663742739
9.80550890177
9.97536387603
10.1053524671
10.1444018178
10.4626989117
10.473179388
10.5424276051
10.6368351473
11.1011561362
11.1803382111
11.2325238194
11.2700547329
11.9223958828
11.9370789247
12.0162679716
12.173969826
12.2908104314
14.221446726
14.2387292658
14.2888558671
14.5195550534
100
