6.00667910642
6.00808831933
6.0221945586
6.03886671159
6.04357336294
6.05220607928
6.05480769064
6.06826775348
6.10470786199
6.21852986511
6.23185346646
6.24345166861
6.25128688024
6.25636273075
6.26929349663
6.27688614014
6.28237325767
6.29221561881
6.3056586073
6.31346243505
6.32831082616
6.33906931557
6.34617894967
6.351530641
6.35410105094
6.39134527259
6.41128190268
6.43985076345
6.49821665521
6.50714794371
6.52087771233
6.52213794959
6.53191950308
6.55978769155
6.5735582065
6.58148758136
6.58792694291
6.59704108893
6.61125526912
6.62806261839
6.6347694128
6.63640994013
6.65286942787
6.6683878215
6.68260564912
6.99489868393
8.07757949152
8.15972997171
8.18419511273
8.24027314303
8.24987728596
8.27425381929
8.29795931024
8.41713779931
8.50919343892
8.53711178338
8.61306060248
8.67507599849
8.75787574054
8.79047198838
8.86605250178
9.16125422537
9.22510828027
9.25814563679
9.26717787493
9.30526967648
9.4450152862
9.61588215271
9.69541178945
9.78596370071
9.83734182009
9.85621633154
9.99250073296
10.0318016845
10.1420163815
10.2217797776
10.3146739094
10.3891432849
10.4846171884
10.5483676649
10.5899204585
10.7450758006
10.8560390628
10.8846037409
10.9903378581
11.0578054399
11.1088930757
11.1462124882
11.1824661883
11.3878243297
11.4377129294
11.5357111998
11.5581508389
11.6173342509
11.7789638976
12.052899403
12.1087848161
15.4251356216
98
