6.00106003232
6.01335969492
6.01873144479
6.02564905606
6.03736692025
6.04542884909
6.05269398489
6.06272648141
6.07013979831
6.07941910411
6.08572541003
6.11924788638
6.12360841796
6.13924361699
6.17711483975
6.1801383242
6.19075251357
6.19676374059
6.20645192597
6.21174868015
6.21250773214
6.24305561682
6.24811881926
6.26791770474
6.27873507609
6.33193155573
6.35577842507
6.36799552467
6.39039799011
6.41323601499
6.42567368909
6.43428093204
6.49204739756
6.5087690201
6.51077924359
6.5290650486
6.53062822402
6.55063194832
6.55532936195
6.57644338421
6.61937739252
6.6266833875
6.75535503835
6.78488826499
6.81526733953
6.84766474505
6.86028280361
6.87480949685
6.93387447008
6.95996863793
6.96813825389
6.99012335285
7.00592547861
7.04131002999
7.05857943597
7.0769329962
7.11097427202
7.11420726725
7.1339284935
7.13772606607
7.16459010537
7.20164127356
7.21455648554
7.26229724065
7.27520452513
7.51560236419
7.56959351058
7.61757780813
7.74631017055
7.75059283781
7.78238464813
8.14169448924
8.16103221921
8.28216365866
8.28913333377
8.30770180712
8.32975320874
8.35251757768
8.44889691892
8.50888797994
8.56956589321
8.67025313599
8.69519712355
8.78184233811
8.8426603886
8.85021736684
8.91848837137
8.99051265452
9.06265247666
9.14367067613
9.15615817454
9.23673900425
9.24556882983
9.32185597641
9.48345620675
9.49142904673
9.54381028139
9.58442810868
9.62638877098
9.6490133524
9.73120171529
9.75497977976
9.86103539547
9.92264908865
10.0097737131
10.0357237382
10.0556792098
10.0615216983
10.3375634094
10.4585839716
10.6576611484
10.7603338355
10.8586912325
10.9208885135
10.9995762251
11.0662379638
11.1332484109
11.2845601791
11.3516291883
11.4239519889
11.5720086373
11.677354352
11.7410610134
11.8881662678
11.9383939915
12.1290781869
12.2548071172
12.3341420681
31.5262160496
129
