6.00522510305
6.01850849705
6.02511249116
6.03570586836
6.04573834801
6.05601655031
6.07170712542
6.30515545513
6.31697859208
6.32268726726
6.32454567797
6.3258338001
6.33223880885
6.3463162472
6.3585319153
6.38607907751
6.39055190483
6.42317284469
6.45138019636
6.50047522621
6.5128677437
6.51885321783
6.54438499528
6.55527230773
6.56364359891
6.59017693206
6.61573771376
6.63528191719
6.65332956409
6.66314389901
6.70835162419
6.75221608975
6.75685436953
6.94648089271
6.95769550684
7.39522398884
7.42756202337
7.50313339436
7.85132721283
7.93536221552
7.99964481369
8.01195903792
8.08760351249
8.13362707747
8.22052596001
9.08282837524
9.25791926026
9.3489085136
9.4019245474
9.4454446437
9.53268517662
9.70731451661
9.76638104155
9.77921782767
9.86851303623
9.95405748667
10.0208935618
10.1329184241
10.2415480632
10.3840337238
10.4036899744
10.5266516551
10.609406047
10.620896249
10.8282726732
10.906214588
10.9585445773
10.9816703695
11.0525003294
11.1720467966
11.5023717124
11.6413662963
11.9035654184
11.9503465122
12.165654796
12.2211658343
12.2651523783
12.4417233815
12.4610523604
12.5641249022
12.5775225941
12.7088295483
12.8666150527
13.2969523321
13.3950628254
13.5128284009
13.559607295
13.5782477685
13.6258086656
14.2324492254
14.3710281953
14.4707805106
14.7442387997
93
