6.00804244902
6.01310184238
6.01466908501
6.02045200903
6.03924674973
6.04614705515
6.05502030754
6.05992066914
6.06337160005
6.0673999622
6.07416678275
6.1160614998
6.12432964962
6.13229576903
6.13354917648
6.13643983771
6.14240635451
6.14725789453
6.15391602213
6.15999203184
6.16689717935
6.17777799887
6.18210483969
6.18869274609
6.23308441797
6.23617081283
6.25034466443
6.26040426341
6.26574566526
6.30797046121
6.31719704163
6.32331277802
6.32868168628
6.33124965144
6.344051096
6.44695732408
6.45249993777
6.45666920867
6.46479900042
6.47561512169
6.52454225579
6.54944665323
6.55915111415
6.57576022714
6.92488923914
6.93919190083
6.96458529726
6.98327773584
7.02207454628
7.03806090737
7.06127684689
7.07915539283
7.08245984573
7.10432195847
7.13396328553
7.20974904746
7.21758906933
7.26996384765
7.30946868189
7.32825353893
7.35166911822
7.36659950127
7.43247113402
7.45866104568
7.48965321867
7.5282173102
7.53447800455
7.59076355392
7.62654791738
7.62878851372
7.68516176072
7.83459159546
7.90481209215
7.92907948862
7.94816168248
7.98622592504
8.00516777757
8.0274995943
8.10537914398
8.13770631289
8.17497891072
8.21522310369
8.29418918698
8.30012592014
8.31958743528
8.32451230408
8.36402672101
8.42363834436
8.4490682076
8.53655507572
8.62709574332
8.68167506888
8.73494859674
8.75666799351
8.81686659796
8.83816685151
8.90366008597
8.9089342285
8.9782800347
9.07737825615
9.12083956232
9.12494858096
9.16377930784
9.19130411587
9.19881728595
9.28019727827
9.71627314207
9.81170529591
9.91055908111
9.99145345762
10.0100539481
10.0601347335
10.1733034834
10.1870575674
10.2111296171
10.3756012293
10.4801601452
10.5632527731
10.5925268594
10.6422962088
10.6905028636
10.7244573571
10.8235313368
10.9585033351
11.0282233125
11.0584414427
11.1671005551
11.2046926193
11.2127687148
11.2928553679
11.3775679378
11.4252476339
11.6056089385
11.720552114
11.7889649573
11.8624867309
11.9704137251
12.1123741813
12.3732610265
12.5555740269
12.5994068442
13.0114467496
13.1523527941
13.2111442197
13.4384550959
13.5550752641
13.8446606222
13.9726153644
14.1514176933
14.4441090816
14.5109387482
151
