6.01036966829
6.01377799206
6.03632344361
6.04262746866
6.0464876454
6.0526772006
6.22099397459
6.22810869399
6.24808251326
6.24960461368
6.25607263971
6.26379478963
6.27144156493
6.28208661902
6.29261127849
6.30014982713
6.30155683059
6.30355161779
6.31956938427
6.32655143596
6.33273740655
6.33380382176
6.36896851538
6.37880818281
6.38992352152
6.40700184005
6.41346502254
6.42295825461
6.42976930418
6.44101505596
6.45242882184
6.46804499574
6.50696711648
6.50828405793
6.51468860109
6.52028320894
6.53017006532
6.5397127399
6.55508434065
6.56146389839
6.57638462124
6.58740049418
6.58861120326
6.59989544144
6.60771072047
6.64040825837
6.65772091393
6.68507503188
6.68617474213
6.68966643441
6.72419727707
6.73648835571
6.76454139481
6.78585384806
6.8030667854
6.90690730091
6.91530607002
6.92930257067
6.9355988986
6.94357230268
6.95797905524
6.99674603537
7.13577499937
7.14788988171
7.1727035271
7.18992466584
7.21156359053
7.2142721154
7.28801890801
7.30164895818
7.31015196368
7.33871314388
7.36578583278
7.38888257404
7.41737368321
7.44790375381
7.48381183915
7.66258482087
7.72502098567
7.73022681271
7.75646709201
7.77019722918
7.77362590758
7.77680260005
7.78256102544
7.80490910463
7.8400464976
7.8996180121
7.9373890815
7.97817639536
8.0145980056
8.11670637449
8.15406980837
8.16976970578
8.23283640071
8.25224314864
8.29640856016
8.30934963859
8.31426884941
8.35439801469
8.38340978098
8.39257057858
8.41997245948
8.46981154254
8.5074118273
8.55677645678
8.72069944558
8.7565512829
8.84480540966
8.97695174061
9.07405156901
9.0884881569
9.1139615687
9.16395344729
9.27125312278
9.38145684894
9.46395655761
9.56838123867
9.6139231204
9.69047520638
9.76046097356
9.81883583697
9.89314000054
10.0465807151
10.2375141311
10.3272845517
10.3745677534
10.4232292265
10.5476148121
10.6323872595
10.7563472435
10.8194752106
10.8865087557
10.9672488523
11.0418645363
11.1328836699
11.253290873
11.4218690986
11.4657593456
11.4908267584
11.5955409345
11.7693099656
11.9086154979
11.917195648
11.9966332902
12.1178675454
12.3204567218
12.4290783876
12.6438818114
12.8418007835
13.0025599149
13.1236148503
13.3691280766
13.5271568518
13.5398220288
13.6131866632
13.6419893552
13.6930277379
14.2414379494
23.8722951493
160
