6.00281685838
6.00566683446
6.01001142887
6.01862253882
6.03304983905
6.05650725137
6.0583044988
6.05906184619
6.06605223692
6.06740587221
6.07265787831
6.07935963931
6.08877837418
6.10072893359
6.16875441306
6.17015013432
6.18988022354
6.19927069459
6.2004104677
6.22647091386
6.2396479623
6.24945333866
6.25414575415
6.27049170772
6.27161763562
6.27882516047
6.28807674053
6.29542556257
6.33139270943
6.34761489489
6.35426219177
6.36730928904
6.38461621361
6.39200328206
6.44734168681
6.45092147954
6.46121580465
6.46712404215
6.47617789233
6.52792191799
6.54046042231
6.5434059466
6.55350147799
6.56667870502
6.5725937012
6.58498408167
6.60793507163
6.63633710305
6.65495703735
6.6702198413
6.75515998836
6.79222887621
6.79720011561
6.82066035226
6.83155870709
6.90626601322
6.96976847823
6.98522237022
7.00245777958
7.01414526197
7.01584590699
7.0705834104
7.07890207956
7.09439929784
7.11719798271
7.14535610256
7.15766676959
7.15973884224
7.20832020561
7.23877155631
7.25349753142
7.29175013604
7.32902930604
7.34905615841
7.35801874089
7.41103666691
7.42826002724
7.43272199501
7.44208237955
7.46016173852
7.49653897944
7.54242177895
7.54608387413
7.60155138405
7.63160837025
7.7002995982
7.72492896772
7.86769643688
7.94267614268
7.994531743
8.03330292899
8.06825634467
8.11543168588
8.17243972131
8.19133476993
8.21138139239
8.27694537901
8.30935579653
8.3317063499
8.38294990595
8.4706625472
8.54860202807
8.85127694245
8.89237600857
8.93332529097
9.02367586245
9.0276064554
9.08070922144
9.18717986811
9.21860066572
9.28843861642
9.35568034568
9.44934457094
9.48444381754
9.49565328266
9.56729177601
9.68326709021
9.77891710228
9.81503088555
9.86044210849
10.0722588818
10.0814787972
10.2005387905
10.2874546312
10.353050592
10.4786169009
10.77670957
10.8964451646
11.0469643882
11.1226398197
11.195009693
11.245711924
11.3711009465
11.4264390811
11.549171186
11.6400380751
11.7084835129
11.7827041959
11.8575948505
12.2279047128
12.4090672478
12.5618111792
12.7993357484
12.875311569
14.4746157851
14.6564304315
146
