6.01150675141
6.02067868312
6.02681520115
6.03217479632
6.03324459671
6.03495310482
6.04153575973
6.04334542782
6.04423829381
6.05630981786
6.0648684139
6.06933851995
6.0857623898
6.09238956703
6.1025760739
6.10698672131
6.11015712453
6.11635960518
6.12273031638
6.15042000879
6.16048306634
6.16324163749
6.16759896135
6.17368974912
6.17794456255
6.20359373476
6.21418595696
6.22022570102
6.23217205384
6.23982948647
6.26051224826
6.28235547687
6.29254452001
6.30344807573
6.37011100301
6.38634769535
6.38853093766
6.41050853658
6.43135098313
6.53145446855
6.53564148009
6.54856196844
6.56068037924
6.56209226382
6.5974750022
6.65940173138
6.66917932869
6.6777558206
6.70128172708
6.99743657108
7.02014490232
7.04492733088
7.06466445296
7.08457815203
7.18449900765
7.22344977156
7.24604370203
7.29517456994
7.31134265541
7.32882941947
7.3646466559
7.3970279732
7.43679722493
7.45046963585
7.47781697005
7.47986079945
7.51470393744
7.54416412221
7.55827770838
7.59705108164
7.65100232784
7.67376687451
7.68337780785
7.75278857439
7.80882742675
7.84140920006
7.88149430855
7.94599352796
7.9629228619
7.98589756073
7.99534035393
8.0223102292
8.04681667729
8.07367772665
8.25645920807
8.27518332116
8.31653147643
8.33444545543
8.39516273892
8.44809894676
8.8978426994
8.93644475433
9.0081896426
9.0287647423
9.06761928608
9.14711653808
9.19018183116
9.22472906841
9.35164318293
9.35579601706
9.36613937096
9.40152360027
9.44210465469
9.51190634697
9.55227429038
9.58467952229
9.68961927784
9.74926731346
9.78449469789
10.0501293315
10.2383598955
10.2736797695
10.3434858886
10.4353525232
10.5531632701
10.6201241711
10.7048544459
10.7375094833
10.8486804946
10.9307799991
11.2015960027
11.2743910422
11.339096076
11.5781399075
11.6559674474
11.7545959643
11.8922819735
12.0684094549
12.0819697585
12.1196192533
12.1279724452
12.3632748847
12.4556397087
12.8374587773
13.0389866522
13.1252719906
13.1396554954
73.7768159528
138
