6.01039480568
6.02157876804
6.0321145
6.03592774918
6.04391883003
6.05025870376
6.06160656291
6.07918125521
6.08614624296
6.09217513902
6.0940835879
6.10612318921
6.11274923181
6.11782216471
6.14142798578
6.14837681461
6.16366147285
6.26659635493
6.28855638462
6.29867075863
6.30455790946
6.3218998676
6.3285149785
6.34270621582
6.35207006856
6.37082489018
6.38038211417
6.3864535874
6.39059005197
6.40333923707
6.42141283401
6.4403542985
6.46020141288
6.47162752845
6.4826687135
6.48406133986
6.53243464718
6.54151250355
6.55147727605
6.59055786127
6.60303435893
6.60786343648
6.61024832398
6.64079006445
6.64890824147
6.67420760856
6.67544392807
6.6768042244
6.68703402084
6.70014867879
6.70682425769
6.72788641454
6.79324768435
6.80761409793
6.81425038319
6.84207374926
6.84818171093
6.85448003359
6.91728028073
6.93743674261
6.95609721374
6.96036593446
6.96209696882
6.99633345708
7.02342448864
7.04578072223
7.08976219743
7.11248399953
7.11488095444
7.13688851147
7.15416382942
7.20404484584
7.23625759887
7.25251899714
7.28017193557
7.31436474783
7.33390176237
7.49177051163
7.52560745735
7.54634694545
7.56894667388
7.61865821292
7.67514824343
7.69420488414
7.83461320192
7.89349014111
7.91916913916
7.92331016825
7.99098565148
8.06328688447
8.08786119677
8.10343933521
8.12090471642
8.14760077776
8.21416138014
8.49848244788
8.5682461005
8.68594298096
8.7072122906
8.82248621568
8.92014527382
8.97837815493
9.13624146699
9.20730313499
9.31175100536
9.32072507928
9.44354389637
9.50980195591
9.53818149119
9.61909381953
9.67895155715
9.80045412971
9.86155205547
9.9443507495
9.98040359468
10.0859561626
10.0929488318
10.1947133486
10.3607983047
10.4420731389
10.5783152763
10.6813896168
10.7320234917
10.8875477411
11.0152210617
11.1433256361
11.293300693
11.3392579523
11.4041014506
11.5263006608
11.5945824414
11.6368064008
11.6501127253
11.6797378553
11.7402745171
11.8414583427
12.9282065482
12.9408617085
13.420108078
13.6521149287
13.6760300384
13.9438185135
14.0597107411
14.2535540221
14.4519060759
15.4357674798
146
