6.0118330902
6.01594807248
6.03246165912
6.03301952316
6.03771030551
6.04161024792
6.04220438822
6.05239760178
6.08928790884
6.09501533698
6.09973176618
6.10436961053
6.11075732778
6.11547679354
6.12663763205
6.1283021116
6.16111935386
6.16999670618
6.17184893164
6.17332467985
6.18483261347
6.29397285813
6.37045187946
6.38596429224
6.4010931215
6.40830968477
6.48982478187
6.49756480115
6.51004719254
6.51656600273
6.52448633681
6.56509285554
6.57785586522
6.59827591023
6.61366009856
6.66216785639
6.67498734362
6.69336079466
6.72853328042
6.73082170947
6.74163049075
6.85992583505
6.87985499379
6.89575825317
6.92764160415
6.96126887753
6.98443620899
7.02442576717
7.07330195975
7.73575478767
7.78921618093
7.79252449985
7.84101385574
7.95518884811
7.96803638322
7.98817919668
8.02139500196
8.10473035182
8.13430376213
8.15481035313
8.16190894742
8.17942396838
8.21761673278
8.31031380443
8.3363876394
8.3892617636
8.41216196175
8.42769985704
8.45686413133
8.49160095336
8.9766901583
9.0385229145
9.05425103364
9.16273953325
9.19482593381
9.3948838864
9.54532985879
9.6035806186
9.61260969614
9.69676502522
9.80805906433
10.3610311259
10.3889325762
10.4764810235
10.4989875551
10.5191014036
10.6438953297
10.7255477735
10.793019273
10.8807039176
11.0305645243
11.0412921946
11.0571166464
11.0959976126
11.1629442683
11.3322507088
11.3790690191
11.4117359739
11.4879970814
15.4735529221
100
