6.00926468014
6.01379978667
6.02840728182
6.04718861188
6.05899072011
6.07014343255
6.08361267202
6.23701928331
6.26357101983
6.28285991616
6.28674410507
6.30645942013
6.31313601202
6.31977091698
6.33084476739
6.33827257636
6.3548485042
6.36412442556
6.37978502044
6.38069103831
6.40207838768
6.45581341719
6.46986519111
6.4790019393
6.4902647948
6.51208285514
6.51609771252
6.52586001518
6.54529793589
6.55512851725
6.57364356042
6.58810338413
6.60446431641
6.6366992515
6.64397167557
6.65913187106
6.6893499802
6.70768205716
6.71518229798
6.77766838234
6.81636297713
6.84386603635
6.85894485714
6.8816218338
6.91732801402
6.94325965763
6.95134549899
6.96552670091
7.00754360108
7.01025915729
7.02027262679
7.03347623261
7.0355270771
7.05451505226
7.13233691289
7.33534222171
7.41765018744
7.43012316275
7.48644055804
7.5127550382
7.536675673
7.59247514686
7.67378241476
7.75305650742
7.76875068156
7.79868437808
7.80397530763
7.82942692976
7.92135523236
7.95133171805
7.98308694557
7.99870918077
10.4025197289
10.5109261609
10.5739194282
10.7672569945
10.8737420841
10.9972171653
11.0044168521
11.083374183
11.2272762299
11.3023458883
11.416246473
11.4298361979
11.4971306141
11.5425377462
11.5757363418
11.621548236
11.6811332753
11.6938210802
11.7194464414
11.7620443696
11.7706219296
11.9565072985
12.2100347564
12.4788269771
12.6088200847
12.6199098367
12.7562142367
12.8900447344
13.0303105818
13.212437783
13.4517130173
13.5961885903
13.6395807887
13.7425182449
13.7831784667
14.1377153911
14.2347182923
14.6350987369
110
