6.01184242625
6.01338670198
6.0269899718
6.03947030677
6.0455159419
6.06069546208
6.07314874944
6.07603035765
6.08452861555
6.10344422156
6.11368546864
6.12019964526
6.13329464963
6.14349199437
6.15299505719
6.1640070985
6.17911963893
6.19359287341
6.19852823757
6.20033625569
6.20654907258
6.22100610355
6.23176149079
6.24284286143
6.24919346008
6.25951659773
6.26459168819
6.26620031978
6.26721353448
6.27985000135
6.29426516731
6.31156725253
6.34689855367
6.34832915643
6.36756212404
6.37323241139
6.43933560417
6.47663618283
6.48298661697
6.49826993031
6.49996212743
6.5012520824
6.50377761058
6.51928363685
6.52337091325
6.53710179222
6.91858245219
6.92149263808
6.92374961813
6.94437058597
6.96456506455
6.97518252303
6.98125161803
6.98454812996
7.01140327286
7.03317765838
7.05949293874
7.09316965508
7.11414857066
7.12896445867
7.16121573547
7.17411148444
7.23221042142
7.27070293055
7.3072063507
7.37923955887
7.38722270634
7.40796692289
7.5024000464
7.51654488416
7.56362824242
7.61138653153
7.63622715144
8.3565931215
8.38809944082
8.44634608404
8.50134037454
8.5828286414
8.60913407487
8.63521841484
8.68130275348
8.76018726728
8.8157483131
8.86677629856
8.9507206971
9.0118586948
9.03884399336
9.06907876808
9.11040415503
9.15236586833
9.17221529376
9.22526700771
9.25126065876
9.30425484813
9.32525914903
9.34825667702
9.35918492935
9.40989293504
9.46451575413
9.53126354059
9.65192976538
9.74188616985
9.80208609781
9.83734593589
9.95358318998
9.98044262052
10.0667997347
10.1510967639
10.2241084838
10.2922218523
10.3359793429
10.3931905503
10.4453093416
10.495513994
10.5888675802
10.6418127351
10.7002181787
10.9729408398
11.1001174556
11.1082912281
11.1900930487
11.2624653751
11.2830527378
11.3638284201
11.6163270468
11.8025882769
12.1934865194
12.3377665021
12.534096252
12.8125326688
12.8918928751
13.0847474513
13.1613098142
13.3708082967
13.3862688874
13.5874797766
13.8112800974
13.8286269542
14.112520762
14.703723976
140
