6.00122410409
6.00811696658
6.02166286119
6.02642673262
6.05231851676
6.05509627793
6.06076615701
6.06433493488
6.06794130843
6.07762171221
6.08235815784
6.09327616406
6.1016442342
6.11182393202
6.13292045011
6.13475668373
6.13557086941
6.14104792244
6.15026493087
6.16354994862
6.20357246092
6.21493087132
6.22739455191
6.40829925475
6.42241335296
6.42981855336
6.44893003906
6.46524133068
6.49452519074
6.51156345192
6.5452818248
6.56337655133
6.58405849597
6.60612920131
6.6080588181
6.61888814533
6.62555646838
6.63277049953
6.64034467099
6.65896826744
6.66733296988
6.68027911464
6.70101671442
6.73442203694
6.73956317446
6.749982246
6.84281786275
6.8491002639
6.89525059461
6.92330292674
6.93570833906
7.13449670435
7.1566787645
7.18441574054
7.21754860868
7.23882213163
7.26142569374
7.2825573964
7.30976330459
7.3449998318
7.3732104121
7.41381905682
7.43864597326
7.48049687804
7.5589900891
7.58696254336
7.6357439729
7.6699844954
7.71887436073
7.7554603267
8.10813920187
8.7265970385
8.78416740146
8.78811063126
8.83928239531
8.92405521171
8.95348951507
8.97908389891
9.00831992733
9.44917773136
9.45740400895
9.53658902064
9.62761576622
9.68014055723
11.0353374462
11.0975112259
11.1064789536
11.2418378285
11.2513866885
11.3374236175
11.4778160263
11.5386124167
11.5505429238
11.723998511
11.879383113
12.0514080899
12.4440144551
12.5225576417
12.5882955713
12.9086870189
13.062267883
13.1588762432
13.3606463588
13.4874226927
13.7323712492
13.8625983859
14.3512693545
14.5490357741
108
