6.00086477154
6.01845246913
6.07218046429
6.08286478495
6.08355534738
6.08835251044
6.09565560267
6.10501360699
6.11947956647
6.12764566321
6.15980863794
6.16073773782
6.17056945765
6.1832937221
6.1876395569
6.23260792571
6.23945883979
6.2430791219
6.24925195814
6.25577680238
6.25825080697
6.26802064078
6.27498812523
6.28297233631
6.30644217932
6.31752088667
6.32863257187
6.3342145766
6.35450811176
6.35658314514
6.39183237013
6.39851149136
6.40662129786
6.42161982499
6.42970686211
6.43136285788
6.44608433262
6.45461302682
6.46479404286
6.47504836723
6.48122409986
6.4970475241
6.51124732045
6.52739903355
6.5290574057
6.56140425963
6.56397391075
6.56880436888
6.57622788659
6.59403826279
6.61121964305
6.64149524784
6.67520936425
6.69536874124
6.7173908038
6.75056812929
6.83117604962
6.84944907075
6.88583494573
6.91646476008
6.92207095561
6.9581859262
6.99839078348
7.04446981415
7.08261754103
7.13798307448
7.15189183828
7.17098640695
7.17340011178
7.18502350666
7.22144139203
7.29642495865
7.33195108978
7.3530428166
7.38359590174
7.39067494132
7.41565422453
7.45464237021
7.50966009913
7.63004206106
7.71910262438
7.74094988348
7.7445822815
7.85761475459
7.87699021873
7.91629441179
7.91898048395
7.97440948288
8.01539267456
8.03862169568
8.06584081525
8.09942710503
8.14334919539
8.15130746711
8.20217591621
8.21545043561
8.23499317867
8.26425068961
8.28140023039
8.28544503987
8.31112970703
8.42464147395
8.42848550012
9.47445029855
9.49711823543
9.50707472819
9.53677824155
9.59675063807
9.67442987199
9.69708635074
9.80913458119
9.83632532001
9.92708524661
10.1328279892
10.1730796674
10.2835002074
10.3686244726
10.5080917862
14.7035579724
119
