6.01208037224
6.01942526621
6.02855118418
6.03443403059
6.03936733497
6.05780469224
6.06151481587
6.07650099864
6.08016398769
6.08361101519
6.09619328802
6.0971038439
6.09789124287
6.10228463034
6.10628145213
6.10919487904
6.1174476983
6.17470767027
6.17653988254
6.19006506855
6.19633186149
6.20173548031
6.20570940675
6.20901551857
6.22086373612
6.22815543103
6.23370026939
6.23881337833
6.25170728476
6.25765347496
6.26655771931
6.28303177813
6.28858570659
6.29773638196
6.29869276544
6.30783040267
6.31937007186
6.33155918536
6.34699787696
6.3647705408
6.38560319015
6.3951540496
6.39849617748
6.41084626624
6.41822190962
7.20402964935
7.2539896863
7.28196961704
7.33119716236
7.3467054737
7.36763641874
7.40008419014
7.43722181032
7.54379027521
7.58716399063
7.61225970617
7.73423702744
7.73855681269
7.78525846926
7.81480055115
7.8321784642
7.84979577577
7.90849897121
7.92815239957
7.98830431692
8.03231973892
8.05601340184
8.09915666117
8.1777636092
8.21410083401
8.24528197727
8.25211492431
8.33759287628
8.38403540855
8.43269589856
8.45656106863
8.55002750827
8.6200687796
8.64526697345
8.69308275554
8.74384431896
8.7857734384
8.81418130673
9.02909969909
9.09574060781
9.20529260141
9.9453942823
9.98961460009
10.0353742848
10.1285521783
10.272996959
10.4795369079
10.5078763023
10.5971459845
10.6465300814
10.708419101
10.7280809715
11.0514202233
11.6662676823
11.739833875
11.7706111002
11.8421745778
11.9904001127
12.0690567769
12.4777313148
12.5038461989
13.7023899176
13.9984668019
14.1717757211
14.4581397306
14.6996914176
111
