6.01154825534
6.01327842405
6.02676861974
6.03440373994
6.04487905982
6.05004267594
6.05528494599
6.06247535213
6.0737805995
6.08746767774
6.13979340979
6.14294298301
6.15922414555
6.16622206974
6.17387009743
6.17556397634
6.1826554937
6.1868386036
6.19914222128
6.21065685746
6.23064052996
6.23509193734
6.23864279606
6.23955788231
6.26449403345
6.26764035435
6.27590661637
6.29348511257
6.29898379081
6.30675777707
6.30851133545
6.31402288259
6.31639332543
6.31713339974
6.34981674577
6.3696362948
6.37905703873
6.4273298198
6.47643582059
6.58958095433
6.60507712104
6.61804703465
6.63116112848
6.63395921457
6.65934500951
6.66255979693
6.6755931431
6.68292022375
6.69853214782
6.71682743547
6.73834996543
6.77147007659
6.79077168354
6.83577835449
6.8561394044
6.86438163831
6.88494643795
6.89902108936
6.90206654156
6.9264327546
6.93722921219
6.96609434814
6.99408380057
7.02137995026
7.05335160191
7.07677947861
7.11843921571
7.12803130409
7.14533081717
7.17676368747
7.20591584101
7.21296116658
7.26930391279
7.28814068285
7.30818673704
7.35460785876
7.39302722185
7.42375635076
7.46301050949
7.51942453162
7.5314053418
7.5657125421
7.57584432112
7.61867782172
7.63683073659
7.65979955362
7.69213404794
7.70092808965
7.74156325368
7.74763524277
7.81034734067
7.84647459559
7.9110243183
7.9742792679
7.99848750393
8.01198303273
8.02156526725
8.03873239755
8.0901999834
8.17487706275
8.20294486177
8.27483948317
8.33770256209
8.39933547108
8.45622476875
8.47967867584
8.5091153699
8.60943798463
8.66709210084
8.79747472696
8.89694893573
8.92519493751
8.94302448484
9.03960045078
9.07313628779
9.15526054444
9.1610785911
9.17357329417
9.22143008044
9.24376033955
9.25672324843
9.3205269126
9.41713647695
10.2423534733
10.2639866661
10.3711414625
10.5088810569
10.5373264233
10.6423768211
10.7517528951
10.8762283395
12.3897519347
12.4260329956
12.587066118
12.77589656
12.8537559066
13.0639987697
13.3269947964
13.4499206714
13.7078755522
13.7308482374
13.7855438728
13.9988043419
14.4050950041
14.5961235612
145
