6.0045955636
6.00733222835
6.01361450062
6.02398812109
6.0290606403
6.03021400443
6.0396381711
6.07286421756
6.07824836086
6.08241110934
6.09100866781
6.10012755423
6.12678483609
6.14609482204
6.16398503745
6.18033383335
6.22974126179
6.23854374615
6.25110862076
6.27645324023
6.28114519018
6.29424957592
6.30632137197
6.31513656722
6.32549138595
6.32694648325
6.33955604722
6.34994415689
6.35534327595
6.36397766426
6.38561504943
6.40209099144
6.42117043372
6.43066540343
6.44828949315
6.45752421496
6.46997394381
6.48221240043
6.4944817952
6.51292400683
6.5216049085
6.5471460031
6.55899074989
6.57429318249
6.60585784091
6.61843460604
6.6321715039
6.63892716669
6.67318416871
6.70705745916
6.75800320955
6.76210824869
6.77393186059
6.78653619218
6.79307801799
6.81691376746
6.84760644479
6.87556402179
6.8910321043
6.91442869514
6.94294169356
6.96874939366
6.98212281515
7.01200582896
7.01511166631
7.02900669542
7.07678830823
7.0960013134
7.12674906579
7.13976185293
7.16167205491
7.18542707879
7.19812502632
7.22429715375
7.24325235345
7.28133749921
7.41000233404
7.45058153866
7.46037022278
7.51042973463
7.53762331786
7.60295467331
7.63734426617
7.64513430402
7.71355959528
7.75205658138
7.78418789728
7.82020410619
7.943542372
7.96425801177
8.06363165686
8.09755124312
8.1116144658
8.13266344396
8.15472967752
13.3867956689
13.5191363637
13.68729581
13.7163399879
14.0057812034
14.2108066454
20.3204401417
102
