6.00648706558
6.01153841119
6.02025123034
6.03634411245
6.09012728203
6.09621839666
6.17391678403
6.18808176416
6.20583024352
6.21400538128
6.22683995932
6.22861828938
6.23456601441
6.25732925311
6.2795834212
6.29000049534
6.31450402436
6.32537254404
6.3428724924
6.35030942465
6.36831469962
6.37376814257
6.38925344793
6.39564632621
6.41391164312
6.42983739115
6.43994624446
6.46077901062
6.47387552715
6.49324101636
8.13825092342
8.16779435444
8.19167301976
8.19532900591
8.25142775997
8.26214185946
8.28559864324
8.35078854276
8.52506557571
8.57847642936
8.67546165851
8.67991882628
8.75159605444
8.80396743158
8.84630972723
8.9188378755
8.96200737128
9.01299810825
9.10599907925
9.14777685777
9.28373933007
9.32557783824
9.40898989667
9.57712194096
9.67100423681
9.68767515433
9.73771371833
9.82411599538
9.88165152781
9.90615547895
10.0236307516
10.0822855392
10.1534171971
10.1961146817
10.2407805006
10.3327253427
11.1125097979
11.9677394289
12.1051744799
12.257057617
12.4010992644
12.5823593904
12.7684418677
14.732088056
74
