6.03967078827
6.0425614479
6.05291396421
6.06387630718
6.07395165819
6.13767385267
6.15820135048
6.17046463272
6.17482795003
6.1820338795
6.18739633013
6.1912700742
6.1922800339
6.20537566176
6.21860985006
6.222832067
6.22503616985
6.23038720897
6.24670825185
6.26394008339
6.27499594525
6.29366761055
6.34237234935
6.3552323366
6.35770913779
6.36076187705
6.3689472521
6.38997656676
6.39544077574
6.3969691241
6.44606436502
6.45820826082
6.47387048866
6.47521729624
6.47895126386
6.48813682964
6.5012011756
6.62971536647
6.64094009383
6.66625173864
6.68842683063
6.70889860762
6.71937722927
6.78088997593
6.79712505702
6.822748757
6.88916750582
7.11400389112
7.13585527581
7.16264978041
7.17189271468
7.17911869587
7.31819489648
7.32122008876
7.57594532957
7.59860085218
7.67120372114
7.73388480135
7.74497943321
7.75736802762
7.80811432341
7.84040415021
7.84785268495
7.89674909641
7.95439101189
7.99051484208
8.03527433578
8.07769284608
8.09715409592
8.27211285792
8.40411428738
8.42066293839
8.46954163996
8.51947459649
8.58671662255
8.79289455163
8.82161888279
8.8884301027
8.96967382498
9.01870128304
9.03276844592
9.12506955782
9.19733995945
9.22632884266
9.28103604784
9.3623925898
9.43258207489
9.47739296425
9.6092364504
9.68417135275
9.75263553309
9.85703537355
9.91122902677
11.3253824558
11.3750775061
11.3833219066
11.5664463611
11.6230745414
11.888531129
11.9556025037
82.8641110475
101
