6.00403030934
6.00854367827
6.01494529173
6.02713033041
6.02978636004
6.03028458661
6.05303868748
6.05554564844
6.13515863875
6.14487788961
6.14848141886
6.15675817125
6.16349891121
6.17112521354
6.17452114705
6.20573444121
6.21047793034
6.21888656142
6.23934279334
6.25072803559
6.25700023237
6.27979473657
6.28425090137
6.29494047476
6.30127378192
6.30454540238
6.32227346798
6.3410474399
6.34971893174
6.3556992242
6.35837447326
6.36259226899
6.36969432337
6.38130306638
6.4078701637
6.64184525365
6.64414976969
6.65157804474
6.68226743226
6.69816581945
6.71491949449
6.73444373971
6.76757826408
6.77697991061
6.79692929261
7.03254907754
7.06409765704
7.09203372782
7.10108017896
7.45593939183
7.48582901384
7.52538471892
7.56315025953
7.58549326873
7.61344420975
7.64438163219
7.69059362392
7.70681437211
7.72578532026
8.20853116514
8.26109684954
8.33503123798
8.35624858787
8.39354326685
8.44538110087
8.55463261211
8.5679096224
8.67665797944
9.45688682485
9.5334242637
9.62052287166
9.86377611025
9.893135478
9.99245674059
10.0904231697
10.1480512502
10.170471131
10.9867510042
11.0887589284
11.1984954509
11.2917115982
14.1221617969
14.2223788654
14.3424047969
14.4189765441
14.6849579252
86
