6.00092809772
6.00844760923
6.00910069308
6.01542537596
6.01736251124
6.03458543833
6.04922073719
6.06716488001
6.07376902863
6.07991690066
6.10921432304
6.11365214014
6.11759991862
6.12469373005
6.13591723995
6.14318442362
6.193404198
6.19773671576
6.20119813555
6.20710752693
6.21878506192
6.22195712866
6.22942029717
6.33054151885
6.35236171167
6.41001736765
6.43782868621
6.44373574456
6.46286508643
6.47668064155
6.48096479966
6.51406590006
6.55339284863
6.60036888506
6.60407304413
6.61560463711
6.63189184786
6.63375712555
6.64588453625
6.67024044211
6.68131586338
6.70438938928
6.77797318229
6.7990845546
6.82032034481
6.82172946349
6.84583947579
7.04972367019
7.1182110835
7.14782591722
7.15510883307
7.20522713318
7.25347836471
7.32142676881
7.41129394106
7.44059670856
7.45570335848
7.49987758158
7.53411744515
7.54231513187
7.59305902785
7.62457492932
7.70025122337
7.75705474256
7.76956834779
7.77800214235
7.87078739326
7.9116919701
7.9563082359
8.00891002868
8.06161734592
8.19660383247
8.23422509301
8.25575525182
8.5890878439
8.61171520624
8.61920828898
8.67115866228
8.77382161176
8.79626917506
8.85596042953
8.93199154213
9.15091558703
9.21586488089
9.33071223168
9.38193540754
9.73323065697
9.74647108928
9.80715612936
9.91403708226
9.9239419033
9.94965685489
10.0491800003
10.1495158433
10.219886818
10.2541887646
10.3163522458
10.3592456349
10.4229122009
10.515006052
10.528178768
10.7602123915
10.8099178289
10.8564197266
10.9190711713
11.0272228887
11.1249045659
11.3104730311
13.5056799147
13.7334604558
13.8021410823
13.8282818406
13.9902786576
14.6974026704
114
