6.00259706156
6.01620982003
6.02350692034
6.03394508887
6.52648877692
6.53299380161
6.55393698685
6.56060451254
6.56646526052
6.57598927841
6.58511924293
6.58792275399
6.60332953748
6.63284593387
6.64490111544
6.65183352561
6.67663665566
6.67802218641
6.69668019643
6.7124266534
6.72460705903
6.72733579925
6.75389660465
6.78155252063
6.81343857566
6.8315235583
6.90885138974
6.9172265784
6.98639552377
7.02786555965
7.04845195214
7.06628914635
7.09116072171
7.14044330956
7.15082810155
7.18124441922
7.20093191697
7.21394538455
7.23465164415
7.26057435135
7.30467521116
7.32470575634
7.36637996855
7.40019658455
7.44626859757
7.45698744096
7.48686426208
7.53028425295
7.64882377233
7.69484946325
7.72486082162
7.72864951674
7.78902380931
7.81651179522
7.86275563541
7.88363880178
7.9347581919
7.94877704575
8.1923122617
8.22271834965
8.22795029728
8.25646611376
8.32378080351
8.330699587
8.34206514663
8.35802134673
8.39908443541
8.42531641217
8.45747858041
8.48004860092
8.51827634012
8.55233576725
8.59504693851
8.6531866285
8.74366587478
8.81189985889
8.89282131954
8.92573659112
8.98475350084
9.00094997863
9.07432430127
9.62792383103
9.69330537965
10.2795283814
10.3593264332
10.4563060572
10.536679145
10.5926876168
10.8519370972
11.5686574725
11.7129168567
11.837683046
11.9191501652
12.1237247844
12.1899018069
12.3455885511
12.545161092
12.6171320853
12.7564495264
12.8215612257
13.0129665747
13.2452077968
13.3582911149
13.7221690786
13.907392556
14.8718699385
106
