6.01725760241
6.02211501468
6.0457834581
6.05103522364
6.06292919944
6.06647946356
6.09293343712
6.09588990174
6.11084443151
6.11559819214
6.1174220274
6.17762486975
6.18411895095
6.2020097241
6.2101728211
6.22180121016
6.23423842914
6.24628799209
6.2476268509
6.25007407993
6.25382236095
6.25976290966
6.28262729817
6.28927981761
6.31843251574
6.32478599767
6.33239448674
6.33510262475
6.3402585397
6.34840966047
6.35611029864
6.37236193726
7.18505585547
7.20929883608
7.24261044541
7.2580701383
7.28928868721
7.32477933796
7.3303092126
7.46937935342
7.5310213739
7.55099377261
7.60342287421
7.68497154789
7.7435321382
7.8832340169
7.90488497256
7.92474099335
7.92917726375
8.05758639947
8.07802986609
8.19089495151
8.19612212413
8.22418658303
8.27315597515
8.32389699801
8.38934336691
8.3947094821
8.44611898285
8.47240950097
8.52651682662
8.53042770758
8.60307024394
8.64601370858
8.66182514796
8.69240026913
8.7187043362
8.72269713675
8.74389530634
8.86913145975
8.90628791417
9.02210130059
9.05926797841
9.14444550653
9.20208276885
9.24945323902
9.3129574753
9.35279254314
9.46754926393
9.5111273664
9.64203129101
9.70824378928
9.76318103335
9.87980849966
9.93787962544
15.4241656822
86
