6.00821005355
6.01634177356
6.02360785314
6.03259038183
6.05090402037
6.06343123619
6.07138284625
6.08273988644
6.09460727121
6.128639006
6.1331781281
6.13845993202
6.14433193867
6.15028060718
6.15100241359
6.15298343404
6.16341958607
6.1662273436
6.17400703991
6.18535067869
6.19211074727
6.19629163431
6.19844080618
6.22016953163
6.23349462476
6.24543211577
6.25379514298
6.26330869151
6.26770431133
6.2714447318
6.27226538109
6.28314145338
6.31976305473
6.32486726348
6.33440534945
6.38303325304
6.40641618261
6.41457393747
6.47748274283
6.48819693673
6.5256395283
6.54260612816
6.55670985347
6.56862098492
6.58069746026
6.58407469605
6.60800451029
6.6312684741
6.63601188598
6.68202306078
6.72010913178
6.74243288623
6.7778261621
6.79289999834
6.79459520843
6.81690445613
6.82856259139
6.83199400296
6.85798031733
6.87624565797
6.91048349356
6.95429426928
6.99733685675
7.01857742549
7.03150723792
7.04858422025
7.0718486322
7.09028576889
7.095030152
7.10539080877
7.15277835084
7.16376432034
7.18929051104
7.24729815812
7.26077659006
7.27209715496
7.29757388468
7.30105166619
7.37411147804
7.41537616286
7.44549955996
7.56065974904
7.60123115475
7.62838500531
7.64524527379
7.67105942568
7.70181104871
7.73660042356
7.78153936453
7.81230311027
7.82020075794
7.86184830433
7.86514368862
7.97033322714
8.02934033991
8.07952609593
8.16470934532
8.17774298673
8.46072285643
8.47609093375
8.48860630792
8.50557023889
8.51525422561
8.53046608757
8.54495923331
8.57526866836
8.65317986425
8.67143964293
8.8180771232
8.86262900762
8.90472816382
8.91545890649
8.93346413935
12.1070663648
12.2093939706
12.2474357614
12.5475277235
12.6292494447
12.7905816947
13.0591642772
13.285424727
13.4081952513
13.5766059412
13.7879080979
13.8267855094
13.8632829068
14.0426311684
14.3443811506
14.4724864234
14.9387920371
130
