6.00977245131
6.01676067275
6.0212682799
6.03251905469
6.03658916772
6.04220073666
6.06083893944
6.06983831391
6.07491550177
6.07883346682
6.08766957416
6.0934072021
6.09562134926
6.10648832059
6.10974303318
6.11702004353
6.1179681625
6.13683062897
6.15216291488
6.15863430146
6.15971905133
6.16843600677
6.17159944422
6.17520739349
6.22658928331
6.24144250753
6.24832632815
6.25360049963
6.25668950454
6.26316565237
6.28301070155
6.29467432314
6.32431186925
6.32650050274
6.33866114007
6.35285679865
6.46270879989
6.46653711547
6.49470712219
6.5111612452
6.52970474804
6.55185107266
6.55306012898
6.58317635132
6.66425586414
6.66549548734
6.68918628543
6.69717656048
6.70712358509
6.72446249391
6.77873945307
6.80356355088
6.80698225045
6.8373355803
6.84804859592
6.86306471426
6.87726996183
6.90206264141
6.93561472833
6.9627267322
6.97935350981
6.995100704
6.99960248052
7.0139748271
7.10115116883
7.16254042344
7.17104125915
7.21362398624
7.22044341662
7.25881346054
7.44948867187
7.49739503448
7.52119446049
7.54933061525
7.59107635418
7.63016497448
7.67627238561
7.84787321844
7.86963576143
7.89978418686
8.04674838883
8.08020810039
8.13838469982
8.14965350146
8.19606111571
8.2171585284
8.28311529716
8.3182225499
8.3428447096
8.37228642195
8.43461083245
8.55958864726
8.64153729342
8.67670673411
8.86270410106
8.93220034366
9.00784675996
9.05546739969
9.05984148367
9.06745308132
9.07297278445
9.07924561119
9.14233692423
9.1899696877
9.19722089415
9.23910176165
9.29519359733
9.30226221408
9.4101347179
9.45106384802
9.49461009901
9.56132441385
9.68269640427
9.74705782749
9.77156557304
9.80909104936
9.89315603542
9.94609534747
10.0830471037
10.3766610677
10.436800704
10.4822959376
10.5797435761
10.602272661
10.6092316934
10.7108597589
10.7859639468
11.3033876205
11.4402206651
11.4736053933
11.4814567963
11.5210941632
11.5300833063
11.7132513192
12.0691209439
13.3584677606
13.3708572012
13.8112383959
13.988695368
14.2507355276
14.395141255
14.6098357207
142
