6.0014567278
6.01159256299
6.01778066804
6.02450908123
6.02817406808
6.0383929556
6.04539565608
6.05277979988
6.0674226546
6.07493103777
6.07964767066
6.08339629711
6.08665541795
6.09594967692
6.10419402559
6.10947241173
6.11451678191
6.12497028899
6.15096832782
6.25305036142
6.27888556311
6.29634292551
6.30587262491
6.32837171343
6.33319600116
6.33688596456
6.33848406481
6.35265378616
6.36650804347
6.36839117549
6.3759068379
6.38502636971
6.3938941662
6.40470256053
6.40698092236
6.41013893461
6.43171662132
6.43250020791
6.45103699814
6.46166774048
6.49116172653
6.50368025778
6.52380345138
6.54310148396
6.55072425771
6.58562822446
6.59542491043
6.60778402271
6.62423610283
6.62681065542
6.64475758799
6.65912373379
6.68937951451
6.70580244389
6.72831915341
6.75698580495
6.77448649619
6.79118889228
6.80660290212
6.80904154312
6.81843173987
6.89113890236
6.91428109136
6.93405199017
6.98178124174
7.03919554165
7.0589445074
7.20240006459
7.23407918876
7.27301605517
7.41008647088
7.44319109049
7.60083870607
7.60687713818
7.78367411936
7.84022272887
7.99464190317
8.06185377294
8.09635561459
8.1087125079
8.18594910706
8.26544609645
8.27567988703
8.29054644386
8.40411031013
8.45689038705
8.50323617899
8.61246784255
8.66193763788
9.01590895067
9.02745025019
9.04232179891
9.0858374734
9.12571601699
9.13870510684
9.15724957683
9.18498016623
9.31603833436
9.35998630612
9.41471583209
9.48935816781
9.50104245669
9.55757984247
9.643209807
10.1330608849
10.5985196292
10.6069529686
10.6405402738
11.3957650847
11.4740752204
11.4998702289
11.6447705874
11.6844523781
11.8052224161
11.9920288208
12.0704753522
12.2239105785
12.2988389801
13.690374193
14.0051970802
14.4004454902
14.481942748
14.6066550476
123
