6.00663584989
6.01761414708
6.02123418013
6.02590044975
6.03042081109
6.03190089422
6.03581369286
6.03986659629
6.04738581634
6.05617426224
6.0657992944
6.07399084998
6.08499341926
6.1147903129
6.13091185483
6.13244100048
6.13923628923
6.13992139621
6.15658746895
6.16399544784
6.16789512305
6.17685635428
6.18263528811
6.19601149689
6.20648041118
6.25345944076
6.2732715838
6.28299698375
6.2975192512
6.30153480545
6.30970675812
6.32198517429
6.3307518724
6.34302107268
6.34727737394
6.36850767788
6.44963145331
6.97528038398
6.98230937954
6.99625250589
7.01913465932
7.0655986007
7.07609661198
7.09555641941
7.10658124334
7.12840527504
7.1406981132
7.171840062
7.23914290771
7.31030995686
7.34086148976
7.37470869467
7.4381904459
7.46802546621
7.50691356541
7.59128953658
7.60971169655
7.64859354624
7.81308071363
7.82703261085
7.86372221517
7.87175953071
7.91166059348
7.95651428511
7.97775438156
7.98622143277
8.03816133235
8.08538504475
8.16452808045
8.22021949312
8.28589766961
8.30560877978
8.37981532679
8.42388273793
8.47897661701
8.54512141041
8.60274425939
8.6337529674
8.66200317959
8.76600790317
8.80457443527
8.88781134382
8.92323467053
8.98755823936
9.04826085369
9.35986566157
9.38682636764
9.43520378717
9.59017243039
9.6078722639
9.67238596829
9.76045990752
9.77230353875
9.84971562041
9.98400422225
9.98898895349
10.042000738
10.0728316669
10.0987629998
10.3822015719
10.438357306
10.5869755844
10.5947540267
10.6374256192
10.6575679091
10.6643575457
10.739177897
10.7800862918
10.8881393291
10.9987996922
11.1798015626
11.2558474305
11.3531706933
11.4591834388
11.521960863
11.6896709604
12.1148876854
12.2785237695
12.3396178973
12.6577609084
12.7146746604
13.1007890492
13.1404048711
13.2873534669
13.4578139033
13.5332801843
13.5443175821
13.6068649332
14.0444449748
14.1535209487
14.199460126
14.3629217014
14.819259965
133
