6.00365681615
6.00614105069
6.01970532623
6.02864996661
6.03624339285
6.04819173354
6.08592472068
6.10393776421
6.10510939178
6.10674889606
6.11405238781
6.12207812166
6.12560471892
6.13371141962
6.1521030029
6.18623877075
6.19942840665
6.21591960374
6.22659069773
6.22891591812
6.25828313845
6.27005388281
6.28455444307
6.29545270226
6.31065250412
6.31734292094
6.31952875868
6.33187731277
6.355404874
6.38772966165
6.38927884477
6.39532174752
6.40927072699
6.43252461816
6.44458087429
6.45759010414
6.46329553748
6.46838562065
6.47873603033
6.49381002085
6.50119355594
6.50827487327
6.5156331655
6.52710157037
6.54149243879
6.54716330396
6.94726195405
6.94962757181
6.95689290062
6.99809992598
7.04004798953
7.04820319555
7.29214019201
7.99267016104
8.04590629813
8.05110312914
8.06665219455
8.09266949783
8.09745147086
8.13025852423
8.14791698228
8.1700370867
8.22410042257
8.39565193718
8.42766019304
8.43404256022
8.58680104903
8.63216359525
8.66903152257
8.68011628782
8.76606956404
8.80373142468
8.85176845721
8.90579414042
8.90997840497
8.9934619307
9.03889070411
9.09018091016
9.13866287481
9.23701594075
9.27567625792
9.31374650998
9.35268931647
9.42934254486
9.44692990907
9.4603712713
9.54463414314
9.57680910013
9.75194242675
9.78981158208
9.844534516
10.3943914714
11.9567643302
12.0076176424
12.1502867211
12.4259144192
12.5276146885
12.7131210754
12.7638951966
13.001909904
13.3430116352
13.4091289526
13.6492747069
13.6979401997
13.9441874252
14.1106519792
14.1306334673
14.187575086
14.4400736282
14.7270914337
110
