6.00458168362
6.0103489095
6.0134365939
6.01557156335
6.01959642766
6.02221116623
6.02300479542
6.02946065197
6.03796833866
6.0387124133
6.0461207635
6.05210659043
6.05501784434
6.06459133591
6.07755582836
6.0832583543
6.09018214472
6.09910965533
6.11167083156
6.1370255985
6.13919767476
6.14856513119
6.14917270707
6.15082517074
6.15339586978
6.16277940399
6.19377962673
6.19547256812
6.20636945245
6.2137368842
6.21762822178
6.23035502333
6.24017419697
6.28323509664
6.28811864644
6.30013359229
6.40368234904
6.42141542127
6.44836007368
6.47245022328
6.48238441749
6.49992202527
6.50151840552
6.51224727344
6.53834784289
6.56573576585
6.64611386186
6.65843028212
6.7032769158
6.73559905533
6.77019655966
6.77237752982
6.78532292431
6.80185946666
6.83282036967
6.83755527127
6.84359630428
7.66881528758
7.70189143079
7.74602109996
7.7511603081
7.77872288813
7.80656880025
7.83819879069
7.8649540385
7.90370741597
7.94408806877
7.94818449019
7.97423801128
8.01053811419
8.04595646079
8.09885585915
8.12902205413
8.19590680977
8.38210586321
8.40867875226
8.49067304715
8.52486288095
8.53965840576
8.60356154182
8.83203915147
8.88532507187
8.91556411177
8.91910227238
8.99519268051
9.05958157744
9.07832780395
9.12036844126
9.20973164371
9.27625438457
9.29960715839
9.38338818573
9.5186129776
9.81071424751
10.014182422
10.034431509
10.1696802012
10.6950641764
10.7783678994
10.7882631534
10.9680493917
11.1468452465
11.3086236413
12.7402394133
12.981088876
13.2216378421
13.4189062779
13.6454408006
13.8927378294
14.1392832151
15.2715437016
111
