6.00836482823
6.01281444077
6.01872793514
6.02084370917
6.03674301911
6.05442418253
6.06411919162
6.08101289655
6.12216932105
6.13671374146
6.13966592908
6.14037703931
6.16340798475
7.59861239211
7.64638154327
7.68666305607
7.72922230238
7.76023522405
7.8546201696
7.86843821595
7.87298487828
8.21454665287
8.23568526062
8.2725530898
8.38131032584
8.42240627948
8.47165618264
8.49170973899
8.57449567258
8.58031770652
8.60755893406
8.64349948412
8.67708482912
8.70876662595
8.7360943065
8.76962782243
8.77827151471
8.79824236523
8.96180766858
9.04484229013
9.12455267395
9.19081565121
9.28518905891
9.33227515746
9.3580191836
9.38006788423
9.44871257664
9.49765245248
9.61392636159
9.69540413247
9.76483995191
10.1051009947
10.1866314319
10.2375312816
10.2725834595
10.3560703261
10.4869964031
10.5264668554
10.6416682778
10.693350039
10.7619232193
10.9066509936
11.0013029269
11.0487744831
11.0784881711
11.1808593737
11.1894794791
11.2772523437
11.2854064192
11.3356224142
11.3462212654
11.3554509543
11.4045053846
11.5735722324
11.6242381462
11.7890126801
11.8408378812
12.0676876361
12.0782485241
12.1411044814
12.3732714402
12.4848270482
13.1978043962
13.2660998068
13.3660724109
13.4775331533
13.5604099434
13.8578894226
14.0025838147
14.3485490871
15.0162015829
91
