6.00685574566
6.00924919402
6.01642998093
6.03019654505
6.03473147647
6.04539837808
6.05158032695
6.05460471861
6.06850083908
6.0750811432
6.08923507096
6.093313533
6.10235664028
6.1081388376
6.11273579992
6.11525425699
6.15309173934
6.1611433546
6.17086840699
6.19551628593
6.20517644006
6.21466289689
6.2207389736
6.22890796761
6.24530473785
6.26576176197
6.26835063994
6.27871916375
6.28902315646
6.29661188286
6.30365465233
6.31600724431
6.33132105305
6.33305419997
6.3341154284
6.33830276272
6.37086592428
6.37291476756
6.38116124131
6.3963676275
6.69962733334
6.71042205809
6.73950210358
6.75609785306
6.77859993793
6.78616192341
6.79195875152
6.84375795434
6.85951790455
6.88769841777
6.90434107633
6.98431677232
7.06361806039
7.08939090586
7.14483224842
7.17417288764
7.2608149632
7.47462326001
7.48861078839
7.52718184659
7.61695594458
7.63107551409
7.85536827035
7.93036107312
7.99781491608
8.05116357552
8.15892687522
8.19868278866
8.22122486845
8.22611538913
8.25082600223
8.49023767091
8.53659531075
8.63332196014
8.67377406292
8.69077108062
9.9806713322
10.054409597
10.0768913002
10.2048872405
10.356867809
10.3685782146
10.4862896891
10.6594431214
10.6930904483
10.7477404619
10.7655102
10.8173684286
10.9524062415
10.994217155
11.1004807619
11.1420618305
11.2968329111
11.44465672
11.4869601502
11.7289038677
12.0696681726
12.326162192
12.6035797527
20.9343027025
100
