6.00427783762
6.01299825793
6.01870751963
6.02147865956
6.02417805814
6.03020587235
6.0392404622
6.04370215515
6.05166729909
6.06160406188
6.06761557
6.07263838471
6.07703543021
6.08923865993
6.09720102635
6.09961445337
6.1214998567
6.13523756722
6.13901026817
6.15376199394
6.16851336185
6.23948384924
6.2491701378
6.25732309353
6.27322008465
6.27774779216
6.29389173844
6.30775115855
6.31191723294
6.33674207781
6.33828409673
6.43117074429
6.45678212334
6.47318047821
6.48648644965
6.49375339092
6.52187804137
6.53577680259
6.57660000084
6.59133806714
6.61429026513
6.64162717886
6.64529037476
6.66446214395
6.79750764869
6.82023724958
6.8521083636
6.86965201695
6.92713446301
6.94123712928
6.96015133772
6.96584173852
6.99874870628
7.00993903575
7.03275644738
7.07022487114
7.0754300729
7.08806267315
7.09480901474
7.09799421376
7.11476459483
7.12205570551
7.15119910393
7.20536651361
7.21950813349
7.29089215015
7.31924796547
7.36560063703
7.44926452065
7.49260745046
7.50589036713
7.6128706446
7.63544525547
7.6907498446
7.72202487041
7.76038869142
7.77674808347
7.81080103162
7.83619930796
7.89703576253
7.91633768743
7.99211496941
8.10590711023
8.1623383678
8.18902002569
8.2984539209
8.38233162696
8.40788377519
8.41912996392
8.471798604
8.51385080124
8.56591147284
8.58635290651
8.61282625158
8.65021450438
8.71554984027
8.77557276623
8.82138291015
8.85255761359
8.91494828642
9.03811219273
9.18006125253
9.24700816747
9.30962237434
9.32287805227
9.38452705211
9.65806886662
9.68211664866
9.72903695995
9.79894016718
9.80936413342
9.94859556039
9.95731080037
10.0418316739
10.0489987436
10.2417291585
10.2765912318
10.4992712182
10.5795001409
10.5898324874
10.6537211195
11.0396874759
11.125143453
11.2037172087
11.3589028372
11.4469668561
11.5916287426
11.7135378471
11.7601150699
12.8582855557
12.9723652848
12.9830872187
13.0271539218
13.9643499946
14.1014766194
14.1873780114
14.4336549666
14.4606346326
14.6005590537
139
