6.01463196754
6.02688511378
6.04451262948
6.05554289791
6.06049449445
6.06739831015
6.07318976443
6.08957750625
6.09541480415
6.10499828038
6.64747102639
6.67197147115
6.70181409493
6.74391822783
6.74613990239
6.75879425253
6.76905844155
6.78976611949
6.82693763977
6.85406308687
6.85761214082
6.86866469702
6.89632340088
6.93313064749
6.96462427475
6.9762224329
7.0373164304
7.06635424651
7.08658423037
7.09745180251
7.11056114085
7.12252190737
7.14690313469
7.19222165592
7.19697919476
7.2270408003
7.38722092161
7.38997601993
7.40576988751
7.55938930875
7.5869362384
7.77515045312
7.78200619512
7.93849724652
7.95374746538
7.98279855503
7.98955003674
8.01902045996
8.04046313961
8.06036746769
8.133350729
8.14914747327
8.20494979152
8.26867290708
8.27744102907
8.34549087241
8.46878616771
8.49453129809
8.50967721769
8.57820973649
8.61937676765
8.67554446184
8.78425726308
8.79264727967
8.84656820786
8.86120570734
8.95779124323
8.99387267388
9.03269770358
9.08026049216
15.3509209864
71
