6.00713584617
6.00763797341
6.01753402338
6.02029611384
6.03487364737
6.03979206892
6.04594802156
6.05617409231
6.06543498109
6.07012404048
6.07363293119
6.0841057099
6.09848229698
6.1014765091
6.10516919626
6.13814846826
6.1495155497
6.16400807716
6.16889705453
6.18361716467
6.19705442715
6.20010724289
6.20216024689
6.20332330838
6.20988067559
6.21233996075
6.22445029878
6.2386950866
6.25206462213
6.27228479788
6.5048222298
6.50865796984
6.51521392254
6.5223093702
6.54581267421
6.55341481595
6.62653388222
6.63297612119
6.63833987138
6.6713617464
6.68958325632
6.71702578035
6.72778153748
6.73340633898
6.7394924732
6.74501038821
6.75425769172
6.76911783125
6.8147308685
6.81824481284
6.83973179067
6.84445971914
6.87267628493
6.87781043014
6.89908179876
6.93534827609
6.96311222775
6.97273548675
6.99201445172
6.99433721633
7.01054801489
7.02885282274
7.05354402681
7.06805365679
7.07025833727
7.10253767204
7.12969843064
7.17136795957
7.19208340855
7.19467791408
7.22859810279
7.26675943436
7.28753409443
7.32490390155
7.33894757251
7.36369436128
7.3688928994
7.38413260492
7.40506878889
7.47719645185
7.49424667803
7.51488911356
7.54812918908
7.55631231935
7.59482870903
7.72609746386
7.75526238836
7.78888812625
7.92340864338
7.9464964531
7.95660752748
7.99148127773
8.01097580111
8.0174787749
8.02434565592
8.11190764154
8.11508989557
8.17302557808
8.22477488185
8.32965992915
8.37878846717
8.41721535574
8.4956445927
8.56284003777
8.57467716143
8.58802233863
8.62413410749
8.66743236289
8.71791478104
8.8053991213
8.92402109635
8.95656517461
9.13337555497
9.2654347679
9.37628663447
9.40960362397
9.47306710025
9.50114019434
9.61898924632
9.69222757382
9.74275625369
9.87125620185
9.96940139302
10.122539921
10.2576262288
10.2709510721
10.3831890856
10.4897389586
10.5558570377
10.9449341476
10.9510044679
11.0965707067
11.4945518089
11.6713618058
11.820928308
11.93265543
12.0321462866
12.1037245545
12.3319814268
12.5075343602
12.5368549477
12.5774670766
12.8437789734
13.1449808155
13.4290102387
13.506195804
13.5507641201
13.9054260875
13.9350601712
14.368475744
14.6831431268
151
