6.0008395951
6.00405050808
6.00624707661
6.02067308462
6.03038359284
6.06277506341
6.0735593395
6.08175522195
6.08573044564
6.09647491808
6.10705488844
6.11929937348
6.13879690002
6.14377992385
6.1490767491
6.17731820833
6.18209597711
6.19487543388
6.20952175867
6.22190079997
6.23744007429
6.24676745948
6.24780080775
6.25127767414
6.25951000842
6.26283855186
6.275634061
6.29579804467
6.30052360664
6.30314145326
6.31953982504
6.33104036512
6.34409298956
6.34784813721
6.35226467339
6.3564007184
6.37652007082
6.3872059224
6.38875295104
6.40091048051
6.40604944675
6.4148612115
6.42869025803
6.44460793019
6.44884452964
6.46258896044
6.47872040425
6.4864775255
6.50291405298
6.53173757918
6.55961144882
6.56828792295
6.5766155563
6.57868653191
6.57964490909
6.59481154247
6.60839249933
6.61956686906
6.66737077607
6.69000527642
6.75297081345
6.77666233934
6.7887965209
6.80836754513
6.85526095659
6.8608004888
6.88892687021
6.89799878464
6.91811953597
6.92214494408
6.97126644953
6.99210570624
7.08291980951
7.08980235569
7.12840919145
7.17054775746
7.18276975195
7.22059907821
7.22228323149
7.36833994577
7.39129570278
7.40314806059
7.41428514807
7.44583187822
7.45365796208
7.48850264423
7.50918051643
7.53163385815
7.57926113744
7.60317318343
7.63470189172
7.68700427703
7.70271723963
7.78390502636
7.83852624626
7.91525670713
7.95493956451
7.96504257823
8.01755004533
8.06340447375
8.11116929961
8.17991397058
8.28673685978
8.31569375416
8.35875391441
8.43747579477
8.45712046894
8.4879574425
8.5485864551
8.64325647614
8.67782858672
8.70136051802
8.7239779721
8.78006887981
8.81985704144
8.8654074959
8.93814413241
9.00770596838
9.03602987255
9.09610442264
9.22706945235
9.34743280866
9.4262112141
9.70092806913
9.76545499687
9.83608560492
9.90480488519
9.96438242056
9.99614867905
10.0206283386
10.1507937814
10.1586298579
10.2435162153
10.3790797823
10.4980263719
10.9039556758
11.0120281139
11.1697296681
11.2300812276
11.988311029
12.2793200339
12.4247939168
12.5146767491
12.6652307953
12.6954418074
12.7276751894
14.3881940679
14.5503371905
148
