6.00105622536
6.00986149609
6.01436533178
6.02374521642
6.03089703964
6.04467572575
6.04955892655
6.05316942083
6.07255687083
6.07366386168
6.09930388873
6.10837972275
6.12161160746
6.12695053872
6.13271723146
6.13870978044
6.13962331975
6.1515663167
6.16405258149
6.17508409573
6.17708363616
6.19738714708
6.19865821373
6.2089944861
6.23162968773
6.24438563272
6.24928852223
6.26281968126
6.26942032935
6.27920699666
6.29446349358
6.30293270775
6.32267291744
6.34400997071
6.35184593349
6.36931902033
6.37710320897
6.38616695342
6.39121586649
6.41895744072
6.47287679404
6.48153264082
6.49328863345
6.50379118175
6.53049302392
6.55559508361
6.57049756726
6.58376851109
6.5906730303
6.73977419754
6.77139722107
6.79337599527
6.86943453464
6.91424214368
6.94635123005
6.96401675494
6.99662069279
7.03044538269
7.05715681558
7.13324152125
7.14529887913
7.17379625751
7.19643783241
7.22769259026
7.25589531291
7.31452072515
7.48236153632
7.53236920912
7.53483128677
7.54857183406
7.56745234536
7.58517568056
7.63766289942
7.68785338555
7.72073599773
7.86216051536
7.90523120202
8.14373191665
8.30378145737
8.37621614603
8.49122512879
8.52658656898
8.58603164947
8.60951201863
8.62751681128
8.6590382411
8.76188510627
8.87197354491
8.94851393973
8.99547856065
9.00019816819
9.16215537905
9.18379289449
9.2033541384
9.2640870813
9.31012502379
9.38848273213
9.42116655308
9.46122711072
9.50420965515
9.78106046511
9.81789460399
9.93016873796
10.0131925303
10.1157168765
10.1862217261
10.2738665801
10.439578445
10.5365414823
10.602787213
11.4642608693
11.6409671945
11.9868148087
12.0478631021
12.0808946026
12.2154903175
12.3365548773
12.4254820602
12.4663335802
12.6172697326
12.7816011902
13.7643443666
14.0097428849
14.5121508488
124
