6.01001334697
6.01382515082
6.02112897846
6.02772214292
6.03473171482
6.04604909238
6.06030276083
6.07434226331
6.07918044414
6.08363592876
6.10347127497
6.1099858562
6.34101241138
6.34211202472
6.34562767522
6.36132196755
6.37151398556
6.3724160102
6.38978339048
6.39296229312
6.42510780443
6.42777934142
6.43833180518
6.45364059874
6.45666883003
6.50807711168
6.51937174688
6.53144235986
6.53644247915
6.55375836831
6.56026016224
6.57028187807
6.62950312705
6.63969064003
6.64744022753
6.67201869192
6.67431528061
6.68126151128
6.71834747946
6.72625611994
6.76515173496
6.78561280324
6.80505102551
6.82323254878
6.88908189112
6.91328893276
6.95710386493
6.96428695051
6.99172880257
7.01525890104
7.02730327832
7.03460893418
7.04665046518
7.073779625
7.10926361283
7.13509066711
7.17267574427
7.19445867975
7.23666639209
7.26981773543
7.30832230641
7.38866624798
7.40858399921
7.45485513122
7.48174599117
7.49060546573
7.51118055239
7.52579638901
7.55007783551
7.56941445359
7.60050995754
7.64269351873
7.68552460678
7.71160253901
7.76213128365
7.8270570792
7.86013870116
7.93713847161
7.97272447709
8.00918131957
8.05019515033
8.05859955191
8.08716328248
8.13383677511
8.16377135689
8.25759477002
8.32594481275
8.32913251912
8.4730665199
8.48011595805
8.51381485364
8.53721533909
8.58292069167
8.62732615957
8.63986854252
8.71733562295
8.8318303409
8.86989710271
8.93587830547
9.01320341966
9.05849865215
9.15413719875
9.21805288217
9.24568504311
9.28619735112
9.30291252771
9.33776551242
9.39765518881
9.40243834209
9.43618178008
9.51408926031
9.60774329208
9.69691811164
9.74602672714
9.79774411481
9.94494840764
10.032407244
10.1173768047
10.137535582
10.2369144421
10.2536394748
10.4289613542
10.503357825
10.6239511961
10.6948425155
10.7369916976
10.958903067
11.0593750565
11.0822374678
11.4964579414
11.646386645
11.6939569777
11.7574156114
11.8454805839
11.9386855638
12.1650887198
13.8305086702
14.1523084365
14.4646280493
15.9259581245
140
