6.00576640124
6.01353307149
6.01469208534
6.01876267116
6.02658791192
6.03214868482
6.04055872188
6.04863400678
6.04956613821
6.06194897102
6.06803580273
6.07575501094
6.10192913373
6.10411197601
6.1100280205
6.12119792741
6.12947361846
6.13096274868
6.14239627923
6.17656442987
6.19101242745
6.20430798697
6.23447599843
6.24344527277
6.25314548547
6.26318021494
6.27432044611
6.28367728175
6.29979106136
6.32554934495
6.32843702408
6.34095067222
6.34994734211
6.3697187521
6.37348637187
6.38331515421
6.39628564761
6.41249960733
6.42665053971
6.44269795097
6.45644329834
6.46732094612
6.47587281091
6.48966586484
6.49539923435
6.50991515288
6.58378105394
6.59236078836
6.63380323471
6.65271181899
6.69211499903
6.69725324229
6.7139342912
6.74674228958
6.74871182093
6.75770857769
6.79214736397
6.805515413
6.81155945566
6.83127080286
6.88119640662
6.90637244267
6.95778267218
6.98086419181
7.01183653701
7.06218893589
7.08503453353
7.13167440138
7.13956991606
7.16527997441
7.1849504317
7.19506066239
7.21737381382
7.26253333321
7.29733184973
7.33165617674
7.34780813084
7.37379096231
7.39982288363
7.45010172789
7.48036942786
7.50630943493
7.51722368351
7.5442829822
7.59396705174
7.65910812404
7.70271209408
7.73442232474
7.81475120426
7.88265344944
7.94488325843
7.97412887204
7.98218643779
8.00165621964
8.03674015371
8.06102321026
8.06909768665
8.1451788381
8.18600543252
8.19244004787
8.2369697676
8.29833224273
8.34789643376
8.41023684022
8.4352523339
9.07276779566
9.13122989757
9.19420600672
9.20605332246
9.23617035899
9.25318058241
9.35332155329
9.46341502181
9.52163643947
9.55922210903
9.65438600158
9.68863961139
9.70715117867
9.76708790373
9.94107178722
10.0403198401
10.1023235066
10.228565888
10.4076430689
10.5147623617
10.5712552992
11.3391911073
11.3734953691
11.4866472356
11.5401862747
11.6409579528
11.675205546
16.2318493298
133
