6.00346533597
6.00780000198
6.01058806373
6.01584646507
6.01792573615
6.02602456277
6.03639495236
6.04437647761
6.04685433009
6.05486833575
6.06007372644
6.06310622722
6.07542468245
6.08223905483
6.08465321556
6.09077367292
6.0977450193
6.10525516694
6.11080227733
6.11604173036
6.12266607519
6.1360535063
6.15894235706
6.19495006853
6.19907062112
6.19996124143
6.20283403853
6.20865922789
6.2110170747
6.2227171052
6.25697726326
6.28531748993
6.29350364246
6.29928528112
6.37852057789
6.39805162552
6.40368417673
6.42008292867
6.42587713152
6.43389308697
6.43961983847
6.45640088334
6.46685123294
6.50555208086
6.53077868944
6.55181311753
6.56004720294
6.5802035217
6.58553529894
6.60332443874
6.60949442962
6.61868772715
6.63579367225
6.66781973982
6.68058607595
6.70064094536
6.72573787413
6.72900808118
6.74624862662
7.1562593931
7.2365212893
7.2538006401
12.3062618119
12.4819625706
12.5793638403
12.6369929794
12.7901785001
12.822451028
13.0028184786
13.1909693018
13.2759384217
13.8314270479
14.0626584472
14.3449826317
14.4922057137
15.0690301315
76
