6.00929746747
6.02085727586
6.04335743407
6.0603594703
6.06599186055
6.07018248849
6.07663282701
6.08400903828
6.09431080753
6.09957273269
6.10688104544
6.10863852505
6.1277728503
6.1374269142
6.14784134107
6.17332007917
6.17923195934
6.18391121127
6.1965063562
6.22248115168
6.232399838
6.24310168887
6.27361113921
6.2769764403
6.3654002539
6.36702548534
6.38207796962
6.40253794247
6.40710066725
6.42746222724
6.44390865496
6.45020601224
6.45826008723
6.47229819925
6.47529662219
6.49768963009
6.51044189447
6.54930621174
6.56530876508
6.5826715141
6.58374175003
6.60221958733
6.63896371851
6.65583722453
6.66144291246
6.70756201675
6.7233964803
6.73112075889
6.75847514312
6.77991711148
6.80435935525
6.82816014866
6.86633836235
6.89119468727
6.89564473684
6.91947699679
6.92370831386
6.93473158761
6.96888607407
6.98984753775
7.02009145729
7.03478801123
7.08417013165
7.11171266414
7.14316283531
7.15926666531
7.19120606665
7.20381822023
7.22901988161
7.47586437801
7.51762535294
7.57218514087
7.61857749322
7.63151264718
7.69410568552
7.71033754306
7.72160541914
7.74426456171
7.77262366897
7.81460531922
7.82840268785
7.88707908391
7.91102126735
7.94522971558
7.99545896398
8.02419515864
8.11463183402
8.11769882228
8.14907665063
8.19875141827
8.25969919856
8.68485179823
8.74103111532
9.25570870136
22.1443713083
95
