6.00701276121
6.0226291457
6.03283995491
6.04010566962
6.05129189169
6.05967384677
6.06999574672
6.12469415913
6.13413647838
6.1353821423
6.16185134023
6.17291909681
6.18706748768
6.19079843985
6.26888532167
6.27906884681
6.29197170221
6.30840314275
6.31550182109
6.3263203646
6.46875677639
6.47853550987
6.51699411032
6.53172593
6.55551050271
6.6000654435
6.60778167843
6.61620487133
6.61760712308
6.62736917271
6.66029748934
6.67938819316
6.78464549474
6.82311038101
6.84869224683
6.86280708465
6.87300351122
6.92507685352
6.94094098861
6.9511367615
6.97191464135
7.00881290923
7.01487099955
7.07088109563
7.088460766
7.10037543592
7.16226599161
7.18092395967
7.21792770128
7.29406372796
7.3172033695
7.34637829174
7.35930909861
7.45126439667
7.46443950169
7.51903730323
7.91922685958
7.93384762221
7.9744848406
8.03664435612
8.07386614353
8.08294305305
8.08776809787
8.1595322785
8.19751851932
8.32849017815
8.56838561313
8.63200070955
8.80569817734
8.90044850869
9.07817402741
9.10439111168
9.15919353148
9.20568984576
9.25814289207
9.28440405978
9.35032638446
9.51044245163
9.53759234869
9.62896867793
9.69667942196
9.74147894914
9.8059222068
9.90241092801
9.95523334805
10.0165641911
10.1148957573
10.1215400016
10.2244202025
10.2851253285
10.322545807
10.3777194051
10.449519845
10.5829910305
10.7489450084
10.9379184666
11.0524202395
11.1055294837
11.1159413733
11.1392186627
11.2140117751
11.7363692382
11.9652187395
12.1998024181
12.3716927385
12.5052380026
12.6734753387
12.8248153523
12.939912867
13.0669263803
14.9062155242
111
