6.01987635655
6.05646786018
6.06469095313
6.08577971472
6.09487445764
6.09902665275
6.11299584777
6.11930760353
6.12634922715
6.12876382368
6.13449204085
6.13731928738
6.13928548187
6.14719212232
6.15525753249
6.16051617644
6.16577348056
6.17797975378
6.22849821111
6.23420747612
6.24097932498
6.24733576227
6.25477382374
6.26955990718
6.27518877299
6.28751263305
6.3285372352
6.35038236902
6.37521692301
6.38305459148
6.66518001431
6.68238786049
6.70220524953
6.71876321378
6.80319409714
6.82804360717
6.84633110978
6.84903848079
6.87329620066
6.91212231617
6.94431633038
6.98104223503
6.99640371178
7.01553793258
7.02064575754
7.04328571826
7.07081811406
7.09634652211
7.13845106281
7.16922325931
7.20785688934
7.235105691
7.27434463717
7.3280046372
7.35283810469
7.35560008981
7.40710151652
7.42363948893
7.49321569296
7.55654436859
7.55927674103
7.61949687659
7.66494164768
7.69588201511
7.85995206842
7.86793121616
7.92047365828
7.9441897226
8.0223844379
8.0610314094
8.07885554173
8.13016967719
8.18855576406
8.234147233
8.25888023841
8.34394069252
8.36463949532
8.44462536222
8.56883879933
8.59408801753
8.65312664377
8.67190737109
8.69415791449
8.75101254812
8.77504792215
8.80883663378
8.81541041189
8.95863821573
9.0093520963
9.0246476501
9.0658711284
9.10643276731
9.17046298771
9.21447603483
9.2282373986
9.25206935493
9.25648302542
9.32114863821
9.37325441021
9.39527855676
9.47164716289
9.51258457979
9.60529649371
9.62184904267
9.73568765937
9.82338469291
9.89774347873
9.99037041471
10.4932897526
10.5153543397
10.5431387196
10.6405513322
10.7872068156
10.9480063392
11.0370354764
11.3327135534
11.342960208
11.4773644277
11.5741996911
11.6841324251
11.7949027488
12.1769102412
12.274039489
21.2821621956
124
