6.01168749698
6.09198044058
6.09369189367
6.10618548061
6.11360592748
6.12068468644
6.12866362633
6.13112790703
6.13706119962
6.14267787027
6.14369272809
6.1448966078
6.15238996415
6.15324139367
6.16415231858
6.17565035489
6.17838821487
6.19761443474
6.21617804868
6.2323969605
6.23379404831
6.24241248632
6.25770966557
6.26318650952
6.26795580834
6.27207363163
6.27953251367
6.29554507533
6.30188215902
6.31128365449
6.32099764664
6.32340500706
6.34046744027
6.3513834615
6.37326609523
6.44270067221
6.45576858942
6.50225904228
6.57848378803
6.60982721932
6.67828951441
6.70068737459
6.71738671475
6.76275762652
6.77913774026
6.83031571719
6.85477950297
6.86659519014
6.869837541
6.93255442776
6.9684982583
6.98322500054
7.0048408883
7.03177615559
7.05730678444
7.12852433795
7.15399783771
7.18957351609
7.1977384575
7.23182180077
7.25360424749
7.25742056401
7.27345504896
7.29803988503
7.3162839146
7.3332069925
7.36356175697
7.39124335892
7.41043244294
7.44489184033
7.50417086363
7.57794876562
7.59602002975
7.63402925355
7.67102005765
7.69841760705
7.73152027368
7.74759574007
7.76801196234
7.78917204449
7.82769004084
7.86244860681
7.86733365841
8.00116049364
8.01793541932
8.05767642473
8.11394097774
8.14116089074
8.19424908435
8.39735021387
8.4350860561
8.50758029665
8.54125763327
8.56455993575
9.99026430202
10.0469937197
10.0920754046
10.1361415096
10.4818078807
10.5985818421
10.6861417205
10.941936238
10.9488337341
11.033592177
11.1729396089
11.2102347712
11.3455733679
11.4347047023
11.5620205225
11.7095049511
12.5580229958
12.7401576457
13.0030029404
13.1974719491
13.2786582859
13.4269466205
13.4588196715
13.6359919309
13.6959901939
13.9292482388
14.1946306126
17.0550897786
122
