6.01472956724
6.0157444402
6.01801837206
6.02899511322
6.03989123607
6.05874041356
6.06405298878
6.07386887576
6.08033730468
6.08615925936
6.09617714559
6.10432667457
6.11144912265
6.12371580215
6.13800654868
6.16566835669
6.17564915761
6.18186822527
6.20409732604
6.21750023688
6.22520034945
6.24344213245
6.27839680447
6.28575466688
6.29284849658
6.29902204626
6.32847592085
6.34420769121
6.35616828454
6.37555507009
6.38066187328
6.39536374342
6.39699475832
6.40143466012
6.41597475414
6.43282790131
6.45495531633
6.45973015694
6.50462769877
6.52191461893
6.55145312134
6.57316574996
6.58577590253
6.59706837362
6.61069170717
6.66518556671
6.67177872845
6.68335849515
6.70363667958
6.71486680515
6.72247855786
6.75567723091
6.77961764479
6.78877686398
6.81299397743
6.89435217795
6.92095597995
6.92597907955
6.94612665463
6.9668138121
6.97743927031
6.98995226693
7.01244052036
7.01605013656
7.03386480364
7.04847116287
7.10355607842
7.20715769077
7.22541036553
7.23312586335
7.23767390335
7.25454188427
7.27903501382
7.3159746327
7.40503716778
7.41077265992
7.4296360963
7.46725224139
7.49028236111
7.49499128558
7.52270374713
7.52519066296
7.53619470264
7.566048493
7.63537419688
7.65668664128
7.67099880459
7.78172074549
7.8172908164
7.82806813209
7.85843219794
7.87648535023
7.9326568189
7.99939700738
8.03491559418
8.06337783791
8.06949229179
8.22696627133
8.34308733778
8.36998900646
8.38681614407
8.44877455929
8.48770678152
8.5209274849
8.54018948506
8.58869271315
8.59444721041
8.68570667016
8.72957803646
8.79087700324
8.86852467447
8.94951728689
9.39909866083
9.43374474855
9.46580290742
9.51614790958
9.66456007249
9.72482698249
9.82700867753
9.90747181715
10.1257693146
10.1875909641
10.4757493933
10.5668012883
10.6585516618
10.761821492
10.8231293493
10.867015848
10.9061788899
11.0044038877
11.1749737811
11.2511958605
11.2931593819
11.379149525
11.4070735683
11.5147428068
11.6028401905
11.7208009021
11.8255188241
11.8813316338
11.8981219408
12.2012759424
12.2510925461
12.3526299643
12.4121792959
12.5225675728
12.6633959197
12.9732565094
12.9894213447
13.1308056473
14.005403591
14.041113971
14.3502994215
14.6328310827
154
