6.00793548831
6.03278457217
6.03930250671
6.04169824288
6.04762610748
6.05739149521
6.07034539206
6.07530300193
6.08351462134
6.08441540992
6.08883773599
6.0908991033
6.097216951
6.10852537488
6.10909893646
6.12334517562
6.16056252966
6.17081954342
6.17207290762
6.18585186181
6.19760344339
6.19892687458
6.28648883006
6.33962923242
6.35004117444
6.35502453617
6.35986312097
6.39007388752
6.40405814316
6.41975439106
6.42723457723
6.44299149853
6.46817132724
6.47923863314
6.53074869022
6.53839299101
6.58123471006
6.61726092461
6.62380996113
6.62582000521
6.67316859975
6.68326021092
6.7034960908
6.74124892088
6.77897067816
6.79163108462
6.8224909539
6.89569348989
6.92618992952
6.92875980005
6.94331777334
6.9555679308
6.98866834212
7.01939285453
7.24065590918
7.26391391543
7.26819407778
7.30664273761
7.34739581529
7.35857928966
7.37881397262
7.39522001087
7.43193549281
7.46293589133
7.51193209573
7.53511249413
7.55466512644
7.6134224596
7.6584387943
7.71718432577
7.84421578003
7.89527770216
9.44973653736
9.47624939887
9.51026260199
9.58591721849
9.68705934686
9.69282081419
9.73112947624
9.73568910382
9.78618488129
9.80044159129
9.82326425313
9.8757915848
9.91676428718
9.93537401783
9.96716463809
9.99078938583
10.0360461276
10.0887827416
10.1828726723
10.3715648842
10.4923636312
10.6019591548
10.6102371738
10.6345966015
10.6987791878
10.7518589209
11.1369792764
11.1784668362
11.2145527598
11.4051034855
11.4736681487
11.5503377802
11.6179343496
11.7661967937
11.8114880794
11.8715605905
11.9224607109
12.07748068
12.2388403892
12.3079060657
12.408300546
12.5314592219
12.6653590092
12.8647347869
13.0216380018
13.1822405246
13.3736208936
13.4846836748
14.0294066175
14.6081136268
122
