6.12695075706
6.13532807489
6.14268427223
6.14985932355
6.15256322048
6.16357300805
6.17632229449
6.18262998533
6.19067717418
6.19262750053
6.20690324889
6.26925052865
6.28257345144
6.29426977532
6.30389392498
6.32422183855
6.33984136888
6.37019324148
6.37104557304
6.39105884873
6.39486990317
6.40654544988
6.41132817932
6.42782748783
6.44518787598
6.46062803144
6.46720603969
6.47003644723
6.48834561759
6.49529476463
6.49735138469
6.51274114963
6.52188736239
6.55843094815
6.56541591077
6.58613645194
6.61368873382
6.61518421539
6.62667041252
6.65158695141
6.65445153373
6.68646605675
6.6937687861
6.73027662886
6.76220237431
6.78820410435
6.84936022837
6.85761358893
6.88294724022
6.90778171286
6.93503036419
7.00800456274
7.0399874781
7.04501209754
7.06966904168
7.14323447488
7.15824131683
7.16417467416
7.19129084653
7.23262347469
7.26336993399
7.29602550282
7.33674987996
7.35586752638
7.39798413112
7.42696354491
7.46350437375
7.53899145524
8.19255825075
8.21735312223
8.24370027718
8.38784839111
8.41128809466
8.44522088008
8.49448381082
8.64609171067
8.70218268351
8.79318936736
8.79858718288
8.86002537232
8.92911421161
9.01681417912
9.03666570762
9.07055273512
9.12214605354
9.15353020929
9.32462094075
9.40631141465
9.56037178852
9.64859252257
9.75677433949
9.82132732595
9.86660832595
9.9015865061
9.95325817247
10.0589873396
10.102399551
10.3064402092
10.4530011295
10.4607409284
10.5759135532
10.8931657832
10.9368767241
10.990177698
11.1408277698
11.1817478021
11.3769625851
11.4846571202
11.5502372431
11.6451063256
11.8016096432
11.8557630654
11.8707421574
11.9422520977
12.0918856084
12.1832827547
12.2431534696
12.3928080729
12.4667762481
12.6094009523
12.7245531507
12.8058663493
12.8176806082
13.0383649978
13.2931137617
13.3916590341
13.6089404431
13.8418578694
14.0337382308
15.2007926237
130
