6.00089852842
6.00600340103
6.01090224107
6.02156105542
6.03208464933
6.04263240865
6.04797100591
6.05114147261
6.05984178856
6.06528776351
6.08151838017
6.08834148017
6.09830866054
6.20739014479
6.22080176097
6.25455985203
6.27368125086
6.28768927936
6.29075011445
6.30938664355
6.33477986082
6.34842037537
6.3506365849
6.35268797462
6.36413655126
6.37196225794
6.3743293374
6.38265116181
6.39440296437
6.40300191184
6.52666338241
6.58245142333
6.59263179789
6.59874046414
6.61895410971
6.64757292439
6.65624900309
6.66995029729
6.70524337725
6.71843216392
6.74097620818
6.7426771794
6.75505677845
6.76334785684
6.82794013872
6.85094287204
6.87659945452
6.89783523058
6.90501344013
6.92906680279
6.97394084522
6.98463232149
7.02801993947
7.04931802919
7.05739732681
7.09315431173
7.11506846326
7.13192602735
7.29791753747
7.3327404025
7.37082904139
7.41677421585
7.42202520734
7.43844994633
7.44117775248
7.4818025107
7.51698350594
7.54439834329
7.55457324902
7.5922958896
7.59555341292
7.66454844823
7.77395572723
7.80438180166
7.82474136568
7.85718338586
7.92832582424
7.93712675917
7.95300558601
7.95671724267
8.02966745929
8.04288057296
8.08016850024
8.11487716065
8.15229294957
8.18561323265
8.25226001448
8.26577187975
8.31320465679
8.40004227872
8.4744842318
8.48871686655
8.49264414165
8.61485742721
8.69346075421
8.80976526287
8.86199216376
8.9054531748
8.93359020483
8.9887728185
9.01969947545
9.05555978807
9.06234206156
9.14966817559
9.19649860582
9.33668479934
9.4039705226
9.4621289994
9.73480483677
11.3230756068
11.4668298293
11.6291369773
11.914288569
12.2401989466
12.3686385795
12.4577101759
12.5407977046
12.5614451369
12.5902473209
12.7503824107
12.8469967762
12.8578471074
13.019342336
13.1182755483
13.2854213581
13.4943545219
13.7400090303
14.2425972564
14.3285047946
14.4518268421
14.5435860934
131
