6.00421938985
6.01357549609
6.01755927974
6.02436050441
6.04010259535
6.04625596785
6.0508230672
6.05489752503
6.05642024805
6.06829574368
6.07625958615
6.08506249903
6.09124743952
6.10462476798
6.11372810662
6.1264443578
6.18971056174
6.20105525984
6.20526837663
6.2121377105
6.22487845344
6.23653165606
6.29723065535
6.30482048813
6.32349446203
6.34436596703
6.3509663861
6.36553377136
6.37534801839
6.37746995918
6.37858494003
6.39925494285
6.41404017547
6.43587148596
6.44819577441
6.49158372114
6.50519067783
6.50932596171
6.52758420289
6.53196235242
6.54553361861
6.56144370317
6.56268739177
6.56370894015
6.57758089737
6.58397509231
6.60316834863
6.61776949887
6.62559453146
6.63128546492
6.71127026886
6.73854232421
6.8060509736
6.83326991513
6.84492586755
6.8694827915
6.87082759365
6.90504268507
6.92987550648
6.9393622333
6.96327735214
6.97795946212
7.0005779252
7.00929330114
7.02373404538
7.03607405309
7.04472361439
7.04637935937
7.06065593774
7.0892859889
7.13079078238
7.16345736748
7.18863635006
7.22837168332
7.25317327689
7.27113089728
7.31135591278
7.34000832679
7.37853374389
7.41364536308
7.44980763468
7.47803036522
7.49268630313
7.54262644178
7.59581121252
7.61313343833
7.63311399329
7.66653297248
7.76100189302
7.79117093734
7.842378302
7.86540042302
7.90072187993
8.18350061337
8.21049024576
8.2558122058
8.39230980556
8.40162424922
8.43620497536
8.48031006098
8.49448578612
8.51103462909
8.64075133508
8.6918737321
9.01459145299
9.05873110755
9.1701435073
9.19318638914
9.27402980915
9.29040862668
9.30803543915
9.39012414209
9.43247103767
9.46148774623
9.49398467353
9.52365095273
9.55060050835
9.59275045923
9.75945087783
9.78769434595
9.79577870926
9.96280422428
10.1631775868
10.7889852122
10.8907254593
10.9303480973
10.9511397228
10.9854562404
11.074775783
11.1692208937
11.3559442802
11.382679068
11.6006744531
11.6614328861
11.8158341085
11.8949843227
11.9513623993
12.1198414181
12.6488067886
12.7184477597
12.9094500496
13.4418533533
13.798768132
14.0592826041
14.1146717031
14.3892036528
14.6008754625
147
