6.00781864376
6.01450716208
6.03050327624
6.04851452387
6.05545066733
6.06241453569
6.06889574299
6.07027804571
6.10409527267
6.11133237875
6.12121970453
6.12271774906
6.13739348506
6.1931705248
6.19949032647
6.22416919136
6.22505564367
6.23632007795
6.25160183488
6.26625144856
6.30567225599
6.30668168364
6.32466633668
6.33232849703
6.35074502117
6.35281440507
6.35424981155
6.37916027139
6.41129595593
6.42259641219
6.42575341467
6.44180427449
6.44820132795
6.4635749656
6.48864202186
6.52351159404
6.54207250703
6.58669392756
6.60052650399
6.60788069111
6.61192765099
6.61529505286
6.6459349796
6.65222330349
6.67207614708
6.72569237069
6.7535950399
6.85916821127
6.86228319452
6.87341925797
6.88436169165
6.88619105885
6.89375734084
6.91065593604
7.01832237603
7.08071277993
7.116889416
7.12986895636
7.15640191265
7.15823101514
7.1784519184
7.19620105026
7.2375603562
7.24558954387
7.26207822586
7.26452346751
7.267959845
7.29590458583
7.30185940692
7.42295377121
7.44136590816
7.47921922765
7.68262131727
7.76245948053
7.79396837473
7.86261916351
7.91850790282
8.01070269701
8.04980060646
8.05602047432
8.09287030338
8.10235006077
8.14493932051
8.23485117294
8.25930030121
8.27645530527
8.29330191648
8.36285466035
8.40713825465
8.42666236949
8.44894755446
8.4759243441
8.56181549899
8.60869215078
8.65686300446
8.66881594912
8.84034104294
8.98262987838
9.06322148479
9.0701413522
9.08563884399
9.1808039931
9.35082219799
9.41161355905
9.6526230898
9.69467582306
9.8209234952
9.88724901386
9.92295736348
10.0229055534
10.11042685
11.5736526016
11.5950375548
11.783127696
12.0365622729
12.2431557192
12.761930522
12.8490140469
13.3359771009
13.8475451909
14.0396593783
14.1767576387
14.3962512491
14.5917496278
124
