6.00599623523
6.01051486359
6.02090057683
6.02618715572
6.02669568728
6.0353935502
6.04650266349
6.05003820227
6.06088696632
6.06512239895
6.07151843636
6.10880048235
6.11476602839
6.12034084227
6.12818157464
6.14069086679
6.14482907745
6.19213906424
6.19736189889
6.20704447305
6.20791286521
6.22134082215
6.23195447116
6.23417400347
6.26669947216
6.27178267622
6.2889472536
6.29304444073
6.30574270536
6.31715992407
6.34164092814
6.35292384781
6.35799611139
6.36917489551
6.37221063625
6.37338183719
6.37675250324
6.38405899905
6.42616021722
6.45804336294
6.46524182103
6.46665334545
6.49543301343
6.49760728109
6.52846058275
6.56822371332
6.58191798869
6.61140964143
6.61755000274
6.64295732737
6.64978606918
6.66491910766
6.67525100156
6.68713486555
6.70950524362
6.78763810347
6.80452839005
6.82270733891
6.82737641521
6.83609779685
6.86710678921
6.88986126097
6.91080001754
6.94697965475
6.96630995167
6.98026573166
7.01230785486
7.04136958768
7.06030372439
7.10056206318
7.10311032717
7.12467279116
7.14542751887
7.15384361764
7.17640047594
7.19238088129
7.19442180812
7.20721620895
7.28279576899
7.28572554468
7.31541024999
7.32003069515
7.34672180229
7.3795788832
7.38227549524
7.60357231418
7.62320122687
7.65190447072
7.71981412247
7.77264158016
7.820666398
7.85073954214
7.85413244387
7.91535266107
8.32937928504
8.4060874305
8.41703711049
8.67926742515
8.70175138875
8.7121500339
8.76033140559
8.77223084945
8.83137330939
8.881953335
8.9328972584
8.97831933273
9.01641709724
9.0586458243
9.06638442041
9.27605017482
9.39255968709
9.48381290988
9.51593563076
9.56283963142
9.6674343483
9.74582241257
9.76287293894
9.79805019921
9.88249449585
9.93719110013
9.94758654394
10.0099550524
10.1014672077
10.1792963202
10.350931187
10.434939459
10.5443963202
10.5867710786
10.6064204783
10.6733239171
10.7294792228
10.8578951631
10.9172748346
10.9329813084
11.1034502115
11.165112654
11.5718095793
11.700180492
11.8678133273
12.0068773328
12.1115734562
12.2796105739
12.3891942164
12.5266452428
12.658826119
12.7731628007
13.3972461297
13.5418682946
14.0430298337
14.151068409
14.2869247494
14.504088039
152
