6.00323339518
6.00706739618
6.01276360166
6.02127896288
6.03161126557
6.03553660472
6.06960084551
6.37505803022
6.38596512667
6.39410608779
6.40197485126
6.41039144667
6.42063190509
6.43675272284
6.45241992929
6.46020962897
6.51421333511
6.51560841736
6.54312827908
6.55570998323
6.56475796677
6.59261576042
6.60331142675
6.61504668146
6.629862186
6.6378362657
6.64309153768
6.65119944264
6.67732498387
6.68487106955
6.68703888498
6.68962941783
6.70549358577
6.73577792956
6.91192098169
6.94633976515
6.965929895
6.97963965682
7.01223406886
7.02979612444
7.03247339159
7.07468436102
7.15177921629
7.16513637105
7.18480478814
7.18847407449
7.20570922067
7.6550932771
7.66677616608
7.68445674494
7.7231372799
7.75509505372
7.78563462072
7.81018758273
7.82553547591
7.83665417265
7.85371656067
7.88646139985
7.91471079216
7.92433996427
7.95839914345
8.00301117436
8.07217969165
8.10558850304
8.13869340233
8.1587204314
8.19678341215
8.23712525259
8.31762205185
8.33362698329
8.36353703781
8.46872632702
8.86710721934
8.93454973918
9.02431470742
9.02956500628
9.10398371027
9.34353100416
9.48777475464
9.72696493627
12.1063250849
12.2739192853
12.4514540112
12.522729724
12.6509292934
12.8972126776
12.9807275813
27.120209852
88
