6.00383884127
6.00498078755
6.01214251862
6.05615885353
6.06608966626
6.11644332258
6.11927389285
6.13393296507
6.16017804829
6.16997273269
6.17313670519
6.1828690116
6.19948068467
6.31406657308
6.32096307826
6.3216430348
6.35300018949
6.39076250163
6.40206112721
6.43070500251
6.4419096539
6.45668299178
6.47018662023
6.47975707508
6.48680313426
6.48905559725
6.49762473952
6.50807175287
6.51786396096
6.53780686308
6.54637803863
6.56346168018
6.56889368086
6.60878424593
6.65254233916
6.66110026885
6.67095185532
6.70506634536
6.71801741078
6.73271404958
6.75533574912
6.81183328459
6.83088608763
6.83267821779
6.8625871468
6.8793896669
6.89059083779
6.90435807885
6.92144305586
6.95653582728
6.98109820288
7.00831557144
7.01093871163
7.02400072507
7.05416017551
7.06077184925
7.06984703064
7.08653861892
7.10653452051
7.12186698119
7.41218050838
7.44845171963
7.4618591184
7.50452045858
7.50702458504
7.55963988829
7.57671993744
7.58244668239
7.61215666839
7.64859857406
7.6951479805
7.71019222257
7.75320309796
7.77109260335
7.87567243717
7.93915588331
7.95973922673
8.17087407857
8.215958236
8.24047386183
8.29773601791
8.30091071147
8.37241686911
8.41843215811
8.43114192752
8.46831906656
8.48426643394
8.49609815163
8.56638975168
8.59609304386
8.63869076744
8.67709904122
8.77172312068
8.79129190616
8.82722793725
8.84007645629
8.85465201673
8.91796481969
8.95674062767
9.05353783891
9.06224495953
9.11934423755
9.14441001136
9.21074448874
9.23998232606
9.35772418944
9.45264585905
9.53978837634
9.61449387238
9.67894208771
9.73454478939
9.90180896462
9.98979871882
10.1307567801
10.1623262549
10.1808326934
10.3583077879
10.4454806109
10.5158007158
11.2505747259
11.3057689488
11.4466371898
11.5610647965
11.6214635704
11.6990152957
11.7727731903
11.9611866939
12.0833005274
12.1942827391
12.484087267
12.5508517371
12.6761535157
12.7642523277
12.8771335723
13.3034335415
13.3620463343
13.4174482723
14.2261910891
14.5785194682
139
