6.01032654329
6.02325562548
6.02781885589
6.03044117469
6.03447878252
6.04650494683
6.0578479551
6.06095438157
6.06523563864
6.07039051375
6.07816299593
6.08272561635
6.09770922683
6.12945365735
6.20475585888
6.20545884234
6.21748142685
6.23365985817
6.23647653586
6.23937160336
6.25019805326
6.25642081589
6.27800960936
6.30284176418
6.31931423754
6.33086844284
6.33467135958
6.34943601097
6.35088981183
6.37075593332
6.37183369331
6.37810307916
6.39982072957
6.4154232509
6.42097666044
6.42357017745
6.44855622072
6.45907465057
6.46368955799
6.47248829897
6.48126838888
6.49744816709
6.4989187357
6.81765391008
6.87157753175
6.8890989774
6.89364764552
6.9462146633
6.94840256316
6.9562884904
6.96016849274
6.9812519762
7.00488374558
7.02677948062
7.03494364344
7.08823508954
7.1025402616
7.13456741134
7.15293192853
7.17714525217
7.22021730406
7.23347421554
7.2674791749
7.27274157299
7.31766285857
7.33668737694
7.38343693332
7.40055590973
7.41332832304
7.45661541735
7.48036395508
7.48662116119
7.52813392436
7.55342562245
7.59175961533
7.62387993348
7.64946476136
7.86264977149
7.86636061609
7.88819194956
7.91105189671
7.91839926252
7.95377925622
7.95835515292
7.97254431761
8.04130106793
8.25747498197
8.26132197769
8.27316963038
8.31747398746
8.38768136499
8.4647685484
8.50338008814
8.58694351861
8.63468534451
8.67051953256
8.73083768279
8.9805140299
9.01377277898
9.06850522983
9.13728638256
9.17872395454
9.28829118994
9.29579556624
9.32234192794
9.32814991884
9.4070101515
9.42932106889
9.46377176686
9.54157794794
9.55036857333
9.69362260059
9.72618327647
9.80733439134
10.1026931009
11.0019314446
11.1702567228
11.258633565
11.4086173936
11.4394863671
11.6431631907
11.7905877023
11.8982690659
11.9436951532
12.1733454696
12.3272225726
12.4087020254
12.6229128846
12.7479369472
12.8839184893
13.0284506789
13.2505327566
13.3154650831
13.8585348689
13.8758668124
14.231738462
14.2660384475
14.5887406813
138
