6.01918431514
6.02539657034
6.03103476546
6.03445158756
6.03874395677
6.04707654158
6.06575157297
6.0714198446
6.07900506594
6.08663575501
6.12924808445
6.13396056952
6.14109070122
6.15049222297
6.15449830346
6.17399072755
6.17816761256
6.17911247824
6.19399970874
6.19650363059
6.20042779094
6.20191549163
6.22209557432
6.23191927325
6.23942386123
6.26141936516
6.27069223833
6.27464534364
6.36439405158
6.57212808226
6.63566212413
6.6592205175
6.67267246693
6.69833259303
6.70758397743
6.7201829952
6.7217476041
6.73609301263
6.77917438251
6.83475834884
6.85285762315
6.87510751407
6.87734506095
6.93810584309
6.95065512429
6.98533338785
7.01399071092
7.02637929596
7.06181911057
7.077706105
7.08704119209
7.11502871781
7.11992863993
7.14453445571
7.15830423825
7.18104490521
7.26361720368
7.28385282474
7.32348907074
7.37404271364
7.40275895205
7.43575852014
7.47384584737
7.51277142408
7.54184645996
7.57684552274
7.58098262505
7.65860668904
7.70259332421
7.71198163273
7.76648284132
7.84595036722
7.8849077247
7.94480449188
7.95152979289
8.22008221628
8.23406339784
8.28139744787
8.32692745951
8.3609888647
8.40440342466
8.42181013518
8.47503180826
8.51795597118
8.54111318304
8.60951036401
8.66802444588
11.5681909774
11.6196998034
11.7988876002
11.8590176815
11.9522776116
11.9613938865
12.0343191242
12.14625277
12.1587809877
12.3021262732
12.3749173884
12.6231826455
12.7148624612
13.0357495001
13.2249100978
13.4719591259
13.9026534513
14.0913775854
14.258486817
14.4197896778
14.5313634196
108
