6.00094655715
6.00142432185
6.01090115855
6.03508647257
6.04651132542
6.07732166969
6.08388854969
6.17607828778
6.18976122377
6.25025977547
6.26270633919
6.2872589267
6.29446228679
6.30063559035
6.30837653995
6.31832726599
6.3301803083
6.33174200386
6.35446964108
6.37746547451
6.38340425514
6.41171863337
6.42000529593
6.43073575319
6.54221837726
6.55302440252
6.57361053516
6.60882046842
6.62342590833
6.66538596388
6.68826183457
6.70859034666
6.72098427715
6.72239807053
6.74203004197
6.75425068057
6.77043499448
6.77301293334
6.84038077638
6.86463883318
6.88038205279
6.90809805844
6.93512985901
6.96484881089
6.99719630744
7.03644608469
7.05461800792
7.06741045007
7.10264545246
7.13180587303
7.13462832422
7.14768354436
7.15822094864
7.1751759624
7.20034137326
7.28237548554
7.55545624259
7.57861744934
7.61566629438
7.66195193609
7.71242380776
7.76700635336
7.77292863829
7.79303779226
7.83396960408
7.86135525837
7.90436189859
7.99460695673
8.02125597185
8.04833391283
8.11624891736
8.52202757307
8.55424555848
8.78520846861
8.82426357436
8.85847920093
8.89151681003
8.94648763085
8.95134821779
8.98876104993
9.06692392825
11.9399952214
12.0922312488
12.1083411818
12.1864025867
12.3387000841
12.4322356904
12.4586916334
12.5812010579
12.6747389925
12.8461034484
13.0978360281
13.5454988828
13.6243407055
14.3437470691
14.4880204781
14.8320062228
97
