6.0027679584
6.00804914489
6.00870006136
6.01280912249
6.01701119966
6.02149287176
6.02742346131
6.03594753389
6.05049926109
6.05758161644
6.06430919377
6.07219396467
6.08432331582
6.08987639224
6.10309348017
6.11758420894
6.12785981392
6.25391197222
6.2659574135
6.26806706024
6.26950124318
6.27644099086
6.28894118652
6.29787548599
6.30958146616
6.32136979057
6.35087031273
6.35207772474
6.36069189422
6.36560334187
6.38932599125
6.40034184067
6.40752645089
6.42565877295
6.43490540347
6.44474184442
6.45776003957
6.48250247814
6.50251868555
6.50376165133
6.52088977409
6.53213748254
6.53409872847
6.54436628033
6.58695028551
6.59465690527
6.63300587024
6.64580969837
6.68539570075
6.71216692005
6.72365276792
6.74310254624
6.77823200588
6.80064270525
6.81945446342
6.85957137758
6.86414759872
6.90105386599
6.93919415085
6.95505537559
6.97527897131
6.9995726662
7.01108997073
7.14241125356
7.1748158384
7.19323633561
7.20995411917
7.21202633813
7.23874122983
7.2916418951
7.36100218332
7.41628589825
7.45088787387
7.46838661699
7.49309890245
7.50129976737
7.50588256555
7.64395368706
7.65812294953
7.69149104083
7.72014501359
7.86134512751
8.19499503352
8.21550510713
8.36060825974
8.43330153479
8.47507176576
8.53317811361
8.6089763219
8.81300713913
8.85770461324
8.91473407645
8.97374791202
9.04491458014
9.22639265725
9.31744529571
9.38340755788
9.68183779817
9.75695711135
9.78151241763
9.84172821336
9.9526182934
10.1719171077
10.2739205799
10.353520389
10.4627296862
10.5216749725
10.6585016528
10.7597938927
10.8066072955
10.8735471405
10.9307469966
11.0774875278
11.0991136425
11.1745532748
11.3770936786
11.713769585
11.7549710127
11.8112421744
11.8789922434
11.9670233901
12.0104316519
12.0699913553
12.1260333699
12.4617637401
12.5927633863
12.7735964672
12.894976504
12.9978713601
13.1231308212
13.2289642346
13.3038412291
13.5430099523
13.6761286159
14.1955519344
14.4128090676
14.5655751092
137
