6.00237542881
6.01728651711
6.02251134355
6.02791964161
6.03608345876
6.04700874204
6.05090948003
6.05756979214
6.06375287521
6.06462733638
6.08024761023
6.08808370308
6.08986871026
6.10724785909
6.11416609236
6.11497720144
6.12048216713
6.13246277841
6.13774628631
6.14006552358
6.1470596627
6.16146318621
6.16687741993
6.18082706932
6.18439431142
6.20076812566
6.20286815501
6.21420779938
6.24740923394
6.25402084053
6.28159699731
6.31387211152
6.33205260997
6.33541046321
6.34555326133
6.35627014713
6.36572257424
6.3858141036
6.40267840812
6.41599354524
6.42949518688
6.44131313142
6.46242774926
6.47662070642
6.52056035466
6.53720939563
6.54436808562
6.56755421403
6.59367735809
6.6015817214
6.76670802348
6.77287872249
6.90214107104
6.91766201524
6.93024141248
6.94378076224
6.96607637321
6.9960948964
7.0808056689
7.12690546133
7.14039090332
7.17653824571
7.20840270792
7.49619528914
7.57114116054
7.65240096436
7.69952025985
7.70190372499
7.74311853635
7.78012277395
7.78777621494
7.8401352952
8.08267570168
8.1138703924
8.4450798696
8.72010666276
8.7978558727
8.83336108073
8.87117755449
8.89117215531
8.96868835836
9.0501362783
9.09003231176
9.19221830105
9.2051484253
9.26468056007
9.29422390134
9.34290315783
9.38721822109
9.51793245237
9.5586004025
9.68964065843
9.80402076644
9.84926701806
10.3049357439
10.416899711
10.4461033609
10.4686894982
10.5315453034
10.6548899224
10.7614439135
10.792009604
10.9240643271
10.9302371895
11.0597837863
11.1113966164
12.8221509755
13.1399810545
13.2192891062
13.4536085704
13.6811301543
13.7924583712
14.1373273147
14.225458245
14.3483825777
14.8713742988
116
