6.00149269263
6.01029554947
6.01564760013
6.01892346602
6.01966709835
6.02559546182
6.03181256212
6.03908246319
6.04963883844
6.07415707186
6.078065236
6.0899170164
6.10463240869
6.12115332613
6.13066241732
6.1388126467
6.14457969878
6.14956076019
6.155695275
6.16479061937
6.17124522443
6.17192788065
6.18560465214
6.23446524695
6.27577181842
6.28443096619
6.29710044258
6.30629956519
6.30716643537
6.33096602176
6.33890538488
6.34518794971
6.35500385799
6.36480154081
6.37967756354
6.39437021799
6.41505254812
6.42679940334
6.43302809913
6.44762695323
6.61035493962
6.63351145035
6.65145536818
6.66399083938
6.67328523759
6.68174004923
6.70542555156
6.74601844604
6.75713579604
6.9169906947
6.92124770774
6.94099345199
6.9974065499
7.01903242727
7.0442363826
7.06745346953
7.10756608008
7.10985439028
7.12068101306
7.13054485364
7.13772846999
7.18419079152
7.21361088327
7.24873249745
7.26766712671
7.2980832844
7.33180661197
7.44484514833
7.50356392946
7.67841260633
7.72788822525
7.76603680958
7.76865061319
7.82676849005
7.84880943751
7.91003355226
7.95677682847
7.99417481745
8.01554614208
8.0180364773
8.04424585418
8.07703844834
8.12904140365
8.15995357076
8.31958031765
8.38540621821
8.38996659517
8.41624652663
8.44213252812
8.48311041144
8.4965080584
8.57761093641
8.58279883458
8.67531838067
8.75334119459
8.82899552447
8.85812272624
8.88221259171
8.88898959396
8.954061504
9.04360801832
9.12171691923
9.1513199967
9.19803400263
9.24033681808
9.33092571698
9.4110388611
9.48937164592
9.57327864925
9.59494468911
9.69067389732
9.72752181307
9.90076073942
10.0606200481
10.1629137084
10.2769957721
10.3753006406
10.3915863855
10.4489119944
10.4974865882
10.5906965948
10.6940752421
10.8588825291
10.9333332583
11.1587680336
11.2125708623
11.4174322103
11.534444708
11.7733511138
11.9419864595
12.0585541182
12.2642375031
12.3157853631
12.4139755388
12.5412390627
12.6097160625
13.0979186005
13.176042414
13.5825054738
13.6128345041
14.0902105753
14.3229600866
14.8379460482
143
