6.0109774181
6.0166873637
6.02359089662
6.08288474124
6.09274859375
6.10587039027
6.10714730209
6.14095290691
6.14549334891
6.15020907862
6.16012343318
6.17040911477
6.26643286616
6.26770912983
6.2685654836
6.28363765277
6.36059172184
6.3685858981
6.37801889279
6.39766485216
6.40167181155
6.41343227156
6.42491743769
6.44443928494
6.45027281171
6.5432998655
6.56097688686
6.58083741582
7.20762054313
7.2303480509
7.28847741393
7.32114691795
7.36606484216
7.40202091884
7.44064664989
7.475710558
7.49255445633
7.55010486628
7.57655888864
7.62137072095
7.63823515307
7.93389117667
8.00986068698
8.03607866402
8.04887662337
8.12977947869
8.26621323665
8.33444625063
8.4521470648
8.49267282321
8.50892228277
8.56961754572
8.75059385186
8.8690959875
8.99919331075
9.00549918623
9.03472601042
9.16102031738
9.21203590579
9.29745175204
9.30642774501
9.37526068129
9.43538714295
9.45506143896
9.54849059395
9.61249844031
10.0789300394
10.153310369
10.2135124621
10.2494790867
10.4213312862
10.6103838856
10.712881915
10.7904276429
10.9278290404
11.1240750213
11.1826645317
11.3979998668
11.4623997687
11.4900704805
11.5721905085
11.6354472569
11.674602597
11.9672301396
13.4613686799
13.6177683479
13.8788407686
14.0701949744
14.3641589544
14.4528681453
14.7606373617
91
