6.00918403188
6.01325339176
6.02070093508
6.03077239518
6.03697216906
6.04597933941
6.08760798638
6.10319356183
6.10614265581
6.11006672814
6.1163849337
6.12273066795
6.13802183104
6.18606721903
6.18953793381
6.20501444267
6.20951973961
6.21627622424
6.26084810243
6.26999329511
6.2746751704
6.28036721995
6.33090479894
6.33882063482
6.36016448052
6.37345002373
6.40115184371
6.41774790704
6.4256147304
6.44579002738
6.44771486084
6.45806435458
6.46417096342
6.47647347597
6.4795147799
6.48505827473
6.49462088569
6.50354062775
6.54302839406
6.56905907356
6.59901861217
6.60843418595
6.61187520598
6.61959812589
6.63141326649
6.63830193098
6.65411762453
6.66467502416
6.69185800153
6.71190822342
6.72116277229
6.72845485707
6.72999010327
6.79180976171
6.80647553255
6.81726578767
6.83362654719
6.84565155361
6.94424716301
6.9893586684
7.02624711986
7.13127233683
7.14178700034
7.20790286656
7.23214216533
7.26145209903
7.37762090341
7.41947572431
7.47435780394
7.53501382541
7.58333105225
7.59640357683
7.62474802801
7.64536456802
7.6699576506
7.73443443447
7.76801488514
7.78274633211
7.85724321565
8.02022126509
8.18156169827
8.19440385416
8.2496439214
8.30889246564
8.34351011974
8.37801813711
8.75143270247
8.75677544836
8.81654781256
8.82893666734
8.85290555096
8.91089771705
9.01397078706
9.06197078626
9.09645950637
10.3769617867
10.5438012687
10.8124550319
10.8669743622
11.0504065197
11.0603444538
11.0878991188
11.7226908124
11.9421979355
12.0560738436
12.2332448744
12.2904542348
12.3926222035
12.5912977138
12.8456668589
13.0916603032
13.1127629156
13.3048705826
13.356045735
13.7521600843
14.1958949403
14.3416757365
14.6761675489
118
