6.00906006339
6.01425122816
6.02619481146
6.03569723777
6.04624883765
6.04749906239
6.08153289439
6.08275029558
6.10090388459
6.11192078566
6.16009807021
6.1842587543
6.19690573113
6.19988280041
6.20253928133
6.868762108
6.90702872626
6.93656178771
6.94771712947
6.96425652169
6.97409491835
6.97561116475
6.98335778518
6.99030951236
7.0066629431
7.02326865258
7.03900124401
7.04739234369
7.08944706544
7.09726098535
7.09919391864
7.11037592617
7.19237337829
7.25401570793
7.28475616343
7.30371971621
7.3294525824
7.33756830736
7.35961886133
7.37643765079
7.42841570158
7.45642515256
7.47309223968
7.50615338925
7.60361228424
7.63141402564
7.68981023314
7.77348760983
7.77683368081
7.82415557615
7.82766785955
7.85956994971
7.87542833082
7.88512787704
8.0282265187
8.05565845877
8.19815964713
8.23505938521
8.26556319037
9.0731354104
9.5915672682
9.66494205775
9.69474651881
9.79306037547
9.84496066819
9.96236880669
10.0512546429
10.10235648
10.1506152721
10.1811420427
10.3084734978
10.4339742613
10.5568840507
10.5836669613
10.6663014073
10.7158581304
10.8574279279
10.9164067054
11.1046130343
11.1767782797
11.239187859
11.3037624561
11.3802576774
11.5181686262
11.5631211929
11.6267812568
11.8470759019
11.9927742313
12.8699744905
12.9268979071
13.4037166286
13.5041074219
13.5320891303
14.1063509091
15.573980785
95
