6.00051511927
6.00592415833
6.01180379244
6.01631056847
6.07524926272
6.08063166439
6.08172678762
6.08767502897
6.1056317389
6.10681534582
6.10750503097
6.12686933416
6.13284928557
6.13551299769
6.13644233233
6.14755279597
6.15358971174
6.15907221793
6.15985031917
6.16550281821
6.17179265853
6.17902579046
6.18321040087
6.22456281931
6.23750958215
6.24114661712
6.25675843157
6.26415678846
6.27018561026
6.27578672068
6.30232668114
6.31272891511
6.32652964447
6.33362496961
6.34456208719
6.36055501289
6.36991644559
6.40146209275
6.40736783076
6.41898495185
6.42260496723
6.43401603227
6.46308063611
6.47522004381
6.4944058556
6.51614426034
6.52814011889
6.6045071102
6.63765676517
6.6538331796
6.84490632312
6.86840300335
6.88026665026
6.88156433162
6.91161290346
6.9338606557
6.95268785276
6.97167410364
7.05884608077
7.13637860918
7.14709042377
7.17264720781
7.36103864137
7.39567241481
7.43296824062
7.44571888753
7.47759624368
7.52624951267
7.56282054939
7.58745759547
7.63186327797
7.65486597839
7.74532688518
7.76953933625
7.79952340347
7.83812871215
7.87518120309
7.8888576229
7.89884984189
7.93326435493
7.96700967746
7.99839962813
8.0190789963
8.06695647273
8.08149137731
8.09391471303
9.3173827221
9.39790112121
9.42196305757
9.46395454385
9.60424189907
9.72110008364
10.1257939453
10.1614702196
10.1762456337
10.2698393607
10.4428948445
10.4886047717
10.5200220477
10.6033351938
10.6650017405
10.6720394978
10.7290820132
10.887808146
10.9005505316
10.9417043828
11.0630911523
11.1964853966
11.2436248643
11.2918268478
11.4025529001
11.5049798108
11.6002492767
11.6258014289
11.7240078968
11.7757541975
11.8249889849
11.8531943056
11.9733180549
12.0695426372
12.2181741764
12.2625649104
12.6250229189
12.6670359136
12.7554195614
14.1039664168
14.1561672665
14.1740443852
14.2387907715
14.4836193712
14.5551961874
131
