6.00308732639
6.00644627154
6.00855673782
6.01367111656
6.01829557704
6.02542174257
6.06934052992
6.07704113351
6.09028923023
6.14040480126
6.14642226283
6.15678000039
6.16474416407
6.16744808715
6.17153653129
6.17449918319
6.1819053279
6.64074900777
6.64947860482
6.6823764613
6.75721657746
6.76140276769
6.7652451151
6.78559630967
6.80117789356
6.86003775656
6.88202470912
6.89508009776
6.93587582176
6.94293354915
6.97866442442
6.9866196568
7.01402315746
7.01669285821
7.02725434824
7.03277920403
7.03972853023
7.05986630278
7.08281394592
7.08433233289
7.11031095418
7.14355455383
7.14879613485
7.16753324066
7.23588488236
7.26382658572
7.34513305007
7.3518680254
7.48406222077
7.56356976949
7.57956294454
7.64089272446
7.69353511324
7.74218127215
7.76785986945
7.8669210497
7.86976952849
7.95597187205
7.98660299272
8.07666989884
8.11552876629
8.15019438386
8.20597276054
8.30507337761
8.30890890389
8.41270512171
8.45532461028
8.48430575346
8.48830639562
8.5624709959
8.62880224347
8.66626485091
8.72685014719
8.78709400741
8.90499936334
9.11529241549
9.27987154524
9.30783223573
9.46010175113
9.501526004
9.58272047154
10.0271359794
10.1129437344
10.2943390712
10.9251493999
11.6302391779
11.8006284728
11.9178996446
11.9265943039
12.1172218382
12.2582723928
12.4098549338
12.6264888011
14.0997095393
14.4738725586
14.7488755354
96
