6.00255831656
6.00582720642
6.00875167382
6.00932777261
6.03114045302
6.03544813647
6.04726364543
6.04990085462
6.17089719172
6.17182661334
6.17663826906
6.19049985512
6.19652001693
6.20305598582
6.20814846871
6.22032442955
6.22896105384
6.24003367375
6.24614411093
6.26149876208
6.31772925448
6.33063397035
6.33153198775
6.4150665229
6.43288283122
6.45729764544
6.47035975365
6.51893291369
6.54066181354
6.54674747403
6.56487874521
6.58202795063
6.62135353446
6.62592492841
6.63348897484
6.64899840248
6.83793346814
6.85857741207
6.87167987279
6.87744379127
6.88398946485
6.93199028402
6.94106250732
6.94398112257
6.99280406786
7.03115615356
8.7209736912
8.73699458474
8.78427887672
8.85136440334
8.88191096797
8.9266840174
8.97044013225
9.01349007927
9.04118740682
9.09796739484
9.23763333555
9.35954737457
9.38531092462
9.42232067642
9.47809840184
9.48558069514
9.57861902073
9.6871838229
9.84042636949
9.8721399018
10.01829569
10.7523002901
10.8870764158
11.1627748247
11.2974700459
11.5420167869
11.6283925848
11.683045503
11.6967761679
11.8369036114
11.9127769586
11.969473502
11.9882068194
12.0513130883
12.1486542054
12.3550436716
12.385190166
12.4123912445
12.5458537664
12.7226689914
12.8240234438
12.90768414
13.0331024441
13.0881955938
13.4479977363
13.5866829638
13.810046535
14.009289645
14.407617751
14.8087603588
96
