6.01891141945
6.02611981925
6.03208047519
6.0366285629
6.04805417234
6.05553465092
6.06263149636
6.07229007117
6.0771337309
6.08516443856
6.09587869714
6.1058557995
6.11069615381
6.12289638277
6.25344820981
6.26913169674
6.26996608457
6.29233248068
6.30017389347
6.3019717353
6.31298591912
6.32626895772
6.33483775091
6.35975534194
6.36757713912
6.3769274467
6.38840355639
6.39887636861
6.4052096428
6.43204786196
6.45564519677
6.46586438557
6.48350150686
6.50067667603
6.53406481078
6.53541120591
6.54430805105
6.55178545852
6.56724474275
6.59131185549
6.63323046214
6.65706904928
6.66767209851
6.71103933238
6.73004225022
6.7846052683
6.80653217126
6.81934763876
6.8265272112
6.84758973149
6.8565531662
6.87492540781
6.89113697188
6.90334426026
6.9118786596
6.94329514735
6.96939743087
6.97312802033
7.02372228499
7.03211223326
7.04785918929
7.08121033735
7.09561164059
7.10845245859
7.14397057408
7.14943033281
7.19430617867
7.20122674965
7.21766331694
7.24513525068
7.26720973753
7.33273562538
7.50069590094
7.53195398261
7.55481462532
7.62459560793
7.6741135516
7.74127774921
7.84708706127
7.87188321992
7.89098108643
8.33964552629
8.42013919903
8.44456881985
8.47709099236
8.5146218397
8.62693445596
8.7219070308
10.43623152
10.4968661328
10.6604746614
10.7540057927
10.8144298046
10.8484267834
10.922979826
11.0035267479
11.1985931778
11.3087197743
11.5007656619
11.6312334222
11.6805505939
12.1144169235
12.1405054152
12.3910842137
12.4930783123
12.6989663145
12.8553553928
12.9318919387
12.952216118
13.1858939424
13.4008192046
13.8400242438
14.3885619915
14.7609450505
114
