6.00520401293
6.01129974329
6.01234391989
6.02784078005
6.03395998457
6.03897121265
6.04348880382
6.05180663284
6.05404495615
6.06296868987
6.06389223697
6.06474971801
6.0706187731
6.0731475534
6.08018283288
6.09033857874
6.09345754637
6.10345202492
6.10528240818
6.11120530698
6.12489717874
6.13517320102
6.14380148833
6.14463233207
6.15142504178
6.15846390889
6.60728059396
6.61203570569
6.62593571225
6.64311578862
6.64434596155
6.67467046058
6.68574047586
6.68837921393
6.71091589121
6.71884241864
6.7279854055
6.75354999492
6.75963456203
6.77464935701
6.77780624233
6.82312090045
6.83206218434
6.89111076968
6.93276993384
6.96072362075
6.96622108812
6.97537249806
7.01998515911
7.04105035374
7.06251252768
7.08721988433
7.09103399043
7.10681865448
7.16905024408
7.1862070777
7.21306042968
7.24124224154
7.29177166099
7.34317883029
7.36798439976
7.40385053619
7.51242131309
7.65068263492
7.66675237338
7.67648821813
7.68754770064
7.74435732016
7.76440019116
7.79081094377
7.82880700087
7.85664592961
7.87626177814
7.90865532089
7.93688212346
8.00643027848
8.11008347866
8.14535609872
8.62568186578
8.65651067541
8.67725106605
9.97183634489
10.0393926981
10.0758525187
10.0922652816
10.4350385032
10.4471557389
10.6321855578
10.7151785925
10.8697421474
10.9758608594
11.1281111556
11.2182266531
11.3059544996
11.4116052871
11.6257264299
11.7947321948
11.8291387095
12.3496848109
12.7588213755
12.9004380556
12.9883670613
13.129737607
13.2284579211
13.3886745377
13.4267128609
13.4568458568
13.8483646352
14.0668916764
14.789508962
110
