6.00938009879
6.0209101049
6.02519486339
6.1707037325
6.17340652538
6.17541824258
6.18054031473
6.18442294861
6.19506705334
6.19788171255
6.20119579877
6.22027229097
6.22395166832
6.23346452715
6.24466984643
6.26318233502
6.26555949712
6.26809533828
6.89170072759
6.92752197587
6.95198014443
6.96981009167
6.976239292
6.98748541065
7.0268933684
7.03651850159
7.10477115846
7.46132714301
7.58462153995
7.70175510236
7.74355621527
7.83169829237
7.92072566002
8.01494974352
8.08426051348
8.13022941579
8.18237643019
8.21372878799
9.19011394027
9.45570993934
9.5926590945
9.64198162461
9.67192882398
9.72906433584
9.73603592986
9.82065160964
9.93080515578
10.0142964597
10.0932002143
10.1146459298
11.039590164
11.2002533496
11.2709422539
11.3449710296
11.4352808846
11.510525955
11.6823090081
11.7648892339
11.9173308312
12.1785962688
13.3104556648
13.500417353
13.8045543982
13.9271498188
14.1945663901
15.6520435383
66
