6.01140025428
6.22451914216
6.2554215243
6.34258384239
6.35769527034
6.36467101617
6.36831004252
6.37746050101
6.38804690714
6.39864647796
6.43839460109
6.45834119953
6.47918236147
6.50027257101
6.52240876092
6.53091553795
6.54857045669
6.55551970051
6.61512195247
6.64436452696
6.65825077278
6.67237455903
6.68957099523
6.70051458847
6.72324732048
6.74028919107
6.75151571215
6.7644720505
6.79225680102
6.79586831155
6.80794963882
6.82427645278
6.8487629032
6.86364883129
6.8826061462
6.88971860399
6.89300305271
6.91087988234
6.92082712221
6.94772954487
6.95524029669
6.96420387166
6.98866689435
7.01741952508
7.03808499067
7.07035879689
7.09034089416
7.12442289028
7.16927986056
7.18156373116
7.22119428235
7.25506463023
7.28318877303
7.30085909194
7.3098897271
7.35143857457
7.36129719512
7.38461211113
7.38683191875
7.45706447945
7.472831061
7.48161653856
7.50430609706
7.57767173789
7.58062112195
7.9287339988
7.94326450764
8.2196931263
8.27968097382
8.31787276101
8.64669342099
8.67208089356
8.76200146588
8.88547179703
8.95025516791
8.97651768393
9.01140690649
9.0628984291
9.15746872316
9.25585433245
9.30017257985
9.34964382408
9.58849362103
9.65207209677
9.88858722935
9.95493425106
10.0978264692
10.127570232
10.2291966673
10.2377795062
10.2585379598
10.3653359002
10.393018692
10.4127157779
10.5109493114
10.7985277317
10.8614476468
10.9664173716
11.0180063031
11.1007549766
11.17991864
11.3039739381
11.5038545748
11.6457010837
11.7406975465
11.7956868611
11.8062996066
11.8593299132
11.9171625382
15.4008877904
110
