6.00603365219
6.00876256192
6.02140753395
6.02800537376
6.04189158078
6.04764244439
6.05271839528
6.07752312159
6.08663592571
6.09651721726
6.09967484523
6.10405596745
6.11116127251
6.12626618749
6.13077532413
6.20857867442
6.21454465281
6.22420824314
6.30246030673
6.33634457449
6.35829026935
6.37394214433
6.38041814836
6.3821729514
6.39466994743
6.40509753308
6.47991282769
6.49920258972
6.51905305327
6.54405102416
6.57008089972
6.57912649825
6.59384706675
6.64993436818
6.66037971125
6.6619050734
6.66935350334
6.72283640039
6.74216851583
6.7524587597
6.77442478392
6.79329105426
6.81284843346
6.84204213056
6.86247862159
6.88455367238
6.92225336977
6.93777090178
6.95272027928
6.97744913108
6.98408721332
6.99050956901
7.03601987876
7.04938784482
7.05788098465
7.10490546323
7.15875219712
7.38379376019
7.40705224834
7.42408101393
7.42990135615
7.47315367417
7.48941587424
7.51909027737
7.52367725631
7.55806112778
7.672127577
7.68207944812
7.7315980304
7.81756746436
7.84208290923
7.86808372851
8.05961369709
8.09487437217
8.11209898128
8.13099477997
8.25416122362
8.2815884854
8.3585664167
8.46198234659
8.52365334678
8.54716981563
8.65195158703
9.00506903569
9.0979227733
9.13926706165
9.16606350723
9.25866129129
9.29643645446
9.36294419036
9.4645961907
9.56843762381
9.59158485597
9.61567184922
9.621454649
9.71557288873
9.76551471135
9.8051722512
9.89959123651
9.94436310209
10.0225503308
10.0359120253
10.0657093399
10.6632698596
10.7592071027
10.8349339522
10.8465461651
10.8871439358
10.9163383917
10.9777923288
11.0364640503
11.1023081191
11.2080037504
11.2690520274
11.352175906
11.3936284758
11.5394152879
11.6726239865
11.9127562419
12.0246515971
12.0453594204
12.1390991982
12.3731012246
12.3903326135
12.4401123102
13.1095542993
13.2323643971
13.4017152776
13.4766267282
13.5046391461
14.4366649742
15.0311839843
132
