6.01034861902
6.02032775294
6.05667287163
6.05933965262
6.07135478926
6.11219678786
6.13296179079
6.13610561301
6.14734539817
6.15208572485
6.16541423557
6.17877977004
6.18937332732
6.20072237246
6.21244551237
6.22409865177
6.22860461476
6.23230932073
6.24463424921
6.25493006096
6.26476649952
6.27280110194
6.28660534831
6.30568513707
6.31658502952
6.31946777713
6.33009717399
6.34691364737
6.35833143781
6.36904548943
6.37132620662
6.38195103107
6.38302293594
6.3942775719
6.39919957018
6.41200943719
6.42618072527
6.43392881443
6.44009397919
6.51073125432
6.51612739994
6.60467056851
6.63068688511
6.66155122942
6.67654134753
6.69344077324
6.70438897908
6.72733035563
6.73506377274
6.75201289566
6.77153677767
6.78773911268
6.79958133334
6.81786671281
6.82034774477
6.85129412653
6.87674318565
6.89192900469
6.97657668269
6.99501501949
7.02298671463
7.03661014499
7.04814802567
7.07588329684
7.26593373238
7.28213607762
7.31044597011
7.32317982068
7.38962520557
7.41667985846
7.44834390959
7.47907989934
7.52537062578
8.27960758528
8.32662678525
8.36190130259
8.36598503567
8.37452687282
8.41292929991
8.43819837924
8.45359984712
8.51461606888
8.54580320647
8.57088158416
8.64972002191
8.83539782414
8.92207425477
8.99865602134
9.03702733081
9.14487814423
9.20497463796
9.20961640051
9.22765311829
9.36063087583
9.41184285835
9.41844692959
9.42596614316
9.46276198333
9.5059936193
9.66548621538
9.75856869903
9.86843438026
9.97035250494
10.6360385655
10.7354578742
19.1132175518
106
