6.63800343175
6.65458243159
6.69922895382
6.71239581952
6.72848980506
6.74203326561
6.7554757588
6.77453786306
6.80342719313
6.80798977756
6.82810961716
6.83289977637
6.84238307359
6.84410421543
6.86883249738
6.87868289236
6.89346873133
6.92466904406
6.98358941444
6.98588491114
6.99824374602
7.00416105926
7.01915456076
7.07559424794
7.13411406343
7.16488785864
7.18713541071
7.22089794543
7.24569750372
7.27056080256
7.29319465745
7.29728598919
7.35357683625
7.38660965209
7.38901663381
7.41460066638
7.46152658255
7.53624176381
7.56804672409
7.61243295873
7.62258908869
7.6439564204
7.69930607931
7.7255532931
7.75647783221
7.80853076765
7.83440218698
7.96313030764
7.99564215843
8.03267221964
8.08396637675
8.10922776247
8.18672613926
8.25218847428
8.27809801339
8.29467972097
8.31898110094
8.36161311545
8.41453940544
8.52034724464
8.56018081281
8.57571905512
8.61360699395
8.6772841147
8.80576753184
8.84658682233
8.91087625722
8.97249147053
8.98936543356
8.99713084173
9.1086047804
9.16541271449
9.23017889097
9.29177546868
9.34915402763
9.61272044507
9.64190392897
9.68020313417
9.73880940952
9.77637042991
9.83442416226
9.88345161563
9.97168607611
10.0668794476
10.1396168771
10.1791996877
10.2740577839
10.3016572608
10.4021366964
10.4642058747
10.4762445392
10.537020181
10.6404763571
10.6502560114
10.7684833254
10.8563703456
10.9491979609
11.016995006
11.0384027764
11.0668176108
11.2297722247
11.3407181428
11.3499720948
11.7102252373
11.7441098509
11.9157267711
11.9288561668
12.0192610851
12.0581274908
18.9088057831
110
