6.00620624657
6.01257999424
6.02203135241
6.30004443667
6.30640312302
6.31129058373
6.48090827327
6.49305408633
6.49808392602
6.50639384541
6.51150959257
6.53859391938
6.57600975137
6.57691620522
6.60183009506
6.60658974251
6.61708383907
6.64367350438
6.66103320077
6.68450561657
6.6945711501
6.76160249269
6.77305043785
6.79289301461
6.8121269502
6.83361563428
6.83562291054
6.9383633127
6.9405032408
6.94796297626
6.96546536158
6.98039986132
7.01370153395
7.03057168419
7.03805108215
7.0540642841
7.10751958207
7.35137965392
7.4125747535
7.47766969258
7.52222116266
7.53433370258
7.55055449408
7.56526687697
7.72288670872
7.96191618952
8.03757523621
8.08667114302
8.15161316777
8.15793788571
8.17279982307
8.19735054783
8.22319704638
8.29855069084
8.38976308238
8.40617651695
8.44951925053
8.50598087891
8.53803897065
8.59357167909
8.61851266401
8.65209958525
8.69953730736
8.79564887914
11.1991810375
11.404628018
11.4138234418
11.625383874
11.6900242819
11.7948962303
11.9916315173
12.1895983471
12.3053778259
12.5243079733
12.5920233553
12.7124049243
12.775965005
12.831133495
12.9728625301
13.0133935012
13.1631352304
13.6419074532
13.698178706
13.7780990843
13.9129713749
14.1322168771
14.3362526142
14.4203938543
14.6455306431
89
