6.01037217988
6.01264256369
6.01685748532
6.0213858394
6.02363606926
6.03343099832
6.03817610695
6.0532694405
6.06235152628
6.06901138481
6.07003024314
6.08034157495
6.08110266315
6.08497558512
6.08835672072
6.08924534757
6.09267246807
6.10320262283
6.10662701568
6.11778841223
6.1269712055
6.14183978518
6.14295127769
6.15377813182
6.1593355063
6.17067414994
6.18892128871
6.19718382898
6.22666273395
6.22915663311
6.24065840206
6.24943363226
6.26004092953
6.32356872576
6.33844195909
6.34115697478
6.35390283812
6.3666733312
6.3710351142
6.37996585902
6.39572177696
6.41272071044
6.42762510771
6.44063428451
6.46453426969
6.48027220866
6.48178602363
6.49407441753
6.51137183759
6.55326782507
6.57158942068
6.58147628754
6.64816294456
6.67820737654
6.68303089787
6.71974135921
6.72852327208
6.75159418944
6.76699223251
6.78919184711
6.81500372598
6.8313590767
6.84950670246
6.86908290076
6.88695477241
6.89256833291
6.89739385201
6.90691974563
6.95459793789
6.98819676794
7.09102590516
7.13448839645
7.1569460301
7.16682130699
7.1973432671
7.22342270437
7.23830428881
7.24801019117
7.29732730993
7.30698443495
7.34885662234
7.36997272046
7.37999533841
7.38495187614
7.40892299629
7.45032343927
7.51849547161
7.56294902994
7.59571303456
7.683505016
8.37366993524
8.42252112697
8.45137054699
8.61221578505
9.23096260323
9.3387479427
9.42843748605
9.48868243294
9.56271053458
9.573867751
9.66004866602
9.73343497363
9.88909706741
10.0095720059
10.0253414101
10.329908339
10.3688315347
10.4090556991
10.5453960867
10.6181770611
10.7180454268
11.2808523024
11.6110225279
11.7616745317
11.8323958429
11.9155425967
12.0383766049
12.6212754365
12.8224675263
12.9644461301
13.1076783314
13.2202390533
13.3337524278
13.4006858315
13.8513362392
14.1055702998
14.2261304418
14.3471279832
14.4062944946
14.5708673995
130
