6.00578399764
6.01632851029
6.02625750915
6.03158794604
6.03995346184
6.041171135
6.05000410888
6.05807419118
6.07455692164
6.08053366489
6.08715385982
6.09606336587
6.10833109569
6.12105797219
6.1296636801
6.15249575324
6.16101389017
6.16712241048
6.17207268754
6.1849848536
6.18555178884
6.22621457409
6.24293607436
6.25376049882
6.2707671067
6.27265087778
6.28401357682
6.28554625323
6.29620540809
6.30893636107
6.31695633102
6.3312077333
6.34637888774
6.40196463186
6.41324450194
6.42168156853
6.42268895292
6.44315078626
6.46426113674
6.49508664959
6.51317040166
6.53555344591
6.54635110198
6.56398809719
6.57019426358
6.57152831688
6.58742979899
6.59984317731
6.62239753308
6.62915172799
6.64311125414
6.66621387646
6.6841270017
6.68752145455
6.7145120233
6.72619194544
6.73214678724
6.73614183377
6.78100372
6.80905210301
6.83159481549
6.8615390328
7.00099972081
7.01092848661
7.05758927756
7.08398688686
7.1138185186
7.13348308085
7.168219961
7.20022023798
7.22971705999
7.25043042692
7.29375180879
7.32105099013
7.33486647586
7.35595572028
7.40157035148
7.41355084131
7.43018153172
7.45304214482
7.48052718384
7.55983096063
7.58749812256
7.63216430903
7.65875563028
7.75457930251
8.30915265522
8.37594633001
8.38785022174
8.42713716481
8.44650578564
8.51019230054
8.54870683753
9.07773619382
9.14449987954
9.18797782885
9.22609170478
9.28155733882
9.3955022169
9.41346566984
9.4335565523
9.63946805134
9.76345512167
9.77774521079
10.0985524555
10.185609882
10.3140308244
10.4308423421
10.5046386908
10.5761963975
14.3442787812
14.44270953
15.364791289
113
