6.03649434857
6.03783712127
6.04346981155
6.05605052757
6.05785063342
6.07228730429
6.08309918343
6.09237177255
6.10397223713
6.58493145032
6.59235017612
6.60517682656
6.61269863193
6.62381824771
6.6441527217
6.67721246802
6.69354893757
6.70196878363
6.71188374644
6.72860254044
6.73862044562
6.74565427438
6.75298765802
6.77759271074
6.82228441177
6.84499558249
6.88578204789
6.94458077203
6.98369294109
7.01875749721
7.02262529337
7.02550692075
7.04176696114
7.04739754085
7.07410619792
7.08661112169
7.7672612063
7.8156024727
7.86603565225
7.87553544233
7.93327045643
7.95553315465
7.97735841223
7.99228245162
8.02639069922
8.05396078829
8.08789763737
8.15778470148
8.16633982393
8.2918756718
8.35044729098
8.3591087336
8.49095712288
8.5322722197
8.58906054373
8.60538480928
8.6125788662
8.6461726995
8.68587958849
8.74595007556
8.75035397548
8.76719752045
8.8392958345
8.8917866675
8.93168220702
8.98753387065
9.07808172456
9.14756707759
9.28492052823
9.35577223029
9.49850202762
9.53936983541
9.62603222913
9.63272638523
9.70747133983
9.84002070788
9.90380112021
9.9741684945
9.97981958182
9.99732423274
10.0154543983
10.0697589771
10.1568442908
10.2985860144
10.4849768147
10.5747969826
10.67212461
10.6957849234
10.8139408878
10.8582944009
10.9393012511
11.0383408938
11.0715386589
11.255835018
11.3042091437
11.3784646002
11.5216021277
11.5359559506
11.5748582384
12.0006057298
12.0680872522
12.0803445427
12.1241717004
12.2605719013
12.3093002146
12.454290039
12.4651910392
12.6555250857
12.7445182186
12.7775261344
12.8113459113
12.8753237443
12.8976670908
12.9543314815
12.9688012134
13.075896226
13.1265283793
13.1432408871
13.2610193278
13.3964610202
13.6159251089
15.4416089344
122
