6.00632885517
6.00716002271
6.02925315046
6.04547588522
6.05642018583
6.06169653011
6.06695160665
6.0859717165
6.08919092296
6.10408721365
6.10858354073
6.12204609175
6.12268769073
6.1350613797
6.13789302012
6.14726403997
6.1489583621
6.16296985018
6.17319626212
6.17582454346
6.17924208976
6.47026975798
6.4775684546
6.48233031347
6.49117640236
6.5000341723
6.51153866414
6.52180651023
6.5440647873
6.61379624168
6.62504722018
6.63282662891
6.66058252375
6.66254767469
6.67804784415
6.69786239387
6.72778256629
6.75898260467
6.77009595338
6.7717159003
6.79981220775
6.80783923519
6.84340576914
6.85211115258
6.8660576099
6.88552391621
6.91695424413
6.93491297867
6.97865100013
6.99768575441
7.03384741458
7.06924503259
7.09145044107
7.15454316287
7.18210814216
7.1956865643
7.33985249108
7.34217781401
7.3615856997
7.40076607394
7.41382913087
8.67996149439
8.73143811342
8.73872241501
24.3483673624
65
