6.00688808382
6.0082260929
6.01823692044
6.14153721371
6.15142970478
6.16704148179
6.24711786866
6.26459889063
6.27774142496
6.28651523676
6.29425752186
6.29751089097
6.30967900327
6.3193668551
6.32119826926
6.3295858167
6.35082742141
6.36118966965
6.371539655
6.37996539727
6.38477585392
6.65771760032
6.6871721834
6.700364713
6.74585580529
6.87122784565
6.87382330172
6.90922691511
6.94646814555
6.9575345384
6.97014458421
7.0133057112
7.05004848321
7.06240230846
7.08217282062
7.1002023292
7.12951093857
7.16380112576
7.19485881484
7.23290098525
7.32194727656
7.37708902362
7.39475165858
7.39828965503
7.42890908709
7.43216253168
7.44061611362
7.47536919718
7.49277500683
7.53515536306
7.62295326211
7.66706413426
7.70265662882
7.76113036535
7.81066209315
7.84694159363
7.88833908162
7.89956373401
7.91017581549
7.94762460225
7.95934688845
8.00973022293
8.03845820886
8.06408047601
8.08322831581
8.12920032354
8.17525100588
8.19534563297
8.26296196538
8.30718230931
8.31335841949
8.37816790326
8.40728612708
8.46806922337
8.50394363282
8.51417490001
8.55385042047
8.6165460694
8.70074775269
8.75125261746
8.81767949029
11.8385732716
12.0365542796
12.1559635556
12.2107822777
12.2740682001
12.3011012363
12.433104354
12.5485210172
12.7552185178
13.3427299372
13.4814168535
13.7524944978
13.9306946381
14.1422466357
14.3263925384
14.4163166552
14.6497182972
98
