6.00190867463
6.01014785767
6.01130150791
6.02768783838
6.0346782235
6.04030103988
6.04809878547
6.06274454424
6.10701514065
6.12372614651
6.12515049036
6.14066759942
6.14445030858
6.14960989275
6.15636496876
6.1700313119
6.64252936059
6.64729492027
6.6665049939
6.69501031343
6.73592242128
6.76522093378
6.82233254602
6.83865537169
6.85931763389
6.87219672636
6.91371619558
6.93567908224
6.94558148212
6.95247744779
6.98915543337
6.99847045273
7.03740925013
7.04279504459
7.06783435849
7.10517743682
7.25203740436
7.28524721524
7.31507059169
7.32883353829
7.38164487236
7.39572240749
7.44155737855
7.45541722986
7.45935835273
7.50078339223
7.50453061202
7.55324190366
7.56138050861
7.58941281085
7.62494267054
7.65282441155
7.69590680961
7.70885703739
7.74279480694
7.78933008982
7.83796650525
7.89621269844
8.54076192958
8.76270620087
8.7726070596
8.80390283567
8.86113324972
9.02361126763
9.02884762457
9.50280586253
9.61430132735
9.63477836535
9.69753772562
9.7635771767
9.90690485255
9.94888464498
10.0048590432
10.2098159657
10.2194472513
10.6699506067
10.8542025487
10.9581973993
10.9996421747
11.1832030571
11.2833935318
11.3652558199
11.4194863954
11.5490471028
11.6109826927
12.50517862
12.5885547753
12.6338954534
12.8889464319
13.2373483883
13.381992541
14.0031268757
14.0482980229
14.2023354873
14.2738194288
14.9762468699
96
