6.00076724821
6.00491416975
6.01466348145
6.0254122016
6.0351698631
6.03694915604
6.04545458248
6.04637904104
6.05697317661
6.0611348704
6.06268707001
6.0637351568
6.06445140785
6.06708593501
6.06792633839
6.0784262811
6.09169897905
6.11169448402
6.11880534674
6.13518187315
6.1402652691
6.15290304292
6.15600141081
6.16144601635
6.17128888027
6.17749714745
6.18388481849
6.1918891911
6.2044479851
6.2113434231
6.22284371781
6.23372217091
6.24665276908
6.26797915932
6.27344356834
6.29656217742
6.32392573653
6.40507551203
6.41180324163
6.41632816836
6.42403189173
6.43710155542
6.4474140102
6.4661927374
6.47532850496
6.49889983438
6.51148580529
6.518852496
6.53473926709
6.54452628851
6.55654481827
6.57931436902
6.59135497173
6.61005741247
6.62784535286
6.64218332927
6.65062189584
6.66708787743
6.68432162377
6.69609608383
6.71098954432
6.72049032025
6.74413724419
6.75542722622
6.76531772047
6.78715606801
6.79595652712
6.81969843364
6.84518524539
6.8653063488
6.88189805796
6.88393830212
6.9077304999
6.98536611023
7.17715678144
7.18596627241
7.23735998689
7.25223467285
7.48513473085
7.51389865512
7.53250660721
7.58217636141
7.63559829794
7.65291460749
7.67170206216
7.69813636719
7.74539851573
7.79000496337
7.9151491096
7.96337744147
9.14438798743
9.14916771618
9.28689780662
9.3444177966
9.40550485012
9.44751647377
9.47090680983
9.54626254103
9.59102714265
9.61104766692
9.86745092843
9.89088886858
9.90166136753
9.9221520534
10.0270476027
10.1432251803
10.37220204
10.4307993621
10.4473946167
10.4951112935
10.5970059578
10.7183619394
10.8055513913
10.8665082278
10.9697735358
11.018007968
11.1017090687
11.2610188949
11.2819361861
11.3939773517
11.7362364642
11.7502935873
11.8005897283
11.8459277072
11.8590462051
11.8989904546
11.928611013
11.965166932
12.1115485422
12.245435258
12.3767956771
12.72028395
12.7411471077
13.0385167817
13.703573052
13.994064505
14.2432384588
14.5637647352
138
