6.00655171379
6.24168236387
6.2518946155
6.25331521723
6.26129118636
6.2871475944
6.29623901992
6.3091590644
6.31448146631
6.3184841632
6.32935339984
6.34000065136
6.35603887516
6.36658491364
6.38316771171
6.39393689267
6.39610476089
6.39766222657
6.41011087562
6.41566701328
6.45136346089
6.46970322164
6.4805182365
6.49874345077
6.50464101781
6.51700326008
6.51875686193
6.52637273413
6.53559268167
6.54092637303
6.55389342044
6.58729704732
6.60780461615
6.60906743044
6.63422480349
6.640270394
6.66654327616
6.68174234437
6.71279422811
6.73795661071
6.89448707398
6.91866026288
6.94821341741
6.96626069051
6.98726840424
6.99240623465
7.02192859039
7.0396781337
7.04303975423
7.05887369434
7.10815680882
7.13693525232
7.13864739233
7.19048269821
7.22761484918
7.26909878606
7.30114947468
7.34039025872
7.36409371495
7.37928710533
7.52472401388
7.58332520291
7.65459716371
12.008525511
12.0992516363
12.1835413814
12.3257396434
12.3463830793
12.4399893591
12.5499414014
12.6589969238
12.9519415377
12.9701195275
13.0819255898
13.2665528311
13.3997874784
13.7693043115
13.8186238971
13.9620966133
14.1161661388
14.2332582837
14.3180501595
15.5941072555
83
