6.00405661058
6.00972190488
6.01791925508
6.02005403347
6.02574610462
6.0303841449
6.04534989917
6.05561705127
6.06665161523
6.07421452749
6.08303173235
6.09412535061
6.10455856105
6.11458213
6.11748731413
6.12605974721
6.17773999351
6.18659989667
6.18875012359
6.19320679486
6.23484329017
6.23834270101
6.24469134972
6.25030207455
6.2571581468
6.26298816132
6.26896654238
6.28495748339
6.30016444079
6.30816841426
6.31998418754
6.33251429655
6.33546749599
6.35894178922
6.36672727961
6.39240818414
6.40108699817
6.43038844795
6.45237385814
6.47144448575
6.49456250965
6.50788977388
6.52364933789
6.53973894996
6.5578203788
6.57697069859
6.59084095408
6.60491207657
6.61633452662
6.64411435985
6.66729686962
6.72776067848
6.73720327822
6.74232920428
6.74699785145
6.76875535643
6.77470869988
6.7978723413
6.82726860378
6.85420729191
6.87152910435
6.88847091714
6.90423306911
7.08178285695
7.08712617087
7.12250214563
7.14958351992
7.18245468025
7.20700050626
7.24301931443
7.24623816842
7.28195029292
7.37602135518
7.42761515165
7.43670703188
7.45216518011
7.46697560811
7.48007115299
7.51061229509
7.55947099509
7.56339216468
7.58258579296
7.63740138861
7.66972498019
7.75068003937
7.78046558683
7.82170490553
7.84134232983
7.92826778029
7.93386742108
8.00836400178
8.01717024488
8.01992969698
8.10666542549
8.15879635527
8.1734456706
8.17761618465
8.21101811964
8.2320781292
8.23947206158
8.27890087132
8.66756647562
8.71046874525
8.80387758854
8.85606304828
8.92319850479
8.95735274009
9.14664272616
9.21162586507
9.22898677827
9.28301358111
9.30613251351
9.36854549537
9.50119613659
9.50572681763
11.2200453421
11.3200537717
11.3944749476
11.4577080115
11.5558528966
11.6259560442
11.7748594339
11.9165483325
12.0723940875
12.1391680121
12.3185568598
12.5259320906
12.6752883276
12.8010648004
12.9609206557
13.0598584514
13.2044383208
13.5106509292
13.7626447754
13.8556977078
13.9827546069
14.123064492
14.3287083657
14.5764705085
139
