6.01143864237
6.01677171748
6.02548878327
6.02719312069
6.03211440359
6.03943457389
6.04013547585
6.04869153359
6.05888678386
6.06378779037
6.07112665435
6.07944409486
6.08999573075
6.10305144734
6.10706687632
6.1238314979
6.12882346531
6.13646994317
6.14236834444
6.14443992425
6.14958402371
6.15043510027
6.1582251529
6.16361255124
6.19956076857
6.2041254057
6.22430785876
6.22980955451
6.23799357625
6.26977445616
6.28174880317
6.42774822297
6.4334983129
6.44645752563
6.44900806069
6.45038323629
6.48362526909
6.4919280108
6.50828201133
6.52137173495
6.53388874507
6.55784750772
6.56261255678
6.57798223196
6.58054904221
6.61083040476
6.63174393939
6.64819404241
6.65511569216
6.66103071493
6.67473200814
6.68058152882
6.70375964662
6.73110929851
6.79624387631
6.79885160915
6.82937638112
6.85557871822
6.88352761815
6.89876757737
6.90447502634
6.92547644577
6.93860488945
6.9539087006
6.98066704702
6.99262437097
7.02686687373
7.08272862785
7.157341574
7.16528670692
7.19105854402
7.21628808335
7.25760267289
7.27258111055
7.28606904663
7.36155854967
7.38358263234
7.43619176525
7.50328778216
7.53158580331
7.58002446521
7.58653176635
7.61958129045
7.66742549104
7.70922350185
7.84580287537
7.96627358904
8.01275115537
8.05002296197
8.08060603476
8.09036913391
8.16143168168
8.22059568069
8.23494911416
8.29456847968
8.29938449898
8.32279823539
8.3619901328
8.40856815834
8.48481258319
8.6694372077
8.69873449836
8.8339427296
8.84406491484
8.87442713332
8.89952469648
8.96359545753
8.99790028912
9.02361733578
9.09132330005
9.22691326129
9.34648719595
9.41763859483
9.47188220999
9.51197526397
9.53608543201
9.64817023806
9.75007180729
9.85211001878
9.9752328927
10.1404334412
10.146999888
10.1860314324
10.2479872364
10.2704379333
10.3332770156
10.3960889967
10.5883021429
10.6406091519
10.7707912099
10.8416994454
10.8876170058
11.1251370888
11.1554722836
11.2867688077
11.4068504496
11.4680978759
11.6147475089
11.724618442
12.205581075
12.4036566626
12.4824829141
12.6683159414
12.7372822643
13.2780390837
13.446039372
13.5443605706
13.7954463643
13.9515419525
14.8308724717
150
