6.00421615278
6.00488519821
6.01816458148
6.1824796404
6.18794324006
6.19453481243
6.19714763803
6.20548910641
6.20801485506
6.22016828206
6.23807686498
6.24769367539
6.26468422242
6.29519542782
6.29607872026
6.29737594162
6.311042672
6.31212700241
6.56628306713
6.58288660857
6.60056527792
6.63960273618
6.6739731047
6.68093814479
6.72620730493
6.73983179173
6.76738828297
6.77793347762
6.79457845371
6.85488738845
6.8839197617
6.92870526465
6.94197361701
6.95410704068
6.98457889763
7.00384882766
7.02774483589
7.06096183034
7.0698643827
7.09180167383
7.10578372417
7.11882232167
7.13156200453
7.14955784575
7.22948535382
7.25126718395
7.29400485423
7.35121631928
7.35794168879
7.39274308449
7.39709450959
7.43102666101
7.49520924399
7.53483417309
7.54458233712
7.59430247963
7.94453012881
8.00882921447
8.01127771441
8.06338678312
8.08448918489
8.11878614679
8.16939190037
8.19660090919
8.24508591754
8.24981940185
9.19017110814
9.20254747119
9.2215282421
9.24581279415
9.33932233836
9.38196462989
9.40388196925
9.44828513192
9.47224318788
9.85947623095
9.88760137579
9.97183693729
10.0022816218
10.1087942185
10.1622528303
10.3038168901
10.3949278416
10.410528276
10.4300932529
10.5476214588
10.8195777504
10.9408316361
11.0402509623
11.2434021516
11.306062027
11.4516876889
11.5005275526
11.588655104
11.6578278937
11.7980171279
11.8589948587
11.91489434
11.9521586549
11.9778785979
12.0683059195
12.079696841
12.1872213303
12.3482041503
12.4830502505
12.8315609676
12.9043192385
13.0503832911
13.2484141091
13.4326037722
13.4724665764
13.5202013415
13.7384395888
13.8956334231
14.1511662102
14.2707461968
14.6446213781
117
