6.00718796339
6.02239148495
6.02655693411
6.06612726299
6.08109806387
6.09148390259
6.09644591299
6.1032735874
6.11698798536
6.12636908963
6.18309506509
6.18906734518
6.20991258797
6.21553648201
6.22902669053
6.2363935018
6.2431590519
6.25350461724
6.26147459423
6.29790584324
6.30679834594
6.31704325176
6.32567928994
6.34583258715
6.36565836816
6.37227632904
6.39886685622
6.46433895099
6.49001413118
6.49740839015
6.51114193107
6.51338916084
6.55662789319
6.56976077733
6.71156877549
6.74220133649
6.74507561055
6.7693244611
6.78875742334
6.82378098667
6.83302735319
6.84711655905
6.9402809506
6.95339095122
6.9889479218
7.0145400836
7.02951178667
7.03513864588
7.06873801958
7.0979090857
7.11228989252
7.14768705345
7.17199406125
7.19124173866
7.19430720688
7.22361262823
7.26871591955
7.32173195867
7.48643266228
7.52917020761
7.6058787752
7.65181000683
7.70492040045
7.72905527856
7.77661054775
7.78970584286
7.81405828983
7.86513045383
8.58150095258
8.6084525982
8.64694078731
8.71786139864
8.72362169967
8.82269496534
8.82715182566
8.87020603628
8.88934971352
8.94384663202
9.00617830527
9.02122737886
9.15810956775
9.46024927667
9.4712840593
9.68156632096
9.7395478745
9.82764355546
9.92741195478
10.0467661016
10.0623528057
10.1348255811
10.1847791519
10.2175754695
10.3180943953
10.4628424221
10.495398505
10.6333349573
10.7397686506
10.8075037945
10.8384329489
10.8928350374
11.0305244178
11.2496506241
11.4460875091
11.6380695661
11.6786991025
11.6996624788
11.8548472286
11.8670299429
12.0067623295
12.1998325998
12.4663653175
12.5516826569
12.6725418183
12.8244822815
13.4530146624
14.7558742101
116
