6.00345680969
6.01671404254
6.01911015741
6.02640344128
6.03447422526
6.05125013518
6.06094838592
6.06354276233
6.06806114743
6.07611620254
6.08077165436
6.09625179432
6.10781261331
6.11313293907
6.11992416199
6.13023719406
6.14155935091
6.14258677022
6.15279226338
6.15497091647
6.16718433176
6.17410905833
6.18718876734
6.21201884861
6.34750730928
6.42613349957
6.43929258315
6.44995696195
6.46581876441
6.47624004099
6.50041756943
6.52288209093
6.54309504003
6.55157066333
6.55353971699
6.56275348412
6.56833727779
6.5769394862
6.58357335268
6.59395274495
6.60481375929
6.61411095009
6.71825652284
6.79997635152
6.86982265931
6.87942629238
6.89776174114
6.90962948359
6.92203890322
6.93117534723
6.95586389226
6.96112751864
6.98240491246
7.14236018889
7.18826671542
7.20472028404
7.32524674108
7.33519492997
7.34731540671
7.4025855285
7.40584751573
7.44006331334
7.45931538736
8.49285920171
8.53761670403
8.91142585098
8.94295794004
9.01112081647
9.04391102406
9.12368011561
9.14425601651
9.31540394986
9.33842227186
9.3724416835
9.4031071253
9.52063089816
9.55874053388
10.9503829282
10.9759674275
11.025090515
11.0726501405
11.1467513303
11.402993363
13.5256226483
13.9377839642
14.0509758682
14.2925407219
14.6061270595
88
