6.00522561647
6.00772801569
6.01989372766
6.02459569326
6.02852614631
6.03071164003
6.03767195844
6.04236038481
6.04626278615
6.04767239321
6.05415779252
6.06598259032
6.06660996419
6.07278189818
6.08279050659
6.09177377614
6.09711869449
6.10414313202
6.11095563357
6.11525170083
6.12611980336
6.13821585055
6.14327517495
6.14817135233
6.18011588022
6.19154701767
6.19720993297
6.20399264476
6.21031378558
6.21410782597
6.22709938939
6.23343729966
6.24455399877
6.29004189421
6.29700143778
6.30400208171
6.30589224904
6.3212393677
6.33773098692
6.34177174583
6.36986470629
6.37816759112
6.39788527046
6.39860570356
6.40826665676
6.42136805891
6.42679305078
6.44178243084
6.45087066156
6.45978165155
6.46307856199
6.47677440545
6.48071786302
6.49544607731
6.5046602952
6.52518402117
6.54302189792
6.55152940332
6.55618199377
6.56413779638
6.5798940922
6.58878699664
6.62002653839
6.63915294578
6.69135896772
6.70305836081
6.71671098756
6.73780562641
6.74415165815
6.77217255551
6.79637039671
6.82462772842
6.85162426274
6.85340709891
6.8647039631
6.90302276582
6.9193956774
6.93779800493
6.97034193848
6.98369569342
6.99506780638
7.00620470505
7.02795125367
7.03082907516
7.10162670451
7.11914124259
7.16213687626
7.17196828937
7.19313675806
7.21764144436
7.27796954158
7.49224791206
7.52023925009
7.55484047999
7.62459084402
7.64978884566
7.69150649604
7.74509583227
7.7943254741
7.92948468546
7.9326384226
7.95440036852
8.00819105436
8.02573693818
8.06207940676
8.11134381764
8.13626776468
8.14072234088
8.22731890614
8.2811690657
8.36874035209
8.37336415243
8.42437606479
8.57009312785
8.60841678396
8.61651677812
8.70615673306
8.76246268472
8.79832393217
8.89432415231
10.1455581778
10.1859266419
10.3157318165
10.492470111
10.5305121849
10.5965341667
10.6909169188
10.80849383
10.8456804103
10.8520346557
10.8748721756
10.9518687319
11.2342886135
11.283666052
11.388202557
12.0169399369
12.3562722103
12.3681415319
12.4497843919
12.4879860284
12.6345727925
12.7382459203
12.8853682893
12.9952559084
15.3362960964
145
