6.00744347792
6.01077608068
6.03066901778
6.03869281944
6.04745663852
6.0493206703
6.0874747952
6.09465250906
6.09676245224
6.10262433955
6.10869444373
6.12300924474
6.13192415295
6.13273767569
6.21515160148
6.23450146595
6.24471175988
6.25373442851
6.25727763453
6.26125291384
6.26677875968
6.28160111241
6.31404908306
6.32243266636
6.33790216523
6.34956920022
6.35618896916
6.36605026647
6.37800036492
6.38150241747
6.40275084658
6.41280764435
6.44196483158
6.47973219649
6.48251132899
6.48626203102
6.50698960667
6.51681089956
6.51777737724
6.5322477733
6.56084673405
6.61981396637
6.6329903769
6.64796058926
6.66844659072
6.68548078976
6.69971522793
6.71907461752
6.73114764779
6.77458190683
6.79841761307
6.81540446549
6.82905984542
6.84285457575
6.87278474164
6.88198359444
6.92628603415
6.93596432859
6.98105933678
6.99889435625
7.01754831033
7.03312750226
7.04962567101
7.06524028418
7.08447697875
7.09546971817
7.10438473086
7.11689483354
7.16611399096
7.18099130708
7.19179205811
7.20261104624
7.22747003659
7.28465319833
7.32747966113
7.35034518391
7.36782383836
7.39402733753
7.42823676647
7.43738240865
7.45932991541
7.49902887146
7.56373979079
7.57810003623
7.60011528429
7.64593334355
7.65635574841
7.6833558148
7.77490273766
7.77997038331
7.78300136661
7.7854958287
7.82288705965
7.83439094221
7.86338509098
7.88128133578
7.89285936031
7.94979727771
7.97764947366
8.04162036296
8.10256781312
8.11731413359
8.12565943105
8.19988525569
8.23411834587
8.25844702566
8.32571040482
8.41444607823
8.4421400838
8.50880698438
8.55663284078
8.56068522546
8.58061005912
8.68757199529
8.76595535667
8.77617314164
8.91776896536
8.96361799462
8.99469088216
9.02645719424
9.9938146318
10.0480416461
10.0634378333
10.1386965756
10.2381024972
10.2704510902
10.4130841227
10.4663911548
10.5610427021
10.6160717523
10.7166890705
10.8352916629
10.8720807867
11.0804074389
11.1451012578
11.2554331293
11.3165852753
11.4014309093
11.5767991279
11.6361892337
11.7023095769
11.7757270945
12.0077116025
12.1482602226
12.2154222298
12.3120531555
12.4846190554
12.5478378332
12.6275245213
12.6631450769
12.7194564638
12.8707992751
13.0398238367
13.1903938661
13.6048730607
13.6717426823
13.8564457626
14.0089724845
14.2568431897
15.706026425
160
