6.00592612646
6.03359009658
6.03577847502
6.07112559952
6.10827148338
6.10921051954
6.1583367636
6.16486756163
6.16758090018
6.16859887508
6.17772921268
6.18332010685
6.18971707494
6.19853953662
6.21054340303
6.2148179029
6.29563871647
6.32694900862
6.40439883207
6.42352976485
6.42610343136
6.43768777039
6.44929273487
6.45876385045
6.4936222311
6.51246339224
6.52643216175
6.54868612081
6.55749320883
6.57519396288
6.62107362506
6.63279058697
6.6348692775
6.64228319451
6.66354346761
6.67662197027
6.68565105608
6.69869631592
6.71533820437
6.76625164955
6.77759334949
6.7863270155
6.81287697314
6.83296936226
6.84343054355
6.90658493795
6.91787818005
6.9328483008
6.93442311059
6.95176998233
6.96175080688
6.99093262356
7.01282757065
7.02082833153
7.05350400932
7.07809192758
7.09867275522
7.12845837028
7.15948766277
7.17328596277
7.18276780754
7.25998274425
7.27347704465
7.29963007405
7.33056530112
7.35872581308
7.42447863271
7.4591569221
7.48452569505
7.49188445206
7.55128609571
7.56948314166
7.58290982652
7.63040139164
7.67221038801
7.71438832432
7.92886829641
7.97605890219
8.068705876
8.0739516235
8.0872526102
8.145390098
8.22151467822
8.23476026444
8.25083158516
8.53367865761
8.63146246906
8.64222041608
8.7072969065
8.73529396691
8.78255528577
8.79443670755
8.82740580223
8.87179689284
8.87754956581
8.91708641586
8.97240115281
9.09407645677
9.13098245064
9.20052112415
9.24594550759
9.3063604455
9.50704389387
9.59593738427
9.72496917782
9.73184955023
9.80770290203
9.83406596282
9.88258962058
9.95046623323
9.98626351229
10.1175573592
10.1354605034
10.3907641389
10.7031523543
10.7608796241
10.7674270731
10.7959553583
10.9466685129
10.9623283653
10.9975447631
11.1300724502
11.3982251982
11.4830470325
11.5960409947
12.4203124165
12.5111911097
12.6776709503
12.9493871113
13.3077825897
13.8375323249
13.9637957419
14.2112205422
15.0146558769
134
