6.00404396064
6.01334796787
6.01708512897
6.02052046448
6.02504188796
6.03350047333
6.0391083117
6.07436720262
6.08151128165
6.45912030361
6.47042681198
6.48200539491
6.48736062149
6.50505100579
6.52708069715
6.54704015614
6.56299492339
6.56441091375
6.57992626245
6.5810255793
6.59533127245
6.61054696162
6.62617483939
6.65191836994
6.65554376498
6.66849416738
6.66966077797
6.68507704101
6.69919154547
6.71338200409
6.72852976058
6.7362326754
6.74416156743
6.76089196281
6.76323381707
6.77363163148
6.7885725016
6.84518216845
6.85215874711
6.88404969804
6.89493415539
7.05823543554
7.11069686187
7.15609968026
7.19268580813
7.2166012856
7.29548476163
7.34071567829
7.40318524846
7.42615848245
7.52326504805
7.53168964141
7.54910214117
7.55245827546
7.5551470951
9.29548286702
9.42960720448
9.46705726706
9.48662534721
9.57172506503
9.8568282132
9.98162793548
10.0105245659
10.0876691768
10.1749953763
10.3213967103
10.5516810136
10.573677054
10.6500535673
10.8348223884
11.0339252221
11.0762679617
11.1873240803
11.4324556941
11.4756655062
11.7158559194
11.8706362656
11.9401668008
14.79550905
79
