6.00927645041
6.0145741977
6.02104647602
6.04169883562
6.04301984054
6.05297361772
6.060871757
6.06886007222
6.07617753796
6.08480717734
6.09722470816
6.10757133002
6.10940774172
6.14842583129
6.16484530051
6.18396353996
6.19072168455
6.19707333611
6.21217058604
6.22010705812
6.22841877216
6.23226048574
6.23658746588
6.25694506875
6.25921493344
6.26248326727
6.26399890831
6.27950987575
6.2875588367
6.29288914792
6.29837408098
6.30144640729
6.31639563099
6.32275746395
6.33646130811
6.35477659573
6.38146813332
6.39046487788
6.41045302246
6.41795629491
6.4211321696
6.4255632955
6.43906505127
6.44082248536
6.44867951383
6.46599085399
6.47542125051
6.47723105288
6.47948608203
6.49520958612
6.50690615632
6.50818265983
6.5099204467
6.51874775455
6.52926331478
6.53744565032
6.5776668781
6.6315303185
6.6593591959
6.66057966013
6.67371089849
6.68867597241
6.70544518081
6.7125136837
6.74973514364
6.77088404554
6.78129953581
6.79010752292
6.80852754538
6.84812370514
6.85885254931
6.90476833913
6.9331201095
6.9476106133
6.95747322747
6.96914232447
6.99030392513
7.00269020854
7.00969073876
7.02564187738
7.07778203201
7.14570845803
7.17935454916
8.27484363174
8.3099777001
8.35138186745
8.45559302203
8.51482579249
8.59417245079
8.63272401435
8.65361582024
8.7567688488
8.85856152666
8.92710505207
8.93426922675
8.95617472484
9.01709176041
9.07360427681
9.09135344743
9.11955579262
9.16688039266
9.184522005
9.49325071541
9.59109071132
9.89934728772
9.99297321414
10.0833155828
10.1238723241
10.1629246247
10.241507412
10.2655545721
10.3552486873
10.5350226937
10.543415988
10.5895101105
10.694921648
10.7969769933
10.8111584327
10.871518206
11.009059858
11.0388093462
11.1444112035
11.3008166297
11.8163642185
11.9030331763
11.9482391972
12.0494142292
12.1357616441
12.7257092399
12.8257611603
13.0233435316
13.122728286
13.2767356985
13.3069977504
13.4942992966
13.7797357046
14.5773750071
137
