6.0049079945
6.03613493019
6.04214986676
6.05899998959
6.07067220213
6.07528941898
6.10035419622
6.10613269407
6.12168675275
6.12732166733
6.16827410842
6.17588779025
6.17864776987
6.20212083215
6.20407430682
6.21286253615
6.22083462485
6.22676676372
6.23195781665
6.2378491641
6.25796656339
6.26633251598
6.28478018271
6.30304954616
6.30451729498
6.34233170646
6.34345558133
6.34819441671
6.35532312846
6.38104722004
6.47502104743
6.48966843703
6.49469580885
6.52282512101
6.53236048344
6.55781070129
6.57793476309
6.63586188787
6.65111298389
6.65903928234
6.66498184897
6.6794381965
6.7003622845
6.71504797634
6.74359300984
6.76345448766
6.77751782274
6.79363941153
6.81696532488
6.89832981697
6.94456493349
6.97855117611
6.99580218863
7.03086271722
7.09436067819
7.0970791851
7.10308343742
7.13003211929
7.1809311172
7.19755617836
7.21464100791
7.2363480811
7.30223371235
7.36693939696
7.38222164865
7.38612189848
7.42179539985
7.4373582519
10.4054951219
10.5126865361
10.5417132697
10.5655431232
10.7586560183
10.8216258974
11.0466463613
11.0589837069
11.068527788
11.1026313311
11.2331281317
11.4782616606
12.2839703891
12.4567794865
12.9849050583
13.0400584586
13.1403625589
13.5076098991
13.773194578
14.0298612164
14.1125789227
14.6165406934
90
