6.00315835861
6.01762127062
6.02170526633
6.02557647327
6.02798411403
6.02930336714
6.03281133523
6.0427581026
6.04697718903
6.05208385861
6.06033088902
6.06512850486
6.08584262478
6.09250196083
6.11196810584
6.11660647888
6.12114386286
6.13007483841
6.1466171049
6.15179100483
6.17107573293
6.17576656714
6.18987143091
6.22600754624
6.22702656355
6.24896955767
6.2499878787
6.25830061658
6.26914242684
6.29686957176
6.31028429151
6.31487800721
6.33203582025
6.33834644461
6.34583671594
6.36125617073
6.37793365399
6.39888413473
6.40256879483
6.40931495099
6.42732943055
6.44774969959
6.46381445519
6.47064745273
6.51037025843
6.51435630479
6.52524747642
6.52665062185
6.54264392428
6.54918296439
6.56227410618
6.57059623532
6.57891946601
6.59678386475
6.6066987461
6.62465328174
6.6372037984
6.65506676809
6.66357551818
6.67278980921
6.69903389819
6.70154754454
6.7163105886
6.72603770937
6.73562932625
6.74242851277
6.74754161598
6.77076640182
6.80283786537
6.83413114712
6.84248644377
6.87630836678
7.01172623114
7.05541081073
7.06852009917
7.07873402056
7.18542483377
7.20476298001
7.22851694864
7.26253400075
7.27410602504
7.30050585634
7.3353911739
7.36807052297
7.38506131909
7.41646365146
7.42731240248
7.45301286706
7.48693394707
7.75643000439
7.81035773619
7.85727211254
7.89819032261
7.93177718914
8.00133777318
8.05127221579
8.08328157799
8.23636786659
8.25602487005
8.3244370739
8.4169547847
8.43910986207
8.50409434248
8.8215032745
8.86520277013
8.8832826369
8.88729771701
8.93029216536
8.98115092314
9.07131840194
9.10502079504
9.18215047984
9.23733276431
9.26799401421
9.31938094713
9.36734558498
9.44571259543
9.69020677033
9.73888956985
9.78495749269
9.83701835209
9.94768477552
10.0300549793
10.1816938995
10.210472268
10.2427076231
10.4254081437
11.0866617897
11.2041898912
11.3380274511
11.4617485617
11.6212727077
11.642736266
11.7910761186
11.915655342
12.1118999664
12.1267415107
12.2384246131
12.4009839133
12.4759496143
12.6042550413
12.7872477333
12.9754157765
13.1204757246
16.6750300435
145
