6.01099900329
6.02355727103
6.06984116481
6.09220027565
6.10269236231
6.10849787304
6.11400823892
6.1191054983
6.12637357328
6.14047016672
6.1516856802
6.15552941301
6.16579858682
6.1806628801
6.19522536941
6.20359854176
6.2171079603
6.22313206427
6.22394117303
6.27429531692
6.27578284271
6.29039731769
6.30341351759
6.30851291991
6.31395770132
6.32922981744
6.33715789574
6.33954527265
6.35395907349
6.35730532773
6.37087229381
6.37646941909
6.37795149883
6.38972364948
6.39643205458
6.40271772998
6.40846874181
6.4273646972
6.43118305736
6.43815694388
6.45465113599
6.51608920051
6.5341849036
6.54082848671
6.55191975109
6.56060104407
6.5675109822
7.35368261732
7.39304516712
7.42359467877
7.46508455583
7.49388550882
7.52185619033
7.55352519428
7.5711044457
7.58814072155
7.59257658885
7.68820173733
7.71147237971
7.74664901818
7.78449672549
7.88885622059
7.97734946478
8.01778953428
8.06330852649
8.24843695784
8.28136455289
8.33740900147
8.38566839372
8.44844627468
8.50110794919
8.53405251835
8.58048157946
8.65509861141
8.72604664718
8.73343308367
8.84768306953
8.88478898191
8.91016297584
8.95399727077
9.35060199348
9.40514974983
9.45561380612
9.54316546789
9.92483398941
9.976674327
10.0754417285
10.1851239753
10.1961887775
10.2728211761
10.6262632874
10.7318563645
10.8591400738
10.9124872439
11.1226704964
11.2621496488
11.3349075777
11.4196128412
11.5571788738
11.5962820633
11.7093615644
11.7262153233
11.8052833096
11.8765532468
11.9327730525
12.0067855609
12.1241304089
12.1364229562
12.3246277327
12.5670368732
12.7047222309
12.8483874995
12.9683608891
13.1497316945
13.4095542892
13.6124754047
13.7823259607
13.9837957472
14.6532630541
119
