6.00502895391
6.04508853057
6.05863646237
6.06671092623
6.07974223755
6.08625203273
6.09709729375
6.10410571619
6.10647364834
6.14255516687
6.14872755907
6.1646052331
6.16588016821
6.16967647607
6.182685826
6.20415684913
6.20556344243
6.21157136743
6.22076381052
6.22149159651
6.23005103679
6.25711639851
6.68366052213
6.70184819168
6.71449530624
6.77992926305
6.78199092061
6.81347560477
6.82792391683
6.85710269463
6.86933051759
6.88885923895
7.08420225542
7.10120718291
7.14777566745
7.18301849651
7.21796331363
7.26031721958
7.26469574261
7.28138104819
7.30062701704
7.31466150931
7.32636210455
7.33763183367
7.35307689738
7.360943797
7.37283935754
7.43207748338
7.45002526414
7.4781435668
7.52813053693
7.55214676552
7.61058433753
7.62651265859
7.62912063289
7.69119594349
7.72015841477
7.84331920345
7.89135414647
7.91872262727
7.97019258651
8.02147585965
8.04133314295
8.07913055392
8.11828284676
8.14795053897
8.17092577667
8.25157728244
8.259025397
8.27855331162
8.34563735687
8.39889528254
8.4353300334
8.4621605066
8.47941778738
8.54912453522
11.561604446
11.6671377845
11.8491166818
12.1201997782
12.1349720295
12.2306994859
12.3237153968
12.4625646442
12.5997885789
12.6538649402
12.7059118411
12.7891474744
12.9192026269
12.9864875546
13.0585922295
13.2422476152
13.39104195
13.6501071837
13.7638544542
13.822726146
14.0740399079
14.1656716915
14.3007925644
14.762830116
100
