6.00302120236
6.00583510364
6.01776476313
6.02693656003
6.03664827221
6.04549391783
6.05023113142
6.0531074264
6.06211240228
6.06674640945
6.09168061877
6.09847615959
6.10869456553
6.11702762309
6.11954053805
6.12821533254
6.15170638289
6.16917871438
6.17578583333
6.18433940436
6.19024918388
6.21587723402
6.21747998892
6.22406796485
6.23181149995
6.23607270806
6.23765411452
6.2471364062
6.25705171825
6.26895758352
6.27135913182
6.27835710385
6.29847680901
6.30935758447
6.32164815859
6.33270129972
6.34066131741
6.34849145408
6.36542371338
6.3777991195
6.38915400986
6.39087461819
6.39866077675
6.41229287844
6.42039119764
6.43039614625
6.43953462414
6.44966933557
6.45211086786
6.48631798257
6.50920490084
6.53152439103
6.54060979632
6.56052613307
6.59097980392
6.65377353951
6.67714705348
6.70304109417
6.72655867127
6.77472634025
6.7769038316
6.80061276979
6.95575245293
6.96624883902
6.98575542611
6.99340982941
7.01024757705
7.03672213996
7.03830000823
7.06494807634
7.08363059222
7.24002500026
7.30778859563
7.32912604614
7.37338466922
7.4708488361
7.52033191244
7.53588383247
7.63291886269
7.66416394968
7.7114035382
7.78950807993
7.84086011256
7.92292668543
7.98355071625
8.05175227643
8.10361800285
8.15841940201
8.17934507339
8.21513529515
8.30167280549
8.46955269911
8.4896994171
8.60293129832
8.72568478024
8.76095216955
9.20738994643
9.25928072216
9.32171795358
9.40630309527
9.44537042544
9.48735925869
9.50507551848
9.58570757164
9.61848170926
9.66934086978
9.73635912339
9.81339696923
9.83984752693
9.91849939574
9.94843230266
9.95452460209
10.0873318398
10.0947524694
10.1196161649
10.4111710445
10.4305073499
12.7851991628
12.9812338974
12.990090497
13.2097588527
13.4739324949
13.9009866985
14.0743773525
14.5489585446
125
