6.01035532407
6.0225788017
6.02625407703
6.03626851581
6.04663869732
6.05132113054
6.05605072784
6.07427965998
6.0824725635
6.08565539264
6.09111523799
6.0986027961
6.11449426673
6.12290755013
6.13123192612
6.14010524298
6.14360947703
6.14490429224
6.16339330608
6.17115368468
6.1911959681
6.19316538382
6.20614720745
6.21122986016
6.2220206452
6.23172458921
6.23961423141
6.25150320235
6.25826458758
6.2701924063
6.27891536816
6.28677767855
6.29485457848
6.30724160577
6.31220411434
6.3147510246
6.31602586625
6.32811934588
6.32929176182
6.33313812414
6.34509807385
6.35183697611
6.37595178543
6.38073019721
6.38668473328
6.39330447682
6.39675566513
6.40395213155
6.42856145236
6.58213079973
6.59876375269
6.60020060612
6.60488487741
6.64426264743
6.66892352145
6.68936779814
6.70749689095
6.78604412926
6.79765181877
6.8621986585
6.87128182821
6.92158964781
6.93538623853
6.96510842404
7.00273121257
7.013082095
7.02769434617
7.07403741255
7.10400758009
7.12854069974
7.15237949484
7.15845867564
7.1764548628
7.20445787046
7.23574416428
7.25782787774
7.29189969909
7.31889525412
7.35982175687
7.38899571426
7.41974725849
7.46343565377
7.49862578956
7.93101033927
7.95166085102
7.96695734657
8.019720781
8.02573341026
8.08129863787
8.10413952438
8.12511331737
8.18343975375
8.23634036841
8.26511302135
8.32218573769
8.34654194619
8.45925650949
8.57485433938
8.58214598396
8.61312046733
8.68357571674
8.72111892431
8.74557588872
8.77947172744
8.85107248668
8.89752295799
8.96700616653
9.00221869114
9.04808902939
9.13643389228
9.19556774339
9.25902995693
9.34109012315
9.43177328952
9.8248471718
9.87113853879
9.96748469866
9.98590017933
10.0110900223
10.0847123696
10.1089789777
10.2062397491
10.2413902424
10.4318171562
10.7511993053
10.887924115
10.9311708294
11.0395303505
11.1180096208
11.1633242196
11.2987591614
11.3640152221
11.4344174044
11.5860229143
11.6776338285
11.7125873891
11.8666448903
11.9398805847
12.0701135904
12.1199324749
12.3246190445
12.3744887907
12.4822614038
19.0935496863
144
