6.00616364019
6.010202896
6.02506152626
6.03801019567
6.04054505456
6.04630644842
6.06338111448
6.08005088313
6.1178265377
6.13103443756
6.15335904299
6.1543754632
6.1601425277
6.23330186665
6.24013191355
6.25108500425
6.28261933514
6.28703188586
6.28855042316
6.30478740061
6.30573053144
6.32022069346
6.32951576127
6.34234432053
6.34770416051
6.35020711868
6.35418458684
6.39492821797
6.40522993481
6.4195178878
6.4362362882
6.4532579633
6.45685773178
6.46351560521
6.51789822396
6.53761658198
6.58917026901
6.59709764035
6.61537949853
6.62920678588
6.65497247482
6.66567120065
6.68932811125
6.71114794929
6.7281258879
6.77672928114
6.78394251964
6.94562343172
6.98119090883
6.98725499261
7.00300206676
7.02949026345
7.03560702719
7.07885505546
7.14098507711
7.15644590351
7.18159980693
7.19379431851
7.20085685688
7.26234311416
7.35245377764
7.36990748176
7.48671199956
7.52380392209
7.77948236177
7.85021631678
7.87694636524
8.04929093111
8.1110650977
8.17112887768
8.22436936472
8.26804549944
8.27353072091
8.30437977161
8.37006235577
8.38604171092
8.48131235134
8.53688990988
8.58007379656
8.59817886557
8.61032051481
8.6552059447
8.67651664196
8.78509698933
8.8121420132
8.90221832842
8.97612160951
9.06664844685
9.17235372097
9.20477666444
9.30842497443
9.3687324074
9.38352876492
9.43998948631
10.4040121884
10.5049731372
10.5510499459
10.6489079237
10.9544006983
11.0403284666
11.0539869737
11.0953147779
11.1274825974
11.1726813942
11.2475067448
11.2791201265
11.4055769739
11.494361127
11.8239795328
11.9812333847
12.166381012
12.3038884909
12.4856257747
12.4941709125
12.5963279886
13.0273492222
13.2058420831
13.2620207922
13.5159215597
13.5519457992
13.6205495085
13.6752490313
13.8968043494
14.0085870144
14.0278474638
14.6698854029
126
