6.00619865891
6.00710253514
6.01314309035
6.02229008207
6.02339527859
6.02667787536
6.02752311782
6.02835692515
6.0411253275
6.04816615107
6.05473985781
6.05763472972
6.06471676777
6.08003707735
6.08287779562
6.08621072109
6.09815466373
6.10575754565
6.11237118534
6.11661580211
6.15391240575
6.16169212826
6.27908338284
6.28011912442
6.29637443136
6.30678960917
6.31291908622
6.32506129873
6.33672010145
6.348950029
6.35331660134
6.35435704279
6.3914079857
6.40346426625
6.40761351938
6.4088984377
6.41631103292
6.43152400402
6.443442314
6.44806702287
6.45609689954
6.46749087571
6.48164794983
6.51341568869
6.63626291326
6.64981407115
6.65503066149
6.67197140086
6.68875936801
6.70374965616
6.71533452423
6.72350585824
6.73919486464
6.74966285623
6.77605343392
6.80166242245
6.80344798991
6.86193456389
6.8839540265
6.91842179282
6.92990009023
6.9431539924
6.96188599835
6.97958655157
6.98865105711
7.04452565947
7.10914361095
7.12342651193
7.1520258565
7.18638030457
7.22656575434
14.232894497
14.3705769063
14.5617454464
74
