6.00138542842
6.01249438224
6.02349149438
6.03072084794
6.03915667463
6.04223405113
6.05066871617
6.06496014899
6.0710449231
6.08107275281
6.08755110878
6.09372529563
6.10156497185
6.10943846737
6.18647530721
6.20143020827
6.20409949736
6.21227949032
6.22950578657
6.24103061922
6.2492540502
6.25751747809
6.26321986765
6.26517546962
6.26934559876
6.28649905069
6.31524899858
6.31762207446
6.33473942568
6.34158062836
6.35538106838
6.36834584903
6.37747516655
6.40388948887
6.41208608916
6.41350161907
6.52069655958
6.52690674993
6.55447797611
6.57569123508
6.58000892954
6.60163157995
6.61576654864
6.63569474265
6.70314328147
6.7089233277
6.72908592013
6.75795427336
6.78881392265
6.81006920476
6.82181749034
6.84370119948
6.86034106543
6.87971024997
7.05470665592
7.07823521954
7.10520316048
7.13973774411
7.1415384613
7.20373818115
7.20913598828
7.25527450585
7.30043564029
7.34093373557
7.34713061955
7.42356036946
7.45055386217
7.4678015422
7.47104537928
7.50430402862
7.51076897921
7.56067303279
7.59399399844
7.74502065105
7.75297675267
7.92411253594
7.95162417906
7.95796150298
7.98551503684
8.0440802935
8.07778172225
8.2808501379
8.32962341548
8.35788905663
8.37160990755
8.39016687419
8.42181677725
8.45490846091
8.55444474076
8.59983603249
8.6330968482
8.65317790371
8.67745549608
8.69923642415
8.77020101633
8.85117591019
8.88134646676
8.93101381366
8.96232824518
9.02198514217
9.02696717275
9.22269304779
9.29323161991
9.39612661317
9.44068688453
9.56623868617
9.61549095757
9.69060215392
9.80051275079
9.8779851861
9.95358375682
10.0306641915
10.1716505317
10.2241302531
10.2417974098
10.361977564
10.4954001858
10.5398929837
10.704929183
11.103280845
11.137802738
11.2761247825
11.4008487339
11.5403941849
11.6223564548
11.6821371714
11.8096585837
11.8274410232
12.3428952078
12.4824748081
12.5308831194
12.5555698899
12.69782401
12.9116207158
13.0326453489
13.2132333248
13.2417509201
13.3627361348
13.5546527595
13.6513774569
13.7617087101
13.9826269101
14.2510650988
14.4118454659
14.5496233368
145
