6.00914165418
6.01560950553
6.02062062316
6.02391621137
6.027090731
6.03333333164
6.03726542459
6.05265255295
6.05444078405
6.06564616247
6.07257412101
6.15242112586
6.16780632326
6.17946150039
6.18357563866
6.19004441601
6.2055861925
6.21258248009
6.21947444204
6.22567263251
6.25265062037
6.25849858529
6.27577585051
6.28948234877
6.29970410125
6.30856414333
6.32249215
6.32435211682
6.37035348535
6.38218265642
6.38678650223
6.39434853997
6.4037100356
6.41926365868
6.44198557886
6.45037105352
6.45517468239
6.47790615722
6.48345802498
6.48872297917
6.50149393149
6.50970737542
6.51954268056
6.53780951219
6.54677176659
6.55839887241
6.56572124324
6.57086242776
6.5909290509
6.59861131201
6.63323229307
6.68349845607
6.70811084113
6.71404736339
6.72744628658
6.7414155198
6.8007457317
6.80679069038
6.81978064689
6.82771501094
6.85112688004
6.85888423048
6.86237454776
6.88606987672
6.89046049089
6.89705112094
6.93257121712
6.951713155
6.98113830313
7.00485399173
7.02743073782
7.07440443212
7.10019493395
7.11325284612
7.12524316569
7.14225758674
7.26054001744
7.33802793316
7.36692540482
7.37042323567
7.37435161413
7.394352431
7.51785719491
7.6688375223
7.71608842212
7.74016668921
7.76304421771
7.80255467546
7.86290246213
7.92696779546
8.0112110887
8.04533276585
8.06086348931
8.19302554287
8.20565218543
8.29382551226
8.35266942522
8.39536401286
8.41861351169
8.43376946957
8.46970916631
8.55877115096
8.5888525126
8.60293513018
8.64164033606
8.7148883334
8.75345056915
8.83362312871
8.84528782362
8.94103913749
8.99911407918
9.0066300092
9.0451524792
9.15468192826
9.30781339509
9.3684419822
9.41308354797
9.41877809653
9.43261019554
9.50195773038
9.51069317684
9.56762029987
9.62427377328
9.72385489531
9.86793286569
9.97620977155
11.9000229542
12.0308980641
12.0421656029
12.091836092
12.1658237221
12.2518899383
12.393316859
12.4907820873
12.5717347605
12.640628008
13.1405981817
13.3051272299
13.3791343398
13.5767774832
13.6606578068
13.7949849278
13.9603094341
14.1385249168
14.5220294748
145
