6.00667427024
6.01007476336
6.01803044172
6.02066127421
6.02665543136
6.0313960092
6.04221400922
6.05284520105
6.05884615862
6.0736663129
6.07425796688
6.07793960821
6.08489682147
6.08893909886
6.09939617469
6.10480867838
6.10533290462
6.11490708925
6.1192893155
6.12637557385
6.13324668191
6.13951843955
6.15108080969
6.15802178153
6.1758224481
6.17795962619
6.19230579118
6.19738052555
6.20688270394
6.22049157398
6.2369485775
6.2453210403
6.25795678927
6.3451240659
6.34788307319
6.36460179489
6.37073828779
6.38063458902
6.3960029076
6.42820080447
6.43352184748
6.43478437324
6.4574058743
6.46637588448
6.5673583748
6.67219827163
6.68961122236
6.71414813367
6.74289051207
6.76623678427
6.82102970436
6.83467631444
6.84230778315
6.86132504788
6.87251161017
6.89427156477
6.90018905084
6.91042823372
6.91675932307
6.92611887204
6.93947521134
6.95236320046
6.97522184089
6.9860532837
7.00703330364
7.01216304601
7.03765929868
7.06656648935
7.1066213348
7.12408683978
7.14225652023
7.18521208224
7.20149943867
7.27859810861
7.33652162023
7.35254685011
7.39162399924
7.40534841709
7.42589560133
7.56144374153
7.57741752566
7.59070769867
7.59458668922
7.64334393186
7.68315316961
7.74428226975
7.77372975624
7.79951108981
7.81799537112
7.90845898641
7.92793496095
7.96505462825
8.14262493554
8.2706282354
8.41021654312
8.81019877059
8.90749740532
9.08366203599
9.28697653518
9.31400141458
9.35865718371
9.65609527103
9.72284825752
9.72814197441
9.80129694529
9.86866950126
10.124699066
10.2435355817
10.2488716341
10.3668884313
10.5095635737
10.5295780101
10.5911746592
10.6564099718
10.6642864112
10.7390496333
10.8219030026
10.8539174157
10.9584839035
11.2264190294
11.3979978618
11.5720568462
11.7643618559
11.8494322664
11.9721245475
12.2134355128
12.2553841765
12.4442115775
12.5617555718
12.7631194055
12.7787205407
12.8667268582
12.975248798
12.9920645142
13.0600886584
13.2009651106
13.4643692165
13.5878177496
13.6718127272
13.9102829372
14.2905168643
14.3320340725
14.5470640868
143
