6.0008946078
6.01894003944
6.02965582248
6.03572445863
6.04315473848
6.0439379587
6.05510177794
6.06300810559
6.10256138064
6.10336086959
6.11112801219
6.12039471574
6.12712787295
6.14309987751
6.14804262655
6.15399483424
6.16521943556
6.17297534878
6.18083259236
6.18577041577
6.20569540168
6.23407901369
6.2415442771
6.2569103381
6.27200821068
6.28926423207
6.30363298099
6.30749570001
6.3207859252
6.33853074155
6.35445971289
6.3587644744
6.37522751162
6.37639005401
6.38245103252
6.39939905026
6.40726069133
6.41055666438
6.41574106936
6.43390849265
6.45190217869
6.46215604169
6.47275748176
6.48224061535
6.50176458018
6.54206682799
6.55524033888
6.60387984078
6.60983810126
6.61902188151
6.63143641628
6.64615019265
6.68515823979
6.70250074313
6.72088293301
6.75680637473
6.80601755127
6.90661982533
6.91998828816
6.92729322761
6.9489524995
6.99688205844
7.01050306398
7.03632410434
7.04229045953
7.07505152794
7.08903747502
7.17561318499
7.21174751623
7.25271680678
7.30436946235
7.33789580536
7.34283147826
7.37711461535
7.39343574358
7.41843015458
7.45248851247
7.50974431801
7.52609492654
7.54775589336
7.57654236642
7.5991516895
7.60977512374
7.64800087789
7.67297680122
7.74393079839
8.0633103311
8.0718635909
8.12444624033
8.16039308773
8.30904997493
8.35240181121
8.40691312818
8.43289810803
8.58238320674
8.64148660643
8.69141817393
8.76581758834
8.85503376345
8.89085691749
8.89972365296
8.94635045828
8.96339568053
9.00930731312
9.035949358
9.07662529999
9.22476597447
9.22889342408
9.27388004578
9.37071585869
9.50155707656
9.53920380137
9.6057402896
9.69300548285
9.78391544213
9.8105555022
9.86324956238
9.97239490567
10.1195461844
10.2046689152
10.2403603638
10.2672769054
10.2942531625
10.4038158398
10.5191850639
10.6956205812
10.733306413
10.7389168835
10.7836758706
10.8395561064
10.9799104814
11.0349101465
11.0646621846
11.1185164657
11.5124634001
11.5785672859
11.8240230739
11.9487287951
12.0118051283
12.0579972881
12.1246744652
12.1994057176
12.2101362912
12.3503231879
12.4998777152
12.5586862981
12.696321989
12.7988750723
12.9824069973
12.9948843043
13.0707696361
13.2789099094
13.3628675543
13.4378731088
13.6104745237
13.8061606972
13.9058690039
14.1802709656
14.3154937693
14.374021402
14.5066649292
161
