6.00887130639
6.01238513793
6.01843674125
6.14899459779
6.15529512852
6.19191851754
6.19726551561
6.21193000402
6.21641998427
6.2189569592
6.23582530685
6.24458174707
6.24578082521
6.24915208255
6.26416890255
6.27226050891
6.27914360674
6.29149531314
6.3094267875
6.31518973409
6.31989925553
6.34931494152
6.35692553011
6.3584079031
6.38071190154
6.39235169636
6.39831705494
6.41739257821
6.42465994762
6.49406124021
6.51239705965
6.80133207339
6.82201389677
6.84740455793
6.87939561275
6.88107805155
6.89553098279
6.93108432709
6.97773999418
6.98282980901
6.99597195806
7.06635432963
7.1062141489
7.18919807828
7.21127207917
7.2194017915
7.22247129049
7.24874565437
7.28609363249
7.36836222171
7.38567120789
7.41453769008
7.45409561605
7.6362840278
7.72933189639
7.73930076175
7.77626272857
7.79812999917
7.82227334085
7.82561729647
7.82894080525
7.86144705909
7.88522773331
7.91025088058
7.93733830865
7.98801040248
8.04738489841
8.06698730804
8.2344174796
8.28780732684
8.38307191329
8.39815956048
8.43452179875
8.45348818521
8.49512052947
8.51188365509
8.52952945984
8.63430356353
8.73277935068
8.99549050318
9.06366281844
9.08918350832
9.11882792522
9.26351879327
9.35265246402
9.43168861966
9.44827870783
9.49065100644
9.67415709005
9.69836127189
9.81158901902
9.85885614137
10.0238786345
10.0531799487
10.0648829765
10.1638559978
10.1980220335
10.2902389471
10.3902342118
10.3972883737
10.4179176471
10.5284318672
12.8093426355
13.0051945153
13.2015432716
13.2310200261
13.2617446859
13.5967611487
13.7352889084
13.7956365062
13.8785134735
13.9682376916
14.32148645
14.4745778455
14.688270576
115
