6.01598386045
6.01811963555
6.02582160308
6.03154083482
6.04412514179
6.05023341657
6.05895536919
6.06265481982
6.07101470189
6.07952702327
6.08012924811
6.08237011059
6.09141254517
6.09332227178
6.09425772412
6.09601472139
6.12742764669
6.14390917447
6.14999783442
6.1550630533
6.16259551766
6.16569034899
6.16635935055
6.17534495321
6.18061116391
6.18188918678
6.18309540055
6.19506568894
6.20033954466
6.20443249712
6.21519000985
6.22514342811
6.23230803365
6.24150585264
6.26669504007
6.28432073627
6.3145123442
6.31861371982
6.3274486405
6.34054617961
6.34639567052
6.35498341033
6.35776470033
6.35897759551
6.37070934332
6.37727157565
6.38140304017
6.39166486597
6.40016633249
6.40504195261
6.41220306598
6.41875751631
6.43289248212
6.46159693161
6.46284196166
6.51528952383
6.51950375664
6.53859139147
6.54101351501
6.57753497927
6.57939905197
6.59469434901
6.63069748079
6.66570768092
6.69594918188
6.69730569049
6.7088882187
6.74764855373
6.76597842363
6.78611544372
6.80685414889
6.83123709248
6.85808986625
6.86573362044
6.88452901056
6.92891077158
6.99635676894
7.00943811122
7.01387132488
7.03210017032
7.10734646446
7.18117268371
7.18698706015
7.20403137491
7.23051257031
7.24403431943
7.27227556109
7.34777985439
7.38124897273
7.42684361471
7.44999984539
7.49911530499
7.52240280924
7.5355893615
7.62176059442
7.63241684894
7.66850885027
7.71003899418
7.75721285143
7.7754032783
7.8198651064
7.85705180327
7.860239066
7.88265920404
7.98289352723
8.02838457841
8.08155009176
8.11315615026
8.1489851448
8.26193628748
8.28286891117
8.34334212505
8.42633417436
8.4612977383
8.4846987116
12.889709542
12.9850924643
13.1959020287
13.9457513228
14.1723512791
14.3362954946
16.0077321174
122
