6.00889577413
6.01700321602
6.01849600976
6.02235604494
6.03048981232
6.04007734464
6.05481091088
6.05808702381
6.11763966369
6.13147395568
6.13368422944
6.14499174807
6.15139866635
6.15694979092
6.16267753873
6.16698433643
6.172612914
6.18462936141
6.21496244663
6.23340270231
6.25260296315
6.25951344184
6.29012854922
6.47479241025
6.47868366628
6.48991201548
6.5208701495
6.53011964857
6.54067578592
6.58755620339
6.59701715349
6.59833218803
6.60389391765
6.6163610882
6.61748551119
6.62237869564
6.64131554121
6.67677139156
6.69177069229
6.70304053909
6.71364188838
6.72472548448
6.75740517525
6.76373784526
6.78118391801
6.79012380969
6.81753931936
6.83668495599
6.86932081919
6.88399936673
6.91205713259
6.94453663021
6.95376906669
6.99420413699
7.01353862735
7.02196726493
7.03246658876
7.06230709274
7.08626070427
7.11216161862
7.13975722702
7.14304109619
7.1816366981
7.22540134998
7.23941283404
7.26497106388
7.71708216629
7.76648205836
7.80225448133
7.8265673285
7.92330791478
7.95013498745
8.02647294809
8.04399188761
8.17312626062
8.22909878917
8.39565275007
8.45684280004
8.51741871984
8.58667099641
8.63290567013
8.66476103068
8.68302650286
8.71948092903
8.79057531136
8.85229455852
8.89433665857
8.90330245793
8.93460150015
8.9631406164
9.02347375317
9.15912978906
9.17225826639
9.20381991623
9.27228266953
9.31600989728
9.36512119048
9.3965916844
9.57473274938
9.64916789406
9.65725960028
9.82846998747
9.86873143314
9.96906836573
9.99178079067
9.99864053475
10.0652535937
10.1312717144
10.1384293939
10.1511546021
10.2526042495
10.3696168625
10.4822906666
10.5663135187
10.5944133057
10.7423719935
10.8401149955
10.8813673518
11.1445092436
11.1845874496
11.3419356757
11.5064954324
11.5568202324
11.6776643799
11.7137458431
11.8320903072
11.9299502842
11.9626486328
11.9957606629
12.1268332266
12.1768520445
12.1985793495
12.2778034925
12.4115905079
12.5519978546
12.739155399
12.9208314474
12.9588239523
13.0667982217
13.2063029268
13.2181298926
14.1695491446
14.4231148481
14.5569018082
144
