6.00348614118
6.0052760065
6.00669485064
6.00847944669
6.01880585037
6.02615137096
6.036792438
6.04635898885
6.06285853541
6.06644653018
6.07026442673
6.07725824661
6.08450452728
6.09470200542
6.1366153731
6.16680083167
6.17484051044
6.17599001191
6.17853040235
6.18997414605
6.19405828923
6.20025939935
6.20752313723
6.21602817113
6.21949746872
6.22443377015
6.23456851739
6.23861452108
6.24457207054
6.25833543151
6.27274981786
6.2892902793
6.36767458503
6.37799300556
6.39247902656
6.41300177712
6.43104451464
6.44055425264
6.44899257326
6.45422093632
6.45656063278
6.45895638732
6.47654101862
6.48984739541
6.50304978174
6.51239277944
6.53050048293
6.54626138561
6.56230506871
6.57620159764
6.59419376448
6.60553488921
6.83122357494
6.84184125305
6.85906980149
6.87995346631
6.91519218356
6.93929724189
6.97336539827
6.98313506058
7.01387400729
7.05173837006
7.06249248844
7.0659867943
7.09715538123
7.11055591657
7.11939169443
7.13559172427
7.14318783303
7.17130273013
7.20043288216
7.21766674039
7.39902103921
7.43366551447
7.47381267359
7.50018525631
7.64128858226
7.66153898016
7.69444298425
7.74424088935
7.79342716333
7.85368712552
7.90402721407
7.95281184452
8.01073043141
8.03975240053
8.06066374738
8.07359980405
8.11748100754
8.15707962276
8.19330121766
8.22410153899
8.28136096859
8.32532021819
8.32936321549
8.37554550052
8.41084832786
8.442969218
8.57119476283
8.67128666956
8.6929806924
8.84135077714
8.89634114622
8.97880869323
9.15583405959
9.72139008696
9.75117049961
9.92836834499
9.97898786127
10.0494272655
10.1530632775
10.2413541169
10.3294856781
10.3890223013
10.519479361
10.5337053896
10.6132042056
10.6493768322
10.7517602699
10.8455150402
10.9050894483
10.9834245105
11.1469765558
11.1643326287
11.2049625584
11.3379604242
11.3952440317
11.4847599707
11.6362573999
11.7007541778
11.8259954379
11.8616501968
11.8994497915
11.9198156585
11.9423711594
12.0077054559
12.0453391469
12.1320055165
12.31999702
12.5822960028
12.6939478623
12.9290104315
13.0182483047
13.0444181201
13.1039949861
13.1438024141
13.2292227057
13.4937429268
13.5849513266
13.6784520288
13.7557246865
13.9850750601
14.6193704174
153
