6.01137109189
6.01564097112
6.02274676404
6.03535476946
6.09718607091
6.10532123689
6.11201546116
6.11511496831
6.12279377108
6.12687846813
6.13928580019
6.15180384376
6.16356729252
6.20822803588
6.21862962358
6.23782868479
6.24593008333
6.25803032696
6.2595858422
6.26666590887
6.2795467279
6.28542466752
6.34569762389
6.35183296692
6.36867429931
6.37639550694
6.40035370963
6.40685616862
6.41977470418
6.43184127301
6.49285642113
6.4992989792
6.50116999333
6.51169819333
6.54468473377
6.58303387706
6.59564778074
6.61597098662
6.62556732648
6.63827543385
6.66676195961
6.68247570651
6.69870417849
6.70783569874
6.71547190351
6.73885601213
6.76343991724
6.78804119611
9.5079345831
9.60425023459
9.78006809801
9.85963859424
9.86693113206
9.8731883514
9.94711937131
10.0786887845
10.1834757463
10.2585197584
10.5817303291
10.6075596903
10.6989903283
10.7578076245
10.9067042694
11.0200073086
11.3570806483
11.4238632
11.5866397243
11.6860755112
11.8585376494
11.9054977087
11.9656001542
12.0638711102
12.2279415156
12.6527915388
12.820212651
13.0119605672
13.1229348176
13.1406278202
13.2742768553
13.5906187242
13.8586401714
14.0889617715
14.2076955193
14.5096162325
84
