6.00150973865
6.00514275584
6.01248388408
6.01809208228
6.0232514769
6.02618924289
6.03331095355
6.03455629412
6.03927976946
6.06380091147
6.1393761686
6.14271070975
6.16222403406
6.17511197989
6.18707340131
6.19702985617
6.20011156689
6.20916312527
6.24289471593
6.24413629338
6.25412141461
6.25846745403
6.26661651764
6.28489689466
6.35340001073
6.36494629399
6.88273482388
6.89348172665
6.9041853208
6.92228213047
6.93153350415
6.96919943875
6.98097795106
6.98461065912
6.98791124822
7.00306854994
7.0225746757
7.30330390664
7.36279229559
7.66189592068
7.69406398077
7.72274470622
7.75436965375
7.78345304367
7.78706457
7.81848200216
7.88719070237
7.91041555064
7.91459349468
8.00152233449
8.06596421588
8.11679997903
8.17539074603
8.22088171064
8.27885781386
12.3718488388
12.5457536784
12.6317109541
12.8066393358
13.0056616705
14.8990454653
61
