6.00894356921
6.01151908357
6.02553554759
6.03610055084
6.06008929491
6.07546807458
6.09262991539
6.0989297939
6.09945022319
6.10865278646
6.11277770233
6.1233896937
6.13315367971
6.14184424308
6.15341781151
6.16332022044
6.17231125291
6.2354869073
6.23854723055
6.27582129998
6.28752561827
6.28851121138
6.29201876428
6.30423565943
6.32984665504
6.42690500452
6.43229093296
6.46721933351
6.47158096437
6.47282419
6.48490789227
6.49637640344
6.51986442844
6.53499336376
6.55559568684
6.55796993472
6.60854807863
6.63384382161
6.63936691226
6.66459353513
6.69459823706
6.70043962671
6.71366168358
6.75271173024
6.76364796982
6.77681422493
6.79480098972
6.81978385526
6.85784135965
6.87469964683
6.90285121544
6.92226594554
6.94389946933
6.96211909
6.98453931546
7.00280141577
7.019683194
7.10848605976
7.14004443654
7.28020906648
7.42012869361
7.44863269102
7.50450282787
7.52374597812
7.52679304588
7.54284844467
7.57261217796
7.71710535927
7.7378668028
7.90127077887
7.92626655066
7.94109957196
7.9911454922
8.47101629309
8.55247438471
8.57555760966
8.6499176606
8.68274656538
8.72528820919
8.78719799831
8.85570853615
8.86996079368
8.91993009365
8.93664558244
9.00973480853
9.0887487579
9.12468383721
9.13326630477
9.14159668915
9.16361804322
9.18526400799
9.24712410427
9.30768340314
9.32975702401
9.40826449915
9.49060321434
9.53555804201
9.56840417915
9.57496619173
9.63053981096
9.71924725577
9.89564385946
9.94579375517
10.4074300034
10.5379038724
10.6256060005
10.6446027945
10.6907168799
10.7001249794
10.7135613474
10.7515037945
10.8355402959
10.8825819445
11.0252929774
11.1419940244
11.2416371325
11.4687904873
11.6403197651
12.8385252471
13.0207110947
13.1125215361
16.5834751074
122
