6.00221239059
6.02915956616
6.04012081918
6.04107965793
6.05349409239
6.06544694
6.09043446102
6.09832533127
6.10509035165
6.11780568873
6.12461529876
6.12591006631
6.13058547244
6.13402270657
6.14473869798
6.164149133
6.17762794483
6.19554392383
6.20018678693
6.20766761021
6.21764049621
6.22847329494
6.23725797227
6.26947255245
6.27757739697
6.29202701953
6.30204546708
6.32392080328
6.33782291305
6.3392599766
6.34479078711
6.35018824638
6.35635189115
6.36606836625
6.38070644232
6.39866984941
6.41375789048
6.41639606085
6.43462601352
6.45257796187
6.4626068822
6.49342377389
6.52624276364
6.53044689637
6.53444509675
6.55644003347
6.56304115988
6.58584253642
6.60234889357
6.63041507949
6.63920511714
6.70916499714
6.74150501784
6.74448883154
6.77453775545
6.83470610765
6.85144663539
6.86605188941
6.96853926795
7.00999134298
7.03554644345
8.72444601819
8.82866483872
8.89446418415
8.90356391567
8.93450936962
9.03443506334
9.14394810521
9.20924872705
9.28538529685
9.39762983174
9.47876850377
9.50384798898
9.53000476936
9.59704874951
9.64538457209
9.6990742885
9.78572931898
9.87571883153
9.93168781671
9.9906375935
10.0240817929
10.1907904641
10.3796350368
10.6451427665
10.7557240307
10.9409063023
11.0257776164
11.1139492794
11.1743640978
11.3738396587
11.5585537078
11.5717596022
11.6439420414
11.7235542798
11.8263622127
11.9947997607
12.1357974089
12.2034913742
12.3410010292
12.4063904755
12.6119988684
12.8289233421
13.093004702
13.9014997105
14.1595896859
14.2213449663
14.3696997617
14.4506243332
14.5917894014
110
