6.0236776303
6.03103222304
6.04389002162
6.06601029558
6.14719881204
6.14831996806
6.15448504392
6.1629209237
6.16830654293
6.1725271836
6.17367372759
6.18180433469
6.19129980161
6.19221812519
6.19426111417
6.39061199532
6.40912415231
6.43368081487
6.44850847499
6.45754083242
6.46656521013
6.46841643966
6.48492432852
6.4954549585
6.50026880254
6.51188190635
6.52684253697
6.56451916615
6.59798293033
6.61117872415
6.61999107438
6.63322227628
6.63883050913
6.64658938283
6.67237199145
6.69335992508
6.72070661792
6.74527684547
6.85691794242
6.85930835185
6.92955120727
6.9684463664
6.98320240965
7.04134628479
7.0768134
7.09690011409
7.13338651801
7.2165865086
7.22025236733
7.23473833525
7.32696188984
7.68188761429
7.73882028001
7.75103482414
7.81314074772
7.82468904613
7.84570547594
7.9106117587
7.96225620431
7.98486990165
8.04259692403
8.07654844121
8.09996168387
8.16708005422
8.21480252271
8.27116345907
8.2859397513
8.34470203968
8.48330270223
8.51431988674
8.52222327346
8.54175444148
8.59322566116
8.63117291544
8.65266351273
8.70765623739
8.81732934293
8.94653663145
8.99352809541
9.04758174918
9.09191222685
9.13962017833
9.2777461618
9.35869145921
9.40934255532
9.65714348197
9.68280906743
9.73736147759
9.78994345607
9.85187075027
9.99024778911
10.0111540366
10.038709318
10.1689584767
10.2514489492
10.3464708386
10.515044929
10.6086791767
10.7476804557
10.8246216003
13.3375221743
13.5516983188
13.7227935644
14.4125889102
14.8306561558
105
