6.01395256911
6.01527753671
6.01579919404
6.01737959758
6.02684912981
6.0322087874
6.03820142504
6.03916894492
6.05324279228
6.08648682407
6.08735649992
6.11882599887
6.12041979035
6.12464413159
6.13627051473
6.1400257926
6.14113163643
6.14980709273
6.16552278068
6.16760829215
6.18114224061
6.1924825654
6.20559040001
6.21828893602
6.2355733777
6.24533962565
6.24828825653
6.26168936869
6.28232471196
6.30070617207
6.31683627772
6.40318123497
6.40910292627
6.42682274072
6.444067292
6.45223314983
6.48020470271
6.49638687149
6.50805150162
6.51459215445
6.54498364983
6.56804101678
6.579096671
6.59355375262
6.60978046766
6.63521914284
6.64314718769
6.64958159168
6.66669453764
6.67039752878
6.69629132521
6.71848251921
6.75217550775
6.75784400339
6.7963969032
6.80815251295
6.82236681331
6.83344202998
6.8624913689
6.88803169857
6.89053671779
6.92054759419
6.94948797161
6.96907611403
6.99644171921
7.03109420936
7.05119353058
7.07153503836
7.07965515083
7.10952494062
7.12836978213
7.15305493722
7.26811639662
7.28598824178
7.3069827008
7.32699878184
7.38963212819
7.40062030692
7.41090521345
7.42089787656
7.45825991181
7.50866111981
7.53507095512
7.54679420568
7.71714458582
7.72818293506
7.93548037963
7.97162900842
7.97659641106
8.01411368389
8.02168176179
8.06341320007
8.09462096587
8.14687241229
8.18970912823
8.22209090318
8.2492169138
8.25350824473
8.50231553349
8.58757973489
8.7054687661
8.77225088382
8.88504357206
8.94776026191
9.00754522242
9.10168826996
9.115109082
9.14736530191
9.30854379245
9.3479758124
9.35387439909
9.35820243921
9.61351814492
9.70986761437
9.7298093392
9.80680756305
9.88657830091
10.2385729732
10.3974406846
10.4174239703
10.4413535943
10.5793856037
10.5887539581
10.6135763364
10.7101181996
10.8175521973
10.9528037344
11.1767762876
11.275675325
11.3288246479
11.3968306016
11.4212615927
11.4287716111
11.4731137482
11.4888858649
11.5858884306
11.6254142449
11.7897616378
11.9334385101
12.0884099955
12.556226361
12.7088656837
12.8687609523
13.1602095177
13.2568646686
13.6352189291
13.6455071436
13.697834984
16.2348771916
149
