6.01804860271
6.01872791527
6.0298105838
6.03280326485
6.035480871
6.03998950089
6.04268652064
6.04574759879
6.05678542182
6.06466461502
6.06698211721
6.07356881407
6.08185819747
6.11159817175
6.11974845672
6.1222124492
6.13964185012
6.15637749297
6.17930836189
6.1830671514
6.19230780949
6.22467997378
6.23245041049
6.24602174511
6.25693678074
6.25762813126
6.26472944003
6.27312980845
6.28103071775
6.28533015596
6.29840691934
6.30417031916
6.32913618109
6.3356715531
6.3400359239
6.35484785324
6.37435415302
6.39643824889
6.4158189756
6.58282617886
6.60184203709
6.61798123071
6.62261223383
6.65740502062
6.7000890926
7.41546484629
7.42692014146
7.44738999285
7.45059655775
7.52208680732
7.54978796566
7.56661949435
7.58201141842
7.58400644778
7.61263071769
7.62821563941
7.66462517087
7.7035833628
7.7158125525
7.74347523491
7.78683150278
7.80517944006
7.81605776914
7.84133675507
7.9011657729
7.95099049801
8.10270678918
8.14783888978
8.18125910025
8.25684110982
8.31291060897
8.38125985875
8.41697280627
8.50028406058
8.54710303344
8.55751207357
8.598169392
8.75379104081
8.83797051003
8.91392452935
8.96597843631
8.99583423807
9.020550662
9.03491491968
9.0620242912
9.17134595885
9.29520402623
9.3023448986
9.32683079736
9.39055675721
9.42310976609
9.49808210538
9.51905548417
9.57956046387
9.6290595559
9.69155161741
9.77995272518
9.84829031466
9.92709327869
10.3618138707
10.4476023759
10.5071038351
10.7161117032
10.7983907868
10.8220869501
10.9043016607
10.9972717601
11.1105108013
11.150279453
11.2361164261
11.3215918783
11.4284946847
11.6049874098
11.7491332025
11.8831941094
12.0469097126
12.1297042043
12.3734010114
12.6537779026
12.7356916153
12.8151991885
13.3416226208
13.5674605005
13.5891897206
14.1218381799
14.1430967906
14.3370859397
14.5542525739
128
