6.00389068687
6.01516110538
6.01626898642
6.0294192097
6.03701544802
6.04336145821
6.05614741665
6.12857427365
6.13145514188
6.20009505104
6.21828611866
6.23488510163
6.25071942143
6.25267918663
6.26043771086
6.2990806056
6.30722336157
6.47501896663
6.49315660337
6.5325784656
6.56274487212
6.57321011145
6.58296432436
6.5942970827
6.59587720612
6.60830332074
6.62855400767
6.64674017643
6.735832148
6.76089849437
6.77056972637
6.82588365987
6.82728610535
6.8463465151
6.8538930864
6.87113602066
6.91342657599
6.92060892107
6.94081541872
6.94555209174
6.95724377769
6.96962226868
7.02350057613
7.02820245544
7.04374341694
7.05258420309
7.06145840825
7.11316773778
7.1374895021
7.14116044776
7.14870220533
7.19676870002
7.22796759484
7.23799436011
7.24569238393
7.25483119639
7.25803787185
7.27354887158
7.31417468332
7.36825410752
7.45276422516
7.46614068037
7.47177976838
7.51103878411
7.53404161467
7.5917665959
7.61253633882
7.67788015772
7.72211613195
7.74390368339
7.74986803315
7.78520265192
7.84639162245
7.89725032395
7.915828994
7.92799542184
7.95445524864
8.08815383974
8.11104745438
8.14501452684
10.00850837
10.3659504963
10.4725745304
10.4971474615
10.5319637514
10.6637814715
10.8401964521
10.8868170385
10.9619377715
11.0541915172
11.191373368
11.3343001419
11.3680535788
11.3858361966
11.5102819545
11.5577903367
12.1294708816
12.227377165
12.2811669406
12.3384854344
12.4414425901
12.5505719724
12.5968038818
12.7609805434
12.8956975723
13.1012519156
13.1841788111
13.2777174849
13.5370789246
13.66273623
13.786788994
14.8601439018
112
