6.0073041454
6.01150964448
6.01728376644
6.02225688001
6.02341288826
6.03369566306
6.03695384574
6.03851564747
6.09034651038
6.12175541624
6.23197092029
6.242137067
6.249667579
6.33607134185
6.34724349561
6.36625083842
6.3749144799
6.37810336763
6.40245034723
6.41539268071
6.44231503403
6.45961982581
6.47414302577
6.48140899486
6.49177370485
6.50091483451
6.54235305701
6.56298788528
6.57871720202
6.58454919996
6.60599128921
6.62865248479
6.74395755341
6.75826396863
6.79429563583
6.81175411172
6.83961458208
6.84672877649
6.8705355854
6.90211779387
6.91760331789
6.93398192695
6.95419602301
6.95838113716
6.96282431977
7.01118836445
7.05933465182
7.06165629531
7.07608930978
7.13844335866
7.15038800603
7.18164300653
7.22237606463
7.25447047756
7.25889686442
7.27940553242
7.32698166733
7.33201418227
7.36003182388
7.38945641007
7.43194805572
7.44156154132
7.46673385475
7.56515152163
7.61897118202
7.63170700461
7.68856218578
7.73575720939
7.75107833586
7.80963027008
7.83711011513
7.86076434499
7.92451118538
7.95423699429
7.97271338396
8.00035737753
8.03165951089
8.05990000668
8.07640945967
8.09217016971
8.19800478742
8.20939435624
8.25150298027
8.30320613074
8.34352790845
8.54364285673
8.6452410071
8.64976239864
8.66388289966
8.72975605648
8.7551719689
8.821107994
8.88613996121
9.06783725324
9.10418927144
9.21644550196
9.27138179188
9.32284964938
9.3928121432
9.50089303823
9.53085642159
9.61885057407
9.71101012991
9.75249505251
9.99078940537
10.0632471396
10.1712765766
10.2064817898
10.3093173917
10.3687661034
10.6836028332
11.0536182017
11.0897303824
11.2991186785
13.1412141065
13.3558833761
13.5033140465
13.7985075029
14.2458980396
14.3251197359
14.4210114852
14.5934323783
122
