6.00922060916
6.0191414651
6.02937683087
6.03569674982
6.04652450817
6.05267243582
6.06106314478
6.06927801834
6.08697966697
6.09240217959
6.09631299666
6.10039340385
6.1084577997
6.11375717495
6.12130393015
6.13087815416
6.13634372427
6.13901354816
6.13993462527
6.15207500411
6.1856144847
6.19260999869
6.2019508537
6.21511381155
6.22972795912
6.24364136721
6.25238769664
6.27076930399
6.29419748103
6.30434785453
6.31577138766
6.35033046148
6.36009610296
6.37128937224
6.38393647112
6.40288955314
6.40409659805
6.41181924334
8.47744749437
8.5228119342
8.58011910366
8.63765383109
8.66312572444
8.71167535856
8.75382121604
8.78885771134
8.82192780075
8.84417203024
8.91298235847
8.95237330867
9.07204474123
9.08909174674
9.15169492111
9.16717335662
9.21991196452
9.24288786385
9.25981914486
9.35009618072
9.71813778936
9.75659669473
9.81680765372
9.87681069819
9.94984543895
10.0182052805
10.0837046862
10.1034206645
10.2524974012
10.3532079257
10.3965071867
10.5472166862
10.5866964352
10.6569600389
10.7851807275
11.2240866543
11.3395282508
11.3507550015
11.4661513233
11.6098986623
11.7745528087
13.1451371371
13.3023561458
13.598272032
13.6657930191
13.8105759915
14.2459647354
15.3177747225
86
