6.00789420157
6.13588099549
6.13938194212
6.14408793651
6.16310159201
6.17024036687
6.17965513479
6.19687099202
6.20176551536
6.30561088205
6.30805801416
6.33384861501
6.34554885809
6.36256983606
6.37345016592
6.37725168801
6.3813090579
6.38537835642
6.42054793317
6.42785483094
6.44890100359
6.45727316343
6.48407744916
6.51176990647
6.51733816367
6.52932228134
6.53733815545
6.56745313352
6.61676213968
6.67493692524
6.70710297385
6.73311341757
6.8111213678
6.82449262427
6.83778588629
6.88407988876
6.90922740576
6.91266530358
6.93816783901
6.97336855372
7.0045282354
7.022325981
7.0312728077
7.07856298249
7.13382634004
7.14784754896
7.14949327101
7.17039444604
7.18395002959
7.20803040127
7.26145860943
7.27611577432
7.30190832127
7.32704567809
7.35436836583
7.38447605022
7.42140202969
7.47601403063
7.58812861378
7.62575916461
7.65267574481
7.69037376333
7.74066791675
7.75247161479
7.75773025286
7.80527508259
7.84523892619
7.90699228736
8.11508972107
8.15523711884
8.18542775292
8.20072929569
8.21015814791
8.21926464627
8.22293604241
8.25807486267
8.38420343978
8.45277622929
8.4710887345
8.47712197324
8.53979080661
8.58671420377
8.62736741583
8.64873861368
8.74037414979
8.80105994439
8.82059529397
8.8912116093
9.04763239652
9.11146760655
9.17756824106
9.2557255953
9.30140332965
9.40426496682
9.4773570701
9.54110212597
9.55621169607
9.59381340711
9.69518203106
9.71901170901
9.76431062484
9.83334721427
9.89492098582
10.1042781709
10.1292442205
10.1500822967
10.2360547821
10.3053420714
10.3365198827
10.3863141667
10.4516622326
10.5083797097
12.2987644995
12.4306865707
12.5359817985
12.8601548046
13.0568938838
13.1116266164
13.2273124882
13.3294245773
13.5251512399
13.5698295915
13.6543646038
13.9367920959
14.0617412011
14.3492493903
14.5713413728
127
