6.0007175078
6.00326662266
6.00706578319
6.00951430768
6.01009067162
6.01731271223
6.22236101836
6.22927518698
6.2714955501
6.28136633213
6.29267801393
6.29870892778
6.31013385054
6.32722986958
6.35043327438
6.36075238341
6.36434966259
6.37686862651
6.38967275432
6.4094028189
9.38536166286
9.45951564762
9.4890423296
9.49603626041
9.59140723386
9.64174330003
9.69712726936
9.70223167278
9.71834924199
9.78108045934
9.86379446213
9.89866634313
10.0047593132
10.0318821893
10.0362022559
10.1539978429
10.3305733549
10.5227935696
10.7054258321
10.8120528507
10.8764805486
10.9623318205
11.1012438668
11.2824450168
11.3010899618
11.4099979519
11.451688238
11.5947910776
11.622201377
11.8403418648
12.306259305
12.3189171943
12.3475679466
12.3604043328
12.5540911756
12.6672528583
12.8318546836
12.8734618096
13.0759478409
13.1921620901
21.0270215064
61
