6.00125873415
6.01265373618
6.02341301229
6.02736842909
6.04951626553
6.05532172747
6.07584554209
6.07869967179
6.08544447995
6.08677577918
6.0938096926
6.10308313546
6.10472227625
6.10571016679
6.11106969258
6.11773469548
6.11839041769
6.12164643678
6.12637603265
6.13326241177
6.14737939167
6.15861279408
6.16820416428
6.18849637799
6.1975138685
6.20857056466
6.21366461622
6.21443755647
6.22407769909
6.22893464535
6.23797511749
6.24015445476
6.2575696737
6.2662365192
6.27991839084
6.28998691127
6.31407993376
6.32194210976
6.33055429328
6.35476390371
6.37020289909
6.38121081868
6.39984394281
6.40895464481
6.41566446614
6.43066580062
6.46700934189
6.48355994607
6.49553768795
6.52375723604
6.52905639449
6.55425227182
6.76351005022
6.7888679847
6.80848325004
7.2359078681
7.25692991562
7.28005169472
19.1689036905
59
