6.00324021303
6.00740207734
6.01491460222
6.01971801338
6.03319403705
6.04586519859
6.05368405171
6.05491202804
6.06777519955
6.07212710289
6.09524805335
6.09870605896
6.10767927571
6.11802490594
6.12969447965
6.13507191187
6.14054047776
6.14482938294
6.15331360183
6.1663040815
6.18191411818
6.18285375407
6.19705403124
6.19901420883
6.20483183214
6.22052689509
6.23407119092
6.24095377581
6.24931616294
6.29825191245
6.30104353974
6.30781247257
6.30996099971
6.32250149551
6.34057483201
6.34503996408
6.34926628249
6.35527948979
6.35951054558
6.39586514539
6.39694179946
6.4024778122
6.42013141671
6.43338659822
6.45824530223
6.47311469053
6.48910765177
6.54001472866
6.55168382936
6.58474098233
6.59341929937
6.60124240809
6.60759418007
6.62280538257
6.63076081203
6.64233796084
6.65776638811
6.68991450638
6.69624515066
6.72435158062
6.7275570096
6.72904403546
6.74823018523
6.76733856078
6.79322895918
6.82438444222
6.88549542146
6.91586016767
6.92577233681
6.94312425376
6.97008474795
7.02719495719
7.07513290206
7.08503075835
7.10824053791
7.11556814897
7.12911679632
7.16338652189
7.17236989421
7.1966963355
7.22093071362
7.25645201081
7.25935447366
7.30609170276
7.33246837421
7.60422700964
7.61875587335
7.6482811755
7.67222781975
7.87854528517
7.96166029373
8.01825077111
8.0519881896
8.13830735529
8.19685501438
8.29418238624
8.34724260665
8.38095129394
8.45585074979
8.48552878153
8.51167035374
8.56147434588
8.63470881968
8.65556614237
8.69153866289
8.72747272688
8.75957533812
8.76384686628
8.76851283602
8.79467520223
9.29760759486
9.33752062039
9.44570894556
9.4854422702
9.52056226071
9.58897604012
9.70836275484
9.7532866961
9.81756392067
9.97265200215
11.8735165093
11.9394115493
12.0476949626
12.1427310003
12.2551992692
12.4069735683
12.6001066993
12.6797678113
12.7076917402
12.7861270171
12.8587758206
12.9264845625
13.1097644826
13.1273154069
13.4033574185
13.5302214162
13.5562197198
13.5774276177
13.8920837628
14.0914248467
14.2513795753
14.5338464929
142
