6.00574233154
6.00909234441
6.0218777374
6.03080142675
6.03354628083
6.04123081798
6.05129649034
6.05917623858
6.05998322819
6.06687335298
6.07539161578
6.08524817417
6.10128824263
6.10777466397
6.12832370746
6.13406418515
6.13987665465
6.14989378881
6.15294554789
6.15983625416
6.19090905141
6.19875546669
6.21803859098
6.22672491969
6.24067028694
6.25496847312
6.26105269668
6.27057315908
6.29034323035
6.29805287813
6.49572376366
6.51150732584
6.51606559559
6.51711607431
6.53098615085
6.54398048441
6.55030046106
6.60415366793
6.61455343033
6.63817616343
6.64660425238
6.65640038954
6.69046466075
6.74485133704
6.75267324218
6.75413733392
6.78130020526
6.7901421718
6.79247330087
6.8084865908
6.8796314967
6.89272542002
6.92065074407
6.92428864079
6.9375339132
6.95453063885
6.96795746789
7.01885427006
7.04066176396
7.0629759151
7.06845767084
7.09097523349
7.1031199698
7.14123672611
7.27470659483
7.28397187238
7.31637475087
7.34904577884
7.37588963596
7.71172509556
7.76239198076
7.91116477526
7.96756315058
8.0069455702
8.01198902002
8.04222889602
8.05682587076
8.10874659895
8.13563743125
8.1628741595
8.18558773908
8.19042425507
8.20463615267
8.23521968433
8.2943652747
8.39161029196
8.44787279421
8.54014510568
8.68181442855
8.68616681978
8.71338267301
8.79211193267
8.79728695135
9.00073216839
9.03169364009
9.07109230908
9.12443344113
9.17180727835
9.67302545535
9.772707532
9.83699407453
9.91316014482
9.91979799975
10.0063875836
10.0792302465
10.1010377923
10.138451437
10.2601413292
10.4477208661
10.8794511909
10.9750357626
11.0395930533
11.183983056
11.6687158416
11.7164264575
11.7692119563
11.778833606
11.9909965932
12.1163853861
12.4010780637
12.6093550955
12.6446046569
12.6787955912
12.8299844854
13.0254087462
13.2097165791
13.2242340843
13.6642519084
13.7097474459
13.8067564361
13.9290296449
14.5915972481
132
