6.12210490351
6.12769803325
6.13258468943
6.1664181792
6.17481598685
6.17910325989
6.18109753435
6.18524923698
6.19396134535
6.19524896876
6.19623525687
6.19877740245
6.20995734686
6.22437376843
6.23462541228
6.24854651524
6.25695742885
6.27867709204
6.2869667854
6.30369123257
6.38835432073
6.39399347267
6.39653334614
6.41297773637
6.42128928166
6.4342542135
6.46199365928
6.46850395398
6.47978242136
6.48797810371
6.49238794715
6.49891599418
6.51817990811
6.53003812448
6.56271382301
6.56815765506
6.59321599332
6.60653332647
6.62391528693
6.63643598979
6.96709971526
6.98784017849
7.03858830975
7.0572719523
7.10558940597
7.13450161363
7.15946657262
7.23893484836
7.24341255888
7.28446981314
7.32000182713
7.32741277289
7.37533037548
7.43651239697
7.47312001909
7.53052112247
7.61665818901
7.65624759958
7.70045855507
7.73192134665
7.78552399628
7.81823983299
7.87355936891
7.90044057359
7.92256077729
7.95571685586
7.99352980652
8.02191375151
8.04504889869
8.05236013848
8.07503215501
8.09345643726
8.12481222275
8.15760372062
8.25771638538
8.27744184359
8.28937514477
8.31614810419
8.73220159502
8.77453643159
8.80466153378
8.90378092991
8.98525763997
9.01300697003
9.1502736576
9.42366173014
9.46729696428
9.47648644099
11.3722547194
12.153756915
12.2136196073
12.2221072192
12.3677550501
12.4848112236
13.0334492104
13.058377326
13.256241865
13.4037370171
13.5504506958
13.6855692252
14.1492131165
14.2450893058
14.3971467041
14.5365094847
104
