6.00896241151
6.00964506047
6.01075686136
6.0301830659
6.07222465664
6.08086406208
6.11310603468
6.11761191933
6.12052340672
6.12868110671
6.15050969814
6.16267066799
6.1667393647
6.17354478257
6.20971038924
6.21110906911
6.22603414387
6.25937805884
6.26706776118
6.30264545658
6.33621208674
6.42054982527
6.46551595658
6.47587806814
6.48487419718
6.49657326525
6.91117246481
6.91753206236
6.93033331119
6.9377351965
6.94837456591
7.0111570433
7.04700441799
7.06523700081
7.09206561203
7.1212398953
7.15682226539
7.19574905552
7.24013924
7.27281426731
7.4081583663
7.43328529735
7.46310479401
7.47010900849
7.48313857726
7.48558072444
7.52585031018
7.54502233696
7.57427856567
7.76560039462
7.7997948845
7.8558773152
7.87568711701
7.90787664215
7.96258056505
7.96671674685
8.02150113669
8.04081315124
8.08229898362
8.14497412224
8.25259730297
8.27161234507
8.3205883652
8.34848429628
8.35356439953
8.37628850049
8.39876164538
8.40217746114
8.48455608132
8.52387791577
8.5714721165
8.67270578899
8.73598727899
8.81256767252
8.84382700324
8.89404856711
8.91361527228
8.96363770691
9.00160328603
9.02304524042
9.12188639394
9.18130439048
9.2623011038
9.33003377282
9.33569253068
9.42971908415
9.47139005166
9.50251283474
9.59935420581
9.67871540628
9.83623763936
9.966433536
10.0938843565
10.2625328721
10.2940531744
10.3334474366
10.3709276972
10.4022488585
10.4600023182
10.494907715
10.5858590699
10.6865022094
10.7514632289
10.8540465006
10.8900149035
10.9203152367
11.0222124484
11.2033364097
11.3485506007
11.5129817857
11.6289609925
12.0204538118
12.3018852346
12.4456153544
12.5035298093
12.8411325561
13.0798092801
13.2027507946
13.5301764837
13.6552106431
13.9284595869
14.0132035437
14.0364515946
14.3278801363
14.4139865539
14.63192079
126
