6.0045210339
6.28487549574
6.28695933456
6.29396935214
6.75958513786
6.76198342201
6.84273046414
6.86558977578
6.88396719314
6.91610071343
6.94577306653
6.97374387429
6.98070480856
6.98743641905
7.01439702135
7.12456384536
7.15421259385
7.17439814243
7.22482643316
7.34608104886
7.3762665283
7.41679034221
7.4372176482
7.45213650776
7.52456023608
7.74368512259
7.84017123712
7.89165794982
7.93935464876
8.03904533199
8.05220494085
8.05790372222
8.16256416872
8.20556631569
8.23042032665
8.32601422476
8.40465165192
8.47797341932
8.51739922759
8.63734067305
8.69401187994
8.75327048085
8.79364887165
8.98057134913
9.02115213437
9.02887714171
9.08124985376
9.10484992468
9.16128500296
9.17283524549
9.2531870893
9.29480316184
9.34203942268
9.64100134633
9.71233739908
9.72218146096
9.76412269227
9.94491512837
9.99351930525
10.0503135253
10.091154153
10.1425601204
10.177504373
10.2467633978
10.3287125024
10.3688818734
10.4845469194
10.5232541201
11.0546843861
11.0730444907
11.1530310898
11.689184381
11.7089197927
11.8710177757
12.0780331506
12.208710064
12.2243443025
12.3381996726
17.5563754565
79
