6.00559750042
6.0146107527
6.02120088388
6.23992045905
6.24344003452
6.25010576715
6.26387963362
6.27224337427
6.28448797134
6.29084799475
6.29181313215
6.30842210524
6.38104433733
6.44213360684
6.44961484044
6.46137784216
6.47878371624
6.53606350689
6.53995640968
6.54864126704
6.56534289354
6.57483877961
6.58300555041
6.58956023248
6.5982289016
6.61526546299
6.63203721801
6.63793947228
6.65215422706
6.65745557465
6.68757078599
6.69782436814
6.71883218049
6.73299043297
6.73557458795
6.76462920234
6.77171076685
6.79739201686
6.80612508906
6.81667611441
6.84219372678
6.85806451443
6.86739249522
6.94855250964
7.01414646124
7.072742587
7.09069958574
7.13458411935
7.14276848565
7.15859526114
7.18616811621
7.20336815318
7.2281464513
7.25075688946
7.28998673222
7.32220292903
7.33455472141
7.39210590069
7.43815577172
7.46234891923
7.47321585927
7.50266836959
7.5499347036
7.56565119528
7.59596427628
7.95811075297
8.0058594238
8.05949307455
8.08114092988
8.10007314543
8.13944862305
8.15940201571
8.19346331922
8.22884148591
8.2953790152
8.32550520316
8.43473862345
8.55760629798
8.80735051584
8.85246627075
8.9536193625
9.01948008177
9.05772235737
9.2833571013
10.3616446864
10.4422000294
10.6493145397
10.6800248444
10.7466690146
10.8545842766
11.0539637356
11.1191530513
11.1289647555
11.1938146467
11.2702503918
11.3340592291
11.4016464654
11.5846006294
11.6790702634
11.7757315106
11.866855194
12.0051661152
12.1787001613
12.2819161142
12.3721825163
12.5203579088
12.5667942049
12.8025807351
13.3054194759
13.3265278586
13.5067069897
13.6559761813
13.8735626762
15.18495877
114
