6.01002897107
6.01177121839
6.0125735408
6.01657426331
6.01983601849
6.02826424368
6.0329850679
6.03757978369
6.04008472454
6.32247751717
6.35479990034
6.36993685019
6.38498684109
6.39160336449
6.41290771117
6.43037333725
6.43482557719
6.46115998356
6.46920638458
6.53738587981
6.56050927595
6.57450333346
6.59476794433
6.60667491453
6.64756425908
6.66492662896
6.67754152924
6.6894961603
6.69839346014
6.71171870497
6.7360610195
6.74683404777
6.76176018008
6.78193040817
6.81222842177
6.82735421446
6.85413966535
6.89910811689
6.92092858454
6.92782181403
6.93966285543
6.99940563937
7.02241419425
7.03772411526
7.10110559005
7.11265371919
7.12731096779
7.13865307358
7.15637551956
7.18941629273
7.19754474952
7.25498707814
7.2830334982
7.33471990861
7.39457521889
7.44199450997
7.60433163478
7.66251987375
7.68562406515
7.72861565295
7.7324669722
7.77006925124
7.77697448339
7.82502191786
7.92003727618
7.95675510239
8.00874658054
8.05460580854
8.10449870203
8.19193115869
8.48035057318
8.51109676647
8.54082487288
8.61851582186
8.64264491022
8.70841246643
8.73361762698
8.81045867107
8.85618566948
8.88552748168
8.9311074446
9.07972394518
9.08887268288
9.12492910361
9.13007550449
9.67457708274
9.70752721563
9.71260701191
9.78659458498
9.82012877771
9.88985940492
9.99739923254
10.0321459794
10.1325222831
10.1820613511
10.2573679656
10.4738901624
10.5223254503
10.6460038602
10.6588910011
10.7003830749
10.8202149862
10.8307726617
10.9809666677
11.0191203074
11.0636500707
11.1358843896
11.215065909
11.2852067169
12.474726749
12.5920547706
12.7969582854
13.0108449305
13.9690123021
14.1628715082
14.332861609
14.4655486431
14.6796817582
118
