6.00221786626
6.01149552377
6.02476553892
6.0329780886
6.0498004787
6.05545961572
6.07897395128
6.08639134886
6.08994752781
6.09474439519
6.09593405377
6.11309713905
6.11718994149
6.12427047499
6.12899171129
6.13497209037
6.13747041981
6.1510263571
6.16133823253
6.1719637191
6.17748818244
6.18310865993
6.20451192995
6.22258445652
6.22431981672
6.23203502624
6.23381692978
6.23782692778
6.25386669718
6.25576910499
6.26162193001
6.26834746367
6.29459993406
6.31037056001
6.32093667947
6.3383886367
6.34046786917
6.42290941013
6.43592736793
6.4559971175
6.47283139115
6.48190119246
6.4954543593
6.50377323526
6.53749934208
6.63640561868
6.6479879599
6.66955726714
6.81106292762
6.96622727463
7.02647159627
7.04230679038
7.05758069131
7.07327727255
7.08913636772
7.09125805251
7.11102769128
7.16699809567
7.2053404254
7.25855889169
7.27004954548
7.27302366711
7.34875896654
7.36918978853
7.41825582739
7.49893174518
7.5429217285
7.56342253933
7.56763001503
7.58998633929
7.59367055505
7.72196541795
8.06312090719
8.16169266639
8.23063354042
8.23659759059
8.5923521985
8.64017938203
8.69837473229
8.75153755957
8.77820282107
8.82019041417
8.86054498012
8.87073222539
9.23993140876
9.37004349947
9.47364949482
9.53475861569
9.62385904894
9.7884427096
9.84500790306
9.92522688878
9.94267051071
10.261666708
10.316416328
10.3605445172
10.439685554
10.5581923855
10.6063780676
10.654599937
10.7985232146
10.8980015234
11.0210518503
11.138453563
11.1939576841
11.247555748
11.2888816632
11.8182918466
11.8862429569
11.8943029669
12.7719528203
12.8313427264
12.9611578347
13.1648988037
13.3377876777
13.4433200165
13.5468346699
13.634260715
13.8615864843
13.8891991262
14.0473456284
14.0819526032
14.190078215
14.3625315609
14.7737180985
125
