6.01885136435
6.0242751282
6.02796621775
6.06617216808
6.07385719925
6.08242630939
6.10376806521
6.11341385494
6.11495140293
6.1235826618
6.12918750722
6.13063464709
6.13785254438
6.14569452354
6.16448102988
6.17311123022
6.1825502681
6.20558397619
6.21030169629
6.21423081145
6.22084672428
6.22857428819
6.25702093168
6.26381110555
6.26733472724
6.28389780225
6.28920961605
6.30379031959
6.30512479886
6.31844414107
6.5353285176
6.54217410339
6.55274652357
6.55897041656
6.57796230085
6.62524526338
6.64096069673
6.65287965997
6.66466687794
6.71077361089
6.72461771761
6.77275179015
6.79860316198
6.81933972344
6.84087266454
6.89478778391
6.92390967002
6.93456688187
6.95177916131
6.97149531796
6.99973994724
7.0224339123
7.0336055584
7.04753948832
7.06996016397
7.0719630972
7.10412280818
7.12092107499
7.13303011362
7.15050243454
7.18065625218
7.20516511448
7.21180699423
7.23885701286
7.24548448424
7.29529857712
7.29791061779
7.32435592409
7.37382266401
7.39228527416
7.42763101447
7.44049160804
7.53106377178
7.57795676315
7.60336154671
7.62658396806
7.62953687059
7.63398778758
7.66268567883
7.69822851762
7.76183330973
7.8298499024
7.84519154207
7.85675300003
7.8879726272
7.99021356855
8.05646637779
8.09309296732
8.18914806138
8.24659897089
8.32062847875
8.39149325416
8.43506996177
8.49043181174
8.55002547798
8.55745423907
8.58423073536
8.62925807953
8.64197601236
8.74813508584
8.81101704526
8.87659427847
9.00040351944
9.49435186511
9.51945408555
9.53782369725
9.74657903915
9.88329038458
9.94911665565
10.0351173047
10.094913899
10.1286079906
10.1655289546
10.2684037187
10.4624711473
10.5145554544
10.5439477076
10.6514364118
10.7351160527
10.8096962879
10.8612475328
10.9287261225
10.9805152287
11.2714965322
11.3355445015
11.3929493219
11.478231776
11.5940427027
11.6423427635
11.8107800763
11.9613611808
12.1029007119
12.2778439447
12.525817781
12.6760521492
12.7889667449
14.3866238972
14.5016381617
138
