6.00562306738
6.01740699365
6.01827610502
6.02264163018
6.02421854285
6.03393952862
6.04594100952
6.05470118624
6.05642238032
6.06776174036
6.0790986292
6.0907510865
6.09661726234
6.09908422189
6.10298697116
6.10825146932
6.11478517318
6.11738714093
6.15465221564
6.15659892085
6.15887805027
6.16726863096
6.18743798334
6.19845728897
6.21199443637
6.21463032071
6.23113008775
6.25948063884
6.28038112022
6.28976387203
6.29401458406
6.31986367413
6.34161972846
6.34315313022
6.35441231815
6.37216159736
6.3826302139
6.397942749
6.40497842356
6.4217694378
6.43403959837
6.44585658179
6.45550752997
6.46036396416
6.47173017834
7.66743272749
7.70539338072
7.75178049074
7.79434867311
7.83728241843
7.86583262244
7.9956877997
8.03091386192
8.17533179849
8.27416471342
8.36602749072
8.38577880702
8.46601940207
8.51367579355
8.56933571572
8.61903129438
8.77712630408
8.82450416637
8.83403813214
8.91366882449
8.96733267505
9.13721161273
9.33047320316
9.37570298152
9.40395328098
9.5029140375
9.57406208526
9.6765508534
9.68703388732
9.74860172361
9.75331341682
9.889120669
9.91049826503
9.93869764949
10.5354278113
10.6801772897
10.7427309118
10.914032861
10.9657823818
10.9750733257
11.0693558561
11.1013456733
11.2361080021
11.354646277
11.3773351508
11.575121416
11.7181768885
11.8178236797
11.897323116
11.9645099845
12.0964860072
12.2158256167
12.3298538988
12.3459633112
12.4255288419
12.5514783326
12.6203113969
12.8074622611
14.6352539177
104
