6.00380073299
6.01533131699
6.02149865579
6.02778867059
6.17893579812
6.18333821169
6.2002080333
6.20669893656
6.22024076047
6.22160697357
6.22245685081
6.22353141207
6.23682785506
6.25244860958
6.25528710214
6.25952362531
6.26456215949
6.66061504718
6.67701974595
6.69164875246
6.71163111075
6.76574318632
6.80346910378
6.82513178035
6.83770552991
6.85428677195
6.86626150649
6.90954685331
6.9108922033
6.94820836728
6.95587568465
7.00453780803
7.0119660848
7.01955434758
7.048640816
7.06024875259
7.10403918932
7.12167240162
7.19304549104
7.22667803941
7.24086157371
7.24736654346
7.291909403
7.36010580704
7.40095002749
7.43690213555
7.44154492271
7.4532371402
7.53956362796
7.57627276376
7.63475960083
7.66588142603
7.68394674782
7.71919173702
7.73579802378
7.7878061339
7.85183808515
7.87199811461
7.89639183935
7.90532270765
7.93026064519
7.9704148888
8.00213349156
8.00988821681
8.0466408893
8.06163877143
8.11042048986
8.16763794392
8.17887767551
8.25034242741
8.26988863628
8.28099645172
8.44736554706
8.52931761971
8.56775804342
8.63909547756
8.71762138421
8.77424746707
8.86689968618
8.94249887581
9.02133612998
9.07035671345
9.12473078089
9.17180295254
9.39606987226
9.4433122258
9.47247467149
9.53848801117
9.59030572344
9.63698832893
9.66202473807
9.70443932271
9.86175409765
9.87240400566
9.88261221748
10.6081152914
11.0347970372
11.2690769778
11.2839608743
11.438919478
11.6425001702
11.7870877135
11.7944046921
11.803867784
11.9957200872
12.1278162153
12.2229856944
12.34231702
12.4651062232
12.6803213956
12.7718420478
13.5854249467
13.6448443348
13.701425995
13.7826770974
13.9086971203
14.0833671389
14.2985159322
14.5232820706
119
