6.00148913541
6.00635181725
6.01224262435
6.02310475651
6.02870139189
6.04097393098
6.04556641868
6.05988164232
6.08316618909
6.08427165013
6.09672235737
6.09876221347
6.12343761462
6.13553740046
6.14613179852
6.15771126134
6.32252901117
6.33076589821
6.34016476032
6.35666094249
6.38141314305
6.38946131535
6.40213027107
6.43902006134
6.45448892188
6.45627505866
6.47376422803
6.49052173577
6.49890890143
6.5360049492
6.57861834021
6.59790375024
6.61910400515
6.63120998114
6.63248137172
6.64118044143
6.65682390401
6.66115991895
6.66782175588
6.68194466029
6.7205996456
6.72378713702
6.75235080407
6.76420089632
6.76675013773
6.78087264302
6.79237165514
6.80585964837
6.82721151893
6.93831056075
6.94986218192
6.9813155622
7.02052610822
7.028451317
7.04722430486
7.09342186158
7.12957921587
7.15433394588
7.15989178461
7.17797065711
7.22394006465
7.25440097661
7.28879154267
7.31228344794
7.35637857879
7.36604159328
7.40359818267
7.52071356131
7.55594935779
7.56164284266
7.60600379572
7.66113427773
7.70843363101
7.72508589713
7.74580145119
7.76146899825
7.78691972743
7.83351247207
7.87080319216
7.88961094942
7.90874579005
7.93194180746
7.95550527606
8.11850374976
8.16568050678
8.16951346758
8.22318220689
8.25410797074
8.52640312971
8.56217753438
8.57175056075
8.61242013111
8.62818380904
8.64460382003
8.66398957573
8.69860750496
8.7604636934
8.80445173798
8.86866385384
8.8922404622
9.60199273782
9.69831994691
9.73330535386
9.82736587004
9.88121142786
9.96611638452
10.112534712
10.1674632321
10.2048879313
10.3105128514
10.4325806953
10.4711305374
12.7513418727
12.8839472404
13.0374238619
13.0781709297
13.276155963
13.5604253315
13.8153888657
13.9130614334
14.176725773
14.327125407
14.4081598187
14.4495417075
14.6973572385
125
