6.01842928889
6.02583087636
6.03032572464
6.04064911437
6.05323028923
6.06192074023
6.06628348547
6.07654245827
6.08206556158
6.08519950588
6.09390309017
6.10472107786
6.12264098012
6.12570331534
6.33706531426
6.34627334499
6.37773285923
6.40706540051
6.41614257964
6.43125584795
6.44620168809
6.45261567744
6.45846203709
6.48919056971
6.50592264358
6.52056831
6.53146436081
6.53971509699
6.85382753053
6.86147634558
6.86992065745
6.92276621632
6.93632916676
6.95073532048
6.98715235353
6.99594449827
7.03334367125
7.03722412939
7.04832430234
7.05814005406
7.14316349866
7.16747763024
7.18826553204
7.1899553489
7.20092104818
7.21830381573
7.23395183498
7.23660623264
7.28791759243
7.32360190256
7.43607989479
7.45675152562
7.49575013597
7.53315977326
7.56512028571
7.68561279593
7.72148509687
7.88916535028
7.95165058659
7.96421460792
7.96729281138
7.99866102865
30.7012446133
63
