6.00309316857
6.01340905304
6.02108362923
6.02702678112
6.03059753652
6.03843597099
6.04639885778
6.0537293057
6.08861012081
6.09352008086
6.10406197087
6.11796144841
6.12931423092
6.14332517552
6.14573064224
6.15133667784
6.16390700593
6.16612522181
6.17436802263
6.17507342897
6.17802340135
6.17880445677
6.19449818355
6.20916322163
6.22485858773
6.26863408879
6.28129019304
6.28240977035
6.4354257178
6.4414242691
6.44476539265
6.45570251401
6.45727859755
6.47449605842
6.49451342522
6.52419433213
6.52763543327
6.54435054694
6.54589954104
6.54989987284
6.56810497759
6.58833122142
6.61509950233
6.63559891414
6.65461416235
6.66959648273
6.68511324585
6.69508569795
6.71625010735
6.73124257987
6.74863432794
6.7654247391
6.80638529989
7.37402567814
7.39547740352
7.40007906328
7.44105347026
7.48466726588
7.5142911112
7.56817060665
7.58744557292
7.59967579109
7.6505880911
7.65856929704
7.68902734953
7.82218512208
7.83498833269
7.91395051365
8.19058818574
8.29959486986
8.32910877495
8.35747600223
8.38791283828
8.59912766019
8.65187943595
8.70377200365
8.83179820582
8.87918488143
9.07933109825
9.08940814853
9.18200987082
9.21490743616
9.25011680848
9.37587143827
9.45657538248
9.48758852598
9.54483974299
9.59269717045
9.68368128657
9.75611518175
9.99119815007
10.0526500729
10.1437285982
10.2015906991
10.25975916
12.61299345
12.7252189871
12.8295143893
12.9064832407
13.0376626325
13.2072419679
13.2915816101
13.4256610245
13.576783557
13.5921914812
13.7617136502
13.9890228142
14.0773078008
14.2265871011
14.4578194558
14.7341769215
111
