6.00493065248
6.00850920572
6.01397270388
6.01770354487
6.01830193275
6.02142085845
6.02595996793
6.03543995247
6.0534218214
6.06070080183
6.12611061114
6.12964048196
6.16257567858
6.18584865649
6.19925993238
6.23078443772
6.2470692031
6.25306528166
6.26386791881
6.27324572143
6.27866680181
6.28474128013
6.28718895824
6.29252545766
6.35679000583
6.39650560238
6.41257283462
6.42330733084
6.43177145752
6.43930043619
6.45328864956
6.45445761863
6.46156953181
6.47637482297
6.50422334072
6.51246101373
6.53043369138
6.53666362028
6.54916669592
6.55877966414
6.5749237023
6.60331166626
6.62559113558
6.67897638062
6.69941328296
6.70461957821
6.70730088157
6.71375321908
6.73611450317
6.74292971386
6.76127243131
6.77909297597
6.80713830794
6.81467271432
32.1370563371
55
