6.00765016049
6.01203608647
6.0155184385
6.02708379951
6.03577558488
6.03827055851
6.05183703258
6.05932180069
6.06777199365
6.07507892688
6.07739255707
6.08519314546
6.08598073018
6.0944023259
6.09597591987
6.10254253967
6.1062101736
6.11306088772
6.12060797562
6.12486006108
6.13020812555
6.13897604151
6.1487718367
6.15630150931
6.15933626537
6.19148793303
6.19536296134
6.19622482173
6.20759604005
6.21720929384
6.21869468108
6.23261285532
6.25247183231
6.31699232571
6.32968494526
6.33232552091
6.36507326641
6.38543731763
6.4001496767
6.41264645398
6.42431050138
6.43493348508
6.43670873192
6.4465737546
6.45545593756
6.4576359669
6.46734545843
6.48494665843
6.48671346631
6.50509000214
6.74110222547
6.74360134028
6.7649856522
6.782299283
6.79175498453
6.80637243972
6.82559251528
6.84253440406
6.8806331508
6.90910041872
6.9231578592
6.94187820189
6.95423551044
7.00616694118
7.02037856115
7.04281558833
7.10685217499
7.12552476701
7.13654897242
7.1746296793
7.21756393731
7.22844544751
7.2444303993
7.27723712871
7.30965861176
7.31869003883
7.33576846089
7.36565584588
7.38061135981
7.44937583744
7.4898475387
7.54016087867
7.54723448146
7.56006956064
7.56350078038
7.63047372425
7.80348462049
7.82257277223
7.86871725128
7.87784467241
7.92575982645
7.97970547199
8.08940995152
8.14877410506
8.17864722746
8.23763264973
8.29517304703
8.36106996153
8.60490526878
8.66646452964
8.69113404765
8.72673429749
8.73200445158
8.79912122163
8.89873357171
8.95786746061
8.97772094996
9.0541646315
9.07030778486
9.39390599864
9.4480759721
9.47115005933
9.60584976992
9.78079483795
9.91508593908
9.95285479727
10.0650241442
10.1257125346
10.1910836748
10.2487037391
10.3584775082
10.4397246027
10.5204699379
10.5551479074
10.6260710874
10.6728012159
10.7112245497
10.750255874
10.9062530194
10.9134106584
10.9354280992
11.1151447265
11.1476696162
11.41068758
11.4864603739
11.5622793744
11.6680950346
14.2730516148
14.5615638804
139
