6.0046526587
6.00878122956
6.03390078301
6.04506931718
6.40795360214
6.47567881411
6.48900730071
6.49759883571
6.51401189536
6.53027541055
6.54643991762
6.56984063707
6.58351702598
6.59099852321
6.61372712039
6.63465606869
6.64554903658
6.66032223167
6.67104321084
6.69915968689
6.71531882713
6.73438729548
6.75753943759
6.78113292712
6.8005301251
6.82311832707
6.84355281592
6.87907111207
6.89110575105
6.92213370242
6.92503850356
6.95343902284
6.96459713745
7.062020021
7.10278312367
7.10728713524
7.14242235282
7.14669212944
7.1666378958
7.19966455483
7.20582031037
7.25502967879
7.29301349301
7.30992057717
7.34040923417
7.35951106251
7.42842883382
7.43958702573
7.68010766113
7.74020965739
7.7959033952
7.82056223979
7.89166248581
7.91524097409
7.96719749784
8.06121204439
8.07187244541
8.11498852499
8.16457684044
8.21708193683
8.22705572555
8.31962618014
8.37165719794
8.43443283841
8.44325175036
8.58841238546
8.65782688532
8.66188222389
8.70149118134
8.76032780861
8.81026992384
8.89477925535
8.97380494531
8.99533180542
9.22163627879
9.2545884651
9.28578020307
9.39927994037
9.47755432365
9.52350909312
9.5667599511
9.6238467013
9.66381779605
9.76310271081
9.77813168523
9.90534739351
10.0322312681
10.1854735435
10.3122398301
10.3630786045
10.4064021442
10.5166975303
10.5993549642
10.7106523218
10.8762340404
10.9806584315
11.0187766381
11.0565012609
11.1641014344
11.2307813855
11.4190030612
11.4921093907
11.6337906132
11.6584661276
11.7198923925
11.7303452964
11.8987147543
12.0576062516
12.4174201925
12.5733176195
12.7232825867
13.0790763472
13.2299798473
13.2752653083
13.5545343028
13.6522217313
13.6806959128
15.127515898
118
