6.00462489192
6.00879292171
6.01631762073
6.02703879384
6.02750373674
6.03328752358
6.0520670656
6.06761519838
6.07724050971
6.08535771013
6.09134076912
6.09607806532
6.09926130096
6.11600568107
6.12043851169
6.1220954991
6.13881328928
6.14531513807
6.14598233659
6.15366171065
6.23819389525
6.24300830339
6.24927570389
6.34667350906
6.36099510322
6.39732630706
6.40222436517
6.40817425884
6.41048999891
6.4305517233
6.44239162665
6.44330460135
6.46239579249
6.46958632464
6.5131699794
6.51954261387
6.54422048435
6.55183832113
6.55863400599
6.56312174483
6.57695234173
6.59086979408
6.6146078133
6.63428937303
6.63730325862
6.76874093741
6.77961927737
6.78755340771
6.81297367436
6.88190028969
6.89568500385
6.89763537276
6.89939722235
6.94545676799
6.97231838932
6.98671839564
7.01274400031
7.04215045519
7.07171165414
7.08474152334
7.08634946786
7.11156005883
7.11474114359
7.15416180894
7.18915993625
7.19880160616
7.35259568581
7.40754836106
7.41811892778
7.43985147444
7.5081559374
7.55362712592
7.57123073257
7.59587818857
7.61094223427
7.73146806031
7.74546544389
7.80731432307
7.83753215364
7.8438150099
7.85713593284
7.86029118343
7.87305181792
8.34884598573
8.40294849495
8.51982638985
8.57694526544
8.63628625907
8.67098312302
8.70479508428
8.75957516188
8.84175711743
8.93882976144
9.00912634907
9.05169353833
9.11713303581
9.16995363266
9.2343469628
9.27557681423
9.42660273006
9.50134124183
9.51920197815
9.59816247647
9.65328454837
9.76500412055
9.83966418971
9.89583889109
10.0507208306
10.1988469793
10.3051667316
10.4170761
10.5430285142
10.598182859
10.7530323764
10.8304194988
10.8475841683
10.9613487999
11.0632668038
11.1316237353
11.4116172634
11.556715565
11.5946574448
11.6784931832
11.7412595256
11.7719469756
11.8964060702
12.0029746422
12.158962189
12.4818316418
13.004287357
13.1139158035
13.7396680338
13.824635876
14.0189497339
14.5098703394
135
