6.01520797686
6.01576151434
6.02949505094
6.05224132558
6.05374909706
6.05733078345
6.17481240924
6.18126524318
6.19923731874
6.20525682167
6.20647842408
6.21860785493
6.22339544723
6.23144694364
6.23816282311
6.24972674432
6.26145407384
6.27688474586
6.28131519534
6.28348486758
6.29331934603
6.29821543901
6.30477257113
6.31322071711
6.3301553882
6.33184907697
6.35357027695
6.3653275013
6.37752300772
6.39565350945
6.40601587309
6.42279252676
6.4370211977
6.45052822667
6.45505207355
6.46774128766
6.4759548483
6.48457651429
6.49429069964
6.51539685656
6.52323156415
6.54674592097
6.56470668973
6.58200302855
6.60019359209
6.60786035148
6.60956246637
6.61119161185
6.62353274912
6.639241571
6.67053821115
6.71674153778
6.73457688804
6.75111386483
6.75851439334
6.88919713481
6.90062159473
6.95846328457
6.96978760366
7.00119065095
7.0301626304
7.11440692247
7.11942923788
7.1429857103
7.1636202351
7.20682824645
7.23770218114
7.27004821641
7.28781944291
7.34058050986
7.39288960933
7.3974956421
7.40085044497
7.44602626339
7.46841629125
7.51176609049
7.55649447902
7.58408848466
7.58632211883
7.60841044762
7.63805505155
7.66391487358
7.70354135004
7.70958865647
7.75473664786
7.80675165537
8.79191829812
8.98970027066
9.10166903899
9.12709153766
9.17506983157
9.30257192794
9.34731886462
9.4663691705
9.54034890279
9.5712095345
9.60407208599
9.66285381952
9.70861502643
9.81362669198
10.1292513783
10.2460799849
10.345847437
10.3872920079
10.5255520524
10.8444647976
10.889156266
10.9855724251
11.1182462927
11.1317227416
11.177779041
11.3496683774
11.4927158955
11.8474620358
12.0123723974
12.3626624008
12.6708048281
12.9578640874
13.0501967338
13.0692925536
13.3629434026
13.8067224654
13.9649826218
15.0884206256
124
