6.00335118779
6.0209429037
6.02405346067
6.02707266752
6.03713301736
6.0539518103
6.05803930083
6.06899852095
6.0816079291
6.08553007066
6.09793596932
6.10279904236
6.11105724141
6.11769828925
6.13827026725
6.14539858851
6.14629748919
6.150106227
6.1676036326
6.1685396579
6.16977093723
6.17964317665
6.18270870161
6.18613476661
6.19015571338
6.19733269955
6.21261455977
6.22347325715
6.23360305046
6.23844503858
6.25176900627
6.26600844258
6.27754686533
6.28272501841
6.30512846742
6.3198826565
6.32268266545
6.34360520478
6.35010147555
6.35725583757
6.3694413702
6.39663227001
6.419956983
6.42428804564
6.43301384008
6.46980559404
6.48230662196
6.53575586016
6.56227683439
6.57487934705
6.80966646504
6.8199653825
6.8388945328
6.84107003856
6.97115625564
7.00294349759
7.02685869187
7.03738760563
7.04894764731
7.06290013329
7.11855733242
7.12867599581
7.40881099861
7.46876245844
7.47269381693
7.48957598431
7.49297555982
7.5442207722
7.57777953253
7.71174298587
7.74358316766
7.77948123824
8.2372283527
8.29865830828
8.34847753218
8.39577081577
8.39954500608
8.56323681832
8.59251392715
8.5992412383
8.61295051119
8.66963571507
8.70019443508
8.77719085963
8.83012964955
8.86599317337
8.94838677955
9.03166404664
9.03513066085
9.07393660965
9.10371810609
9.33941261386
9.38633781413
9.4282110593
9.46331114004
9.50041056593
9.62590567509
9.71067891392
9.76000670891
9.83078532212
9.93549337926
10.0513661841
10.0973505593
10.1800114722
10.4170695039
10.5065101149
10.743104387
10.7599317951
10.8855859998
10.9927395132
11.0628291138
11.1882545129
11.2911979385
11.3205333484
11.3629600176
11.5422424596
11.6441602458
11.6624723041
12.0867619683
12.2799882663
12.4196718323
13.5108381715
13.7206263272
13.8422784886
14.0203049956
14.0783024877
14.1921791438
14.369573242
14.4399266942
15.0821318777
130
