6.01561481002
6.03247143354
6.03720232174
6.0443872724
6.04546657243
6.05505646479
6.06294263283
6.08223976284
6.09035936181
6.10850158445
6.12931777597
6.13824475168
6.16841994413
6.1745530727
6.17891128927
6.19295214934
6.20985469496
6.21659450043
6.23750750414
6.24646904611
6.2576782031
6.27811003231
6.44182397053
6.49941799222
6.5160692673
6.54917231278
6.56613575071
6.59268643504
6.60626164277
6.62116540053
6.62225862759
6.63238699272
6.72670405573
6.73145644604
6.74213154486
6.76933912458
6.78233371388
6.78985578295
6.81223832354
6.84264586027
6.86964898233
6.89057580266
6.90924255773
6.91372379468
6.94383475804
6.98904670822
7.01010990826
7.03881559749
7.06960599705
7.07778935786
7.09280637773
7.14039002077
7.14363337731
7.14913685219
7.16847949864
7.18158579649
7.19647107228
7.21073827775
7.22081249364
7.24136141771
7.2466648966
7.2728561027
7.2971822947
7.3028179015
7.3476931719
7.37489769401
7.40147651185
7.44794728867
7.46873541921
7.70537597532
7.79133442665
7.87703589224
7.94022779507
7.97378433302
8.04386280124
8.11910747513
8.16615627172
8.24314337948
8.31059781006
8.31579944308
8.35439460341
8.39314399463
8.4341002014
8.4909055815
8.68434635612
8.71548026234
8.74533757008
8.82072042231
8.83540629407
8.84300199154
8.85611767914
8.94343387251
9.04469718688
9.10588174544
9.17481541544
9.23611941891
9.25603564761
10.8177248111
10.9457347914
10.986777348
11.1254942363
11.1661406076
11.3374379983
11.3852517688
11.4379141056
11.5695523327
11.6325929428
11.6689398134
11.8132302204
11.8884554545
12.2582168734
12.3281399659
12.4126193006
12.7717491149
12.960344303
12.9825598697
13.1789360869
13.2761342469
13.5778732255
13.6107747108
13.9741400632
17.2765064495
122
