6.00902242893
6.08598174677
6.08863880575
6.10087176927
6.10152819845
6.10234392841
6.11078482803
6.11391298166
6.12268752084
6.14647409623
6.16314597321
6.16604207027
6.17429341029
6.18559538243
6.18904651749
6.19186927373
6.19654912571
6.21197233396
6.23074501873
6.24197864493
6.25225300988
6.26434849105
6.26792339566
6.27586131855
6.28921469995
6.29520428752
6.29629640234
6.31168747428
6.33943273075
6.35360529484
6.36359266955
6.36465693638
6.38132066364
6.38957564009
6.40659649489
6.42504873055
6.42611780534
6.43171204869
6.44021601244
6.45272523896
6.45789749086
6.45867597174
6.46030572976
6.47083179536
6.47752994577
6.49562386046
6.50703013182
6.51601949593
6.53876587346
6.55722175613
6.57661136302
6.57772438681
6.58639402762
6.62215874803
6.65981849595
6.66814992891
6.68207293756
6.68831514082
6.69108475579
6.70880621294
6.71818531601
6.73499217734
6.74826959716
6.76964420954
6.77131832958
6.80449555928
6.81160876368
6.86862138138
6.88436165176
6.90783648119
6.97621954016
6.97857789137
7.00636747099
7.08958894254
7.14001886084
7.17285280084
7.18731003218
7.20388488642
7.23095354945
7.28163907351
8.59199527775
8.67045545314
8.90357218098
8.94587576106
9.03418683995
9.08177710902
9.12678759203
9.13191197673
9.21564673905
9.24795798943
9.32580376443
9.38780477397
9.411000109
9.4158398539
10.3770330628
10.4755144202
10.547236581
10.6167526224
10.6356778057
10.6869470655
10.7037305717
10.8235685662
10.9336213798
11.0639857432
11.2216337579
11.372204979
11.3811924916
11.5386898566
11.6673759252
11.7293278122
11.8869421815
12.6579492371
13.1042136444
13.3241460775
13.4101385765
13.4552748056
13.7148868076
13.8674020745
14.2127822615
14.4811075591
14.5026863715
121
