6.00094792449
6.0224130639
6.02689953833
6.02971490323
6.03610573957
6.05710942181
6.06327941832
6.07241023906
6.07663252009
6.08176859561
6.08594010597
6.09681376711
6.09734509651
6.10208009893
6.11377182063
6.11452322692
6.12151297023
6.12823141638
6.13277573058
6.14280738499
6.14680462286
6.15308255405
6.15608632124
6.16646151619
6.17899515941
6.18823792008
6.19585053018
6.19758010005
6.2196100272
6.24501615746
6.25381136743
6.27868546088
6.28465587971
6.30375969178
6.31489512993
6.32739872954
6.32955639577
6.34571916563
6.35734448651
6.3690940887
6.40986585156
6.41412668945
6.41518438919
6.42269119317
6.42602822477
6.44360541893
6.45783252032
6.46641670114
6.48250416112
6.49827742627
6.49912879136
6.50300850011
6.51504195655
6.52267000625
6.52438318034
6.63118706936
6.64860799144
6.66310510615
6.71327492594
6.71818785159
6.74259503527
6.75200785955
6.78433714828
6.90443809554
6.92329396513
6.93868729419
6.95122600475
6.95856986595
6.98812636712
7.01994179358
7.03833233426
7.05446721843
7.06300373843
7.08908840601
7.1758083161
7.19826296179
7.20847094359
7.21131466836
7.23196696508
7.24445094565
7.24808742105
7.49440951649
7.52009980962
7.66850663383
7.70100905513
7.77097592768
7.81842254533
7.82561659599
7.8747553145
7.88960124922
7.9692246286
8.01192178527
8.15162965362
8.1699999061
8.21737682478
8.24108275272
8.24477979916
8.27364305421
8.35937967926
8.40664806325
8.47266789685
8.50792224131
8.79363468702
8.97273475712
9.01821319806
9.03133134768
9.09565293953
9.13608556507
9.18403137293
9.22223689831
9.40586100951
9.46751885118
9.55376453613
9.61726425496
9.74408374939
9.74989131955
9.75913073326
9.84731743263
9.86854369106
9.97249041399
10.0508325552
10.1213696247
10.1627875488
10.1968316216
10.3103564391
10.3644744652
10.445364095
10.4876420432
10.5861616723
10.6150294148
10.6998000546
10.7657249266
10.8072747858
10.8614341671
10.9351258919
10.9672790297
11.0369366917
11.0453827293
11.2162413305
11.3024185644
11.4069415585
11.4501911885
11.5875859878
11.6200657519
11.7895671964
11.8885516453
12.0085680151
12.0391033214
12.2275792511
12.2730682575
12.3555863739
12.3639628327
12.4588571123
12.5357879465
12.5652616185
12.6663672188
12.8035472689
12.999146196
13.0275996129
13.181110351
13.4093354224
13.5242851328
13.6805916167
13.7049075123
13.805202239
14.0273807326
14.0493594672
14.1500684315
14.3267974074
14.3823109795
14.4068570437
14.692471339
172
