6.00260307997
6.10241398988
6.1088022208
6.15345225029
6.1892611069
6.19328421216
6.1949986057
6.20574357816
6.21864504112
6.22296786738
6.23270753815
6.24451504059
6.24763144722
6.24850824331
6.26563396365
6.26937869207
6.27774392582
6.29399366638
6.30933509024
6.3348799583
6.34396716479
6.48625155383
6.48804145384
6.49796838841
6.50960471443
6.51109964553
6.54116844158
6.56625028799
6.57215449994
6.6199274195
6.63280834923
6.63850161763
6.65908039242
6.66146403241
6.70755170329
6.7236081314
6.73239614158
6.77462660465
6.79981572547
6.81563043244
6.83505276276
6.86526907177
6.91532396246
6.92402285001
6.9399870628
7.00011678189
7.49257022472
7.50936144692
7.52703454617
7.5297505745
7.57541200489
7.59339958096
7.60916475788
7.68605253862
7.70935508882
7.74243658438
7.77622075681
7.80109295548
7.84195569748
7.88193055795
7.90665426264
7.9321668654
7.94405064563
8.01523149109
8.04686963254
8.05366310418
8.06051073783
8.06543762306
8.1072125151
8.18331083174
8.22350959735
8.28011111464
8.30900970277
8.42877006785
8.46641462953
8.61589108423
8.66979112114
8.73985778621
8.76638326648
8.85191185606
8.85684657191
8.93593245117
8.95963426333
8.99698756769
9.04560115833
9.08663009346
9.11694974238
9.1213059286
10.7459810916
11.7846457286
11.9395689742
12.2175022006
12.3683479846
12.4169096668
12.6117364532
12.9883060262
16.5341499699
97
