6.01079271578
6.01395001054
6.02373878227
6.09995539345
6.10489560223
6.11342870159
6.11996527153
6.12711405633
6.13335314549
6.1388094933
6.14319924805
6.15284829083
6.15658732476
6.1627113263
6.20605054898
6.21139545399
6.21464881692
6.21841588801
6.23406294662
6.24563398983
6.24873645489
6.45163014431
6.4548265752
6.45594028123
6.46022805272
6.47015514785
6.48469526162
6.49230462258
6.53006886049
6.55839027305
6.56659241749
6.60459174696
6.61323846366
6.61590171774
6.62461852485
6.6257731753
6.63605711276
6.65156527037
6.67422345381
6.70660322598
6.75097208888
6.77117528961
6.7856188115
6.8324237339
6.89462742355
6.89656959853
6.97288297851
6.99957589907
7.02247115136
7.03047565752
7.03869969998
7.19777875885
7.20218553915
7.22414265977
7.22644642225
7.24022618222
7.30253488497
7.33276667739
7.35310756068
7.39128910051
7.42957482268
7.46577302928
7.56124187869
7.60463915722
7.62571039008
7.66543508314
7.68110578464
7.71388561297
7.89310251171
7.98172195497
7.99817554824
8.0222811075
8.06480396947
8.07525338955
8.11758180527
8.14693898703
8.19381963423
8.24944143002
8.27016045607
8.30535729162
8.36138169859
8.38448699185
8.39974932308
8.40908032573
8.45294627389
8.48138917218
8.52898413636
8.56391757925
8.60664274211
8.65133061074
8.70388317667
8.84404039791
8.92919507091
8.95299458054
9.02820404164
9.06085362335
9.12395902427
9.24114122514
9.28182471101
9.35304920015
9.439924855
9.85581638115
9.88925436731
9.8941801603
10.0305764509
10.0812734523
10.1302513431
10.1365171904
10.1861618567
10.2203676117
10.2949124679
10.3025838086
10.3444523038
10.4408656488
10.4821944129
10.5150035641
10.6091151105
10.769055712
10.8670451016
10.9690821592
11.0904516771
11.2604455172
11.972388706
12.2048778923
12.2829239934
12.2935204198
12.4518908455
12.7142013485
12.8542413303
12.9073683947
12.923354026
13.0290534542
13.1719053899
13.9427237492
14.2100236254
14.4456073419
14.560692643
137
