6.00893849367
6.01784594558
6.02106942443
6.03184301183
6.03632259849
6.08756798497
6.16262478684
6.16357141209
6.16473465289
6.17064776999
6.17420064373
6.18366323186
6.1980143505
6.20282987136
6.20343662731
6.21655329227
6.22759826879
6.24117095784
6.24493037728
6.25452059103
6.26412408884
6.31640535822
6.32570464465
6.33481612317
6.34289086214
6.34948523493
6.36178396114
6.37042672763
6.37855977179
6.42292836415
6.44017106185
6.69159231866
6.71132488729
6.71946035926
6.73135670722
6.75038041556
6.7571715413
8.52531761953
8.55196830015
8.60021505887
8.65625976432
8.70404011706
8.7324136412
8.74758654975
8.80116587847
8.84244939795
8.91564563053
8.98255016888
9.03381202714
9.10116617982
9.10510848805
9.14727806305
9.23990592621
9.27798488781
9.42689153456
9.4543094976
9.47296302669
9.51992828429
9.6351719387
9.70146450051
9.73706223307
9.74687423945
9.80198669245
9.86314795872
10.0003672548
10.0861294447
10.1436351447
10.1960612658
10.3221352958
10.3987160009
10.4242774687
10.54439604
10.5516868404
10.6037167035
10.6415985068
11.0058942164
11.0773530901
11.1184331158
11.2821695806
11.4155727912
11.5316430256
11.7721325909
11.8895695588
12.0598302968
12.1382561503
12.2616849203
12.4324224243
12.5455904154
12.694182021
12.9108573467
12.9244459696
13.0203077326
13.23542469
13.3587123124
13.4268796547
13.6881014181
13.7916541839
13.9283737086
14.2567125405
14.3549889083
14.6906732507
101
