6.01509326041
6.02681381646
6.05072664058
6.05281192811
6.05675463246
6.05756862584
6.06073247938
6.07187984833
6.08009737854
6.08544901791
6.09217096685
6.09361658073
6.10302084625
6.11589529884
6.12071279403
6.12417677183
6.12557396588
6.13821556034
6.13904309356
6.14306300085
6.15089260754
6.15667002105
6.16399680423
6.16930713173
6.17521097631
6.18761058984
6.19934336043
6.207096803
6.21121302447
6.21348314029
6.28209129433
6.29334439043
6.30459116262
6.31557458876
6.33096419734
6.33808936173
6.3547760642
6.50298596726
6.51251166078
6.64352581474
6.65223126693
6.6617654854
6.7102751826
6.71676565343
6.72908285711
6.74118100397
6.88866955529
6.92038020501
6.93918062824
6.95743824453
6.97682296305
7.00479617523
7.05047714167
7.07612767733
7.09098854281
7.15148338594
7.16159379126
7.17364328466
7.20748473691
7.26326947473
7.39248420866
7.40683944973
7.48777577353
7.51910517538
7.5646965566
7.6384446927
7.80050477247
7.82011242798
7.84648916786
18.101469656
70
