6.0052507718
6.00928554007
6.01989503351
6.02664695598
6.03207434909
6.03968982952
6.04818912108
6.0539392606
6.05965990276
6.07353988046
6.07937173087
6.08091103251
6.08743728818
6.09537408103
6.11202078282
6.11927206896
6.13788141232
6.17365006717
6.17674515954
6.18399696343
6.23656412361
6.24804574258
6.26090756776
6.28943783968
6.30312354666
6.31742189861
6.33496423848
6.34292489799
6.35552005711
6.3623956099
6.36622062547
6.38965678783
6.40096156816
6.43318319879
6.43642937104
6.43772439082
6.44705957008
6.45954934771
6.46958910744
6.47552975624
6.48764437127
6.5006789687
6.5057429065
6.54090986341
6.55225984345
6.55713091145
6.67986523979
6.68862115771
6.79116480052
6.8212128975
6.83705310071
6.9785016524
7.00166066694
7.02939166726
7.14275398168
7.16635170184
7.16927229182
7.20563926895
7.22541918488
7.23281586077
7.26903045626
7.31024926263
7.3212351439
7.36244741122
7.42212084141
7.52665541848
7.59144025881
7.64142382963
7.6720003771
7.71539857459
7.74871938098
7.78572702544
7.79506364672
7.90715944336
7.93737095521
7.98799806002
8.01203422137
8.01782024426
8.04074194217
8.07422327619
8.08658088211
8.12954580509
8.16622401123
8.22613139542
8.25456498626
8.30989161988
8.36280213075
8.44787103228
8.45209851081
8.49116352775
8.49673171252
8.6108393875
8.62955423612
8.6777195569
8.70210456001
8.7407389251
8.76095586249
9.00362896793
9.03375733348
9.0655385345
9.17828938979
9.19309245413
9.2225152697
9.25481225718
9.30440256461
9.43910222672
9.52098547621
9.52763818885
9.65329379895
9.73817639108
9.8570254878
9.99777003563
10.2190204316
10.3090039154
10.3899575641
10.5144228194
10.5278283813
10.6009207403
10.6841841205
10.8192382547
10.95020272
11.2250982144
11.2838544113
11.4509035305
11.6192692155
11.7439052941
11.8363728091
11.9297637279
13.716080992
13.9235434561
13.9395573909
13.9651526738
14.5617560345
133
