6.00453021934
6.01447734372
6.02338914282
6.03518200431
6.03859011495
6.04089874862
6.04527660047
6.05010243676
6.05873342042
6.06340276933
6.06792554006
6.0706098181
6.07306677303
6.12665231331
6.13999434342
6.14771568811
6.15802990939
6.1815159338
6.19806547063
6.21160053868
6.21958478041
6.23413038865
6.24702208741
6.35084972383
6.41959410273
6.43026323636
6.43379762663
6.44220271785
6.45352940016
6.45466947749
6.46909311104
6.49148840549
6.50553537608
6.51971809073
6.521478042
6.53034509693
6.54955496703
6.56680024439
6.5846177768
6.61633467853
6.63150141423
6.63424810068
6.66286677591
6.68486522197
6.70638031985
6.71414014359
6.73773416174
6.74781033137
6.74949131838
6.79312826275
6.80436926002
6.84354989882
6.8452067797
6.84709646784
6.87387423581
6.89190635054
6.93176041011
6.93366382167
6.94004915612
6.94755034286
6.94960547373
6.96575969246
6.98546202273
7.00545185462
7.01819527325
7.04242211673
7.05402757262
7.06409666306
7.08157419909
7.09198093811
7.1653990005
7.195130057
7.2191487248
7.23278846476
7.25288518973
7.28861108276
7.3244824592
7.36870710824
7.40464951229
7.41323633674
7.43158228133
7.48464807731
7.49340902588
7.52964107011
7.57558939411
7.61816089925
7.63837054969
7.88073369267
7.99972150245
8.03052063875
8.1102502368
8.13561227926
8.13893974464
8.20641252647
8.21253829396
8.26745962337
8.27650797037
8.33674174172
8.35327839673
8.37382852832
8.37679696069
8.41617809583
8.4918458495
8.60145576124
8.68112984594
8.81477473189
8.92696652389
8.99945428768
9.04187518831
9.05088202095
9.1412733341
9.16494514169
9.18828444166
9.27426175792
9.33072404056
9.37606706483
9.41457249187
9.54157303273
9.60931472336
9.64391321294
9.65278368607
9.69606019025
9.9733229656
10.0254079603
10.0457945131
10.1485487199
10.2833683139
10.3606838142
10.4499192485
10.5286164532
10.561628208
10.6756518766
10.748681111
10.84688605
11.0368913458
11.0744516778
11.1272660462
11.1951387944
11.2931354491
11.3577187206
11.4566792682
11.6132315863
11.6790525343
11.8859400857
11.9677428861
12.0656257016
12.1365858248
12.1947258615
12.2386791476
12.4325546174
12.5861160797
12.6027530039
12.9146879189
13.0815897614
13.1673461786
13.2612688887
13.6241865128
13.9406517599
13.9526389775
14.22094592
14.4632876315
14.6485711455
162
