6.00148923207
6.00783765769
6.01066188212
6.01556730309
6.01943506978
6.020309773
6.02431537966
6.02895687625
6.03075329278
6.04926490415
6.0621658998
6.07107806565
6.07721484757
6.079594337
6.08476168324
6.09229492951
6.10140695166
6.10995655534
6.11233495566
6.12883741677
6.13836326089
6.14185092995
6.14840245128
6.15516784332
6.1656884473
6.1764773196
6.18640816077
6.18704450064
6.19094678184
6.20007718985
6.20673279118
6.21685052089
6.25487173391
6.26889030519
6.27628498445
6.27952202822
6.34775028078
6.36084203972
6.40868685813
6.50761098654
6.56399196274
6.56855955646
6.60382324868
6.62703039448
6.65051369395
6.66619560268
6.67097668578
6.69024042294
6.69966897555
6.72281916033
6.74307482763
6.74427330199
6.83298950163
6.84539123126
6.867294636
6.87489882703
6.90443426034
6.93946904022
6.94730590764
6.98819336299
7.0205315934
7.13164985626
7.14438635246
7.18759708653
7.20691495636
7.21520339198
7.21685915786
7.30597942081
7.36375253248
7.96775602119
7.98974795162
8.01642472066
8.10195641948
8.13547591071
8.15578544196
8.20495898678
8.26924405378
8.31523251427
8.33501456047
8.35290555215
8.46338814145
8.51078338626
8.562612459
8.58995197707
8.59705584994
8.77239846845
8.81829400657
9.1261048826
9.22427555042
9.26481122234
9.34048704946
9.38996989525
9.43751088494
9.4786823134
9.64377611854
9.80155334289
9.94361045719
10.0356552541
10.4101183306
10.4951096824
10.5635322194
10.6657868438
10.7725476725
10.8050832308
10.988986395
11.0280877841
11.0538563188
11.6621930966
11.749156626
11.8849026426
11.9842421676
12.1319278799
12.2217711264
12.5273891554
13.0001965549
13.0971463031
13.3622254626
13.595327918
13.6956741624
13.7799748565
13.923710042
14.2761605505
14.6680406346
123
