6.00946457004
6.01988266102
6.02715467447
6.10873682205
6.1185636433
6.11997437247
6.12855601418
6.27261115246
6.29790287223
6.30015751274
6.31914152262
6.33148492685
6.33586089941
6.35287349456
6.36731777026
6.37973469848
6.38824444509
6.41099089785
6.41901365699
6.4213097288
6.43422375581
6.4571811983
6.47302508301
6.50510542024
6.59152030684
6.60376699469
6.6075533535
6.61802041055
6.65716724353
6.686550697
6.70638824427
6.73834770691
6.75788188183
6.77507689703
6.80473445026
6.81347646038
6.81577622074
6.83720090332
7.35289107576
7.57908637708
7.63188136941
7.67784179053
7.72945737703
7.78584424583
7.80504700082
7.82076622152
7.83782488652
7.89435121571
7.99431559674
8.09956214257
8.13219699473
8.17608589264
8.20926067614
8.26161924832
8.37156270223
8.4016630536
8.63183856884
8.65434571362
8.67456953004
8.69449970389
8.74467307937
8.7492570778
9.06552435907
9.14803077077
9.1867265359
9.25743184678
9.34013069388
9.39733088224
9.40510946262
9.44788163771
9.45689160277
9.54627587619
9.58854129207
9.64128598619
9.74459347304
9.76264918773
9.77864515048
9.82628655323
9.90465656974
9.9178303481
10.1850807873
10.3542795367
10.5309956512
10.5849707619
10.6259484309
10.6808383086
10.843941014
10.8966369557
11.1045571691
11.1217540944
11.2053076064
11.2512800976
11.3141832897
11.358284194
11.4572580913
11.5027433665
11.5726060994
11.7610575595
11.8354055824
11.9580401305
12.1178280587
12.2697898147
12.4009213636
12.5676472191
12.745422598
12.8994753766
12.9381353594
13.0180518879
13.1175857737
13.5218649978
13.8072891021
13.8839346769
14.2147856971
14.3236130361
14.4819893877
14.5778884289
116
