6.00232652947
6.00739237294
6.01377218104
6.01948877975
6.04023555984
6.04166803879
6.0478490699
6.06127740152
6.07305493555
6.08190249623
6.08759927688
6.09676210227
6.09891675847
6.11560798326
6.12351509521
6.12628676937
6.16879331266
6.17543502811
6.1800201282
6.19184893323
6.20981171712
6.21061738044
6.2477763129
6.29203447066
6.31293744143
6.33129845606
6.34075236156
6.3508169953
6.36859650497
6.37783773798
6.40771627331
6.41657937952
6.42793828856
6.44139377506
6.46326624815
6.47525884445
6.48365125426
6.49239602043
6.50339413475
6.50960023326
6.51175027242
6.53046524357
6.55372111325
6.59069262331
6.59320103965
6.60445953879
6.61290097691
6.62816180073
6.66662510636
6.74652584364
6.77961151119
6.79946804766
6.82347975814
6.84613639455
6.85469935856
6.8643687457
6.87709465721
6.90469472729
6.93353142665
6.99312948566
6.99556503877
7.1030058385
7.30178760129
7.33454571939
7.42436308349
7.45701175562
7.48763320351
7.51311878921
7.53508415057
7.56868030473
7.63628854766
7.66365282715
7.66968946274
7.73187408705
7.81853646601
7.85021388288
7.85527857081
8.02899363161
8.0873744175
8.20522644602
8.22124282057
8.24640404762
8.28633269088
8.47250033806
8.49852047715
8.55214648779
8.59095231578
8.59873741214
8.64974421374
8.66304756457
8.68956117687
8.74700657825
8.78062127868
8.80967064772
9.26183708722
9.31368808041
9.4667968183
9.53074541289
9.79022922645
9.87197892963
9.94733437963
10.0536615777
10.1203078635
10.1689960821
10.2125854365
10.2702593465
10.3688307528
10.3888693801
10.474593375
10.4882926647
10.5911521582
10.6220522855
10.7384351288
10.8141294574
10.8636008524
11.0394160788
11.1050067276
11.1624688151
11.210007576
11.2747047779
11.3279398726
11.340743698
11.6962985174
11.7727845598
11.7861840878
11.8286581382
11.9216806806
11.9855578757
12.1188269127
12.2043523689
12.3360600652
12.4593553614
13.6464649571
13.7525674919
13.8904072975
14.4069612351
15.2212244239
137
