6.0056892819
6.01344290643
6.01842234868
6.02898291234
6.03137203688
6.03564723207
6.04494831333
6.06185540958
6.06910243071
6.08211643711
6.0944625486
6.10385362582
6.10867245764
6.22333813649
6.24007580151
6.24473330622
6.25288216935
6.26076624811
6.2669415586
6.3028982275
6.31470438752
6.32799826651
6.33006546681
6.37320165118
6.39023587244
6.39328121882
6.41497118462
6.42796515534
6.4409492483
6.47683935642
6.49435838521
6.4957435075
6.50456039726
6.51450013028
6.53868175237
6.54795563992
6.55908454946
6.57135176214
6.57428583114
6.57621589058
6.58745850149
6.59784296158
6.5993643173
6.60091451338
6.61530847824
6.62787537067
6.65047869934
6.68117805984
6.68803125398
6.71084673575
6.77719288095
6.79798959844
6.82760593911
6.82945081888
6.84437430615
6.86301029853
6.92011567415
6.95327256538
6.96916938517
6.99332227745
7.0105831898
7.03109293738
7.05786599059
7.06797850691
7.08952594579
7.13424672132
7.18089924501
7.20245873366
7.22944244666
7.2501115272
7.25245106786
7.26966502017
7.30800933797
7.3338523799
7.35681973801
7.45675860649
7.46228407428
7.50653748257
7.54335634428
7.57114035128
7.62543909846
7.96434340627
7.98879622184
8.01977088284
8.05265166216
8.07016983865
8.12935975094
8.13493592383
8.17997358655
8.19752490042
8.20177212351
8.26947808144
8.33138285112
8.34041143179
8.39714105109
8.45851945903
8.52114227114
8.54160855407
8.61425268002
9.22784284951
9.28248506667
9.31453183899
9.42580236831
9.49991222495
9.51178025522
9.64842661138
9.69054294331
9.75715264065
9.81391141796
9.9132446934
10.0441446019
10.1419837036
10.2128908504
10.2882199707
10.322621049
10.4452766489
10.5182408878
10.7263703936
10.8848860847
10.8971284079
11.1410371392
11.3235030036
11.3720133578
11.4286529856
11.4875366093
11.6022751804
11.7056608688
11.8297173731
12.0200581009
12.1285866686
12.723501288
12.8300353738
12.98554317
13.0636901256
13.1581197776
13.2929145037
14.7504940709
137
