6.00603942753
6.01825559121
6.02428293895
6.03572676711
6.04259120356
6.04846880717
6.05966436738
6.07261687086
6.07661890259
6.08527126259
6.14324461324
6.14793342006
6.15113128897
6.16446520049
6.19767314867
6.20258356774
6.20622033792
6.22048837414
6.22243235116
6.22420762291
6.23445953932
6.24017802603
6.24622992009
6.25440273994
6.26855514262
6.27586421537
6.28320208421
6.29495511888
6.30446294303
6.31052790602
6.3190531969
6.32019906364
6.32703697776
6.33668680455
6.35647131313
6.36490211396
6.37432501754
6.39369727095
6.40199240144
6.40480028027
6.41274272117
6.4194810878
6.43022189425
6.44927972663
6.45876462987
6.47382629151
6.48229423373
6.50634244501
6.52413377646
6.60181466125
6.6226399708
6.63212584489
6.64016750627
6.65017502844
6.65365188727
6.66967616717
6.69063020019
6.7390695391
6.76666235882
6.78152715547
6.85216888227
6.88057800068
6.89119323556
6.91218634856
6.93329901166
6.94819823364
6.99093450419
7.02430321461
7.03258909587
7.06268386508
7.09259940206
7.12503054799
7.15440702333
7.15652243889
7.18114014915
7.20743778152
7.23811893168
7.2615004537
7.28312082144
7.3306740965
7.36760395353
7.37519217328
7.39687494525
7.67270238734
7.70791397727
7.74341884915
7.76616914063
7.79402357484
7.89402422798
7.89937367866
7.98921097979
8.01730497201
8.10755852362
8.14163101628
8.17357846116
8.20590890151
8.28991014134
8.3796653606
8.44667434223
8.46120309778
8.48450056993
8.49134719875
8.55656358672
8.72925527495
8.81096819198
8.84410943793
8.90440392116
9.06752021768
9.1570515557
9.16284009839
9.22076319194
9.30367555094
9.34436444317
9.3885758522
9.48950549973
9.50408616995
9.65643549552
9.69653614151
9.72025842836
9.776286899
9.82459472506
9.97612460934
10.0386739712
10.1142081319
10.2003078547
10.282838118
10.288975705
10.3031341884
10.3430575829
10.3488856236
10.4298464613
10.4734245094
10.5495263808
10.6082948415
10.7786388103
10.8142041688
10.911835515
10.9581568688
10.9697917168
10.9838133597
11.0709154593
11.1350016353
11.1777287111
11.2775640527
11.3937509659
11.4693802932
11.6186618898
11.8061497316
11.9387237109
12.0359238582
12.1378160117
12.2725656553
12.9995193575
13.3436037549
13.5908055718
13.9330037327
14.2193897567
14.6349761136
158
