6.02205916911
6.02313715205
6.02829005463
6.03463605468
6.04437940018
6.05816768415
6.06115416853
6.08131475427
6.0844217747
6.0892703803
6.09503304871
6.09638469228
6.10402760554
6.10832143526
6.10902403138
6.12073054651
6.15946594738
6.17186777711
6.17608353343
6.17701058704
6.18254336268
6.19301133776
6.20515113064
6.2225764883
6.24222001162
6.25800643888
6.26284313598
6.27931109251
6.28569122018
6.29306138714
6.30174547767
6.30533036654
6.31110339454
6.32194303831
6.33711775553
6.35193313788
6.42794882672
6.5208562373
6.5316552192
6.54671421334
6.55816738098
6.57812997452
6.58275634085
6.61626723897
6.63093302966
6.6487398514
6.6501429616
6.65221471482
6.65360490203
6.67445793687
6.69650247218
6.70782383933
6.74375098989
6.76609354771
6.7689166695
6.77094363822
6.7825345126
6.79236918777
6.79480564312
6.90196922827
6.93260712436
6.95111892725
6.9741064189
7.03277292583
7.05227620748
7.08201310853
7.11306601445
7.13980598112
7.16521837858
7.20996288144
7.22750744133
7.23753800201
7.27754428494
7.2912928378
7.29482486604
7.31697999907
7.3287469212
7.33200569397
7.34493412818
7.42107914356
7.4309778369
7.45741916633
7.52153665575
7.67904418897
7.71378502184
7.75424871936
7.79700843636
7.89772564175
7.96302976126
7.9700179653
8.06683500884
8.11639827694
8.18018621775
8.22437179065
8.29089982799
8.34197404214
8.37880636543
8.42159504448
8.44998017277
8.51733548145
8.60042657569
8.66872462831
8.7102250711
8.77984062273
8.7879669033
8.82567439694
8.89113225938
8.92336838474
8.98630118875
9.01233426673
9.11929530124
9.1297219907
9.26048550366
9.32737934971
9.35839667823
9.38302533587
9.45785191416
9.4719758458
9.58533557963
9.79725368353
9.90968596435
10.0129715712
10.0920950819
10.2038017662
10.4082729132
10.4692523257
10.9049902818
10.9515548678
11.0963574397
11.5857393513
11.6859533297
11.7700712828
11.8041635801
11.8180242845
12.1594177706
12.5114295899
13.8411962025
14.0957672748
14.4519162416
14.6726373645
140
