6.01908336297
6.15353139746
6.16030424687
6.16970856652
6.20150945238
6.20491464331
6.21575249925
6.23181041706
6.23638583388
6.27038367227
6.27127295041
6.30598988566
6.31820335962
6.32738344589
6.33917489021
6.34411848006
6.35245613737
6.42247989199
6.4406663897
6.45302427903
6.47897494439
6.48674659841
6.48801875854
6.50019331146
6.507038226
6.53061411508
6.54807055737
6.65679499642
6.6612958101
6.67325993493
6.68701282464
6.69031579582
6.6922245803
6.69509898396
6.70508265846
6.71319623066
6.71701069538
6.72472052391
6.73522913495
6.75039429312
6.75458663061
6.76385051131
6.77991684234
6.81190731983
6.82491961667
6.84589896069
6.87342377652
6.91605352893
6.92767446297
6.94097126272
6.95676189768
6.99545658278
7.03062037505
7.13033018847
7.154349793
7.16816687227
7.17900389733
7.21756037134
7.29519260709
7.32878005237
7.35507415825
7.39347158254
7.54749754401
7.56730202364
7.59117002641
7.59501826225
7.60889814648
7.68534334572
7.69954567409
7.76430443175
7.80118172025
7.85218835973
7.93215486618
7.98978000377
8.0701295823
8.07458351722
8.09145395055
8.12230984125
8.14760762828
8.16429454438
8.18171400554
8.18674854763
8.51100963004
8.5292184357
8.57215903564
8.64055338245
8.67348857821
8.7290878388
8.94320469057
8.97318908805
9.00604743422
9.02201349956
9.07148814931
9.13482984329
9.19366268402
9.23337477094
9.30705448219
9.37788936056
9.40825097892
9.47669257265
9.51477965286
9.54106482823
9.67328812001
9.7087375218
9.78455592846
9.83243063685
9.97688304465
10.0817639044
10.19575804
10.2468545441
10.2880455798
10.4109379451
10.4717205115
10.5005883719
10.5395796994
10.7609854979
10.8186450811
10.8592642261
10.9550559203
11.0592182754
11.1115511686
11.1599254421
11.3106409855
11.4452256947
11.5054179109
11.5717907941
11.6972334855
11.7150951729
11.7795569447
11.8466332456
11.9547623233
12.1993253775
13.2829700631
13.5608961697
13.7320193223
13.8601742459
13.9576438433
14.2000242166
14.3249867367
14.5561243594
140
