6.0037317588
6.01304981285
6.01833542366
6.0272847633
6.02876855176
6.03967395422
6.04644160926
6.05074428242
6.06136477327
6.13811448526
6.15213689909
6.16760575861
6.17697442893
6.19807250343
6.2342898787
6.23514479282
6.24386345421
6.25098173338
6.35638428368
6.3702979454
6.37285694552
6.37948622505
6.39804445665
6.42115598393
6.42370052985
6.43428295719
6.44043626013
6.4628475805
6.48342906975
6.50296510622
6.50937739045
6.53280484477
6.67439172304
6.72250066396
6.77576406563
6.78374848626
6.79133161984
6.79757888481
6.81158322213
6.82060582719
6.82230180538
6.83283463609
6.84756096696
6.9631910993
6.99734174927
7.02148278902
7.02313092136
7.04959199436
7.06720119585
7.07247544968
7.09460106266
7.12877783977
7.14983261474
7.15675435569
7.18902653794
7.23310071411
7.25460194985
7.26627710681
7.27009977395
7.30925256723
7.35755280556
7.84306319751
7.93041966815
7.98187899553
8.09688311855
8.11852602226
8.1371967303
8.14555646876
8.17981575527
8.20164210433
8.23536156568
8.27247779244
8.31302584239
8.33210629911
8.3627371005
8.37169630648
8.41398271046
8.45735935614
8.61884002182
8.68550455538
8.72571687053
8.78462352225
8.88867337935
8.95581949647
9.02747826047
9.06441492325
9.09815313413
9.16171312462
9.17411135804
9.33528193694
9.38827657509
9.42593757394
9.49346335305
9.53828794065
9.5617573334
9.57498732633
9.59646159003
9.63550900125
9.79287560369
9.85153462135
9.90465671144
9.97045357257
10.019112021
10.1289152978
10.1952252584
10.2521076569
10.4849228462
10.560599304
10.7503296505
10.7590713824
10.8711412405
10.980510313
10.9917405618
11.0437263945
11.0515192551
11.0885769049
11.7025364149
11.8133670586
11.9721831526
12.039754803
12.16524774
12.3453007165
12.5335128171
12.6566064021
12.7776122211
14.7653862332
126
