6.00323784047
6.00688538393
6.0128963595
6.01780809992
6.02848364257
6.0327559905
6.03352811484
6.03779154865
6.03982716799
6.04199615681
6.04253064855
6.06108109967
6.06427799273
6.06713996226
6.070812775
6.07516405004
6.07829348228
6.08407077189
6.08942142229
6.10100386093
6.1173755584
6.13302419218
6.13586982017
6.15319140711
6.15902158566
6.16283576509
6.17871391391
6.18373440209
6.1905464911
6.19678587017
6.19873510481
6.20712553896
6.20940093894
6.22007679475
6.24131934953
6.24930627593
6.272396175
6.28075640315
6.28844224597
6.29810543172
6.30680370394
6.31273123397
6.31919102948
6.33967992122
6.34932143106
6.3618782338
6.36931098019
6.37042721084
6.37978801278
6.38852829853
6.39426818676
6.42432163744
6.42999554313
6.4386586817
6.44635942872
6.45429565782
6.46235238317
6.50421565822
6.51854105307
6.53187144066
6.54479589345
6.55865916259
6.79948359905
6.82593823843
6.85694143832
6.88425231783
6.88849378943
6.91011388147
6.92881468221
6.96345078478
7.12115797335
7.14020304425
7.17663340012
7.23500457919
7.27014544049
7.28828497622
10.274822303
10.3723864973
10.4747540948
10.5198780088
10.6370643154
10.6832639307
10.8470608044
10.9065433332
10.9157748772
11.0106480961
11.0792592096
11.2975342267
11.3938728153
11.5500610812
11.6660122564
11.7095913525
11.9108905613
12.1365744186
12.2488678116
12.8405305056
12.8713991803
12.9638722326
13.1837228477
13.3032191298
13.452453492
13.6750788077
13.8946657784
14.0819356406
14.5131792175
105
