6.00230963003
6.0069698764
6.069627061
6.07708011746
6.07971909283
6.08719666149
6.08848547863
6.09537553431
6.10459577966
6.11965834614
6.13000729071
6.1328068452
6.14302669319
6.15119072189
6.15181342897
6.16003142905
6.16935037562
6.18173867292
6.18514623097
6.19117606489
6.19380166568
6.20071755092
6.21289809127
6.22422523549
6.2295046374
6.23783570848
6.24453990678
6.25199800569
6.26064390262
6.31368962572
6.32204207448
6.32611047659
6.3277416636
6.34261962014
6.36212879669
6.37565878629
6.37687323615
6.38451426697
6.40612062022
6.41276630999
6.4287293492
6.432015989
6.45926496049
6.46424146977
6.47981787794
6.50638661402
6.50905291997
6.51818303499
6.54327710841
6.5683797572
6.57936536685
6.59254429526
6.61376889821
6.62956922895
6.64620362724
6.64907565754
6.67045359923
6.68619123277
6.69460088701
6.71495395914
6.79091099304
6.80874932389
6.84111977841
6.84290670742
6.86245113902
6.87729345883
6.88851447771
6.90901453223
6.93131252074
6.98417504704
7.00231880917
7.05398431198
7.0840859639
7.08719496335
7.11218375059
7.14925310983
7.22412335813
7.2470071759
7.48463088863
7.5098205582
7.55423541823
7.59325678586
7.62857617954
7.63737524494
11.0747612965
11.1697332392
11.4247768052
11.4559720167
12.3123626659
12.7182640742
12.8740354575
12.924107221
12.9994174095
13.3696600803
13.5343702516
14.0689401423
14.0830428823
14.2367447906
14.7457648078
99
