6.00652049575
6.01299846048
6.01674778149
6.02978724431
6.03651650357
6.04247783951
6.0536878996
6.08543129888
6.0860651555
6.10496629928
6.10564451869
6.11838802884
6.13344095756
6.14022268127
6.15074417182
6.15467009775
6.17089418365
6.18767961027
6.18900725188
6.19920646717
6.20389343611
6.21850219126
6.22009246365
6.22122541198
6.22422745993
6.2473247199
6.25517644667
6.30359649268
6.31349566757
6.31898824234
6.33140486246
6.33247437771
6.34473845407
6.34860526425
6.34954273668
6.35436600885
6.35547408167
6.35980055447
6.36553622788
6.38775295282
6.42003120284
6.42700367616
6.43539620525
6.44806756766
6.45764866525
6.46231063139
6.47866712425
6.48340436022
6.48950074272
6.49772449218
6.52922257875
6.54477507335
6.55581553403
6.5638952808
6.57865835462
6.60053278527
6.68008719165
6.69169274063
6.69423047969
6.70540902931
6.72275889882
6.72861288114
6.73012944825
6.76135908018
6.77536034638
6.8042151593
6.81508853496
6.88933495643
6.91409982613
6.94412320848
6.94724739553
7.24447460317
7.26365886282
7.29111201735
7.31164062479
7.32572616155
7.54431028384
7.63644828527
7.67999888303
7.74902759939
7.7733068995
7.83113184735
7.83430529345
8.14230806804
8.17980923457
8.2159960301
8.24527576077
8.29464462392
8.29880684773
8.32425690831
8.43432702482
8.51558468809
8.59201243046
8.645965669
8.66975208928
8.68046304619
8.6865862445
8.724126638
8.78071030234
8.83900059436
8.88264281601
8.93307627921
8.98730111597
9.04463759783
9.16024384281
9.19229476676
9.23292699947
9.43804625179
9.49436122838
9.58789556822
9.64300167646
9.76717137677
9.83124723144
9.84796141078
9.95180344147
9.98385002536
10.0835268612
10.1487977945
10.1779930534
10.2350806481
10.2762468225
10.410369978
10.5851684345
11.5105017059
11.6598418736
11.7242097272
11.784119629
11.9030978902
12.0041837856
12.0817062552
12.2244564436
12.4298782283
12.5109284679
12.5822057305
12.7006081814
12.8752731297
12.9596132253
13.139778219
15.1501254305
139
