6.03836587384
6.0483930461
6.09276040485
6.09591091158
6.10523052351
6.11440470579
6.12303915019
6.12911633569
6.1324518838
6.14055783657
6.14719380737
6.19672040734
6.215162374
6.23324744373
6.25048945591
6.25650227019
6.26668486774
6.27099260298
6.2802624911
6.29309136442
6.30058479419
6.3068843898
6.3178524181
6.32490119782
6.33527682965
6.34200147358
6.38959701461
6.40762741593
6.44178276076
6.46668325148
6.47717728549
6.47879582634
7.23588988574
7.25569270311
7.31156324412
7.59557174166
7.64473207406
7.67682340356
7.72447156818
7.75095368622
8.18819806387
8.27961983533
8.34079034091
8.37051163361
8.37354452571
8.3804084088
8.40425471043
8.40775711812
8.46640910915
8.48203204927
8.52325730144
8.56477534677
8.71305950795
8.73094938726
9.38055080011
9.38786571279
9.44328843168
10.0340032547
10.071629616
10.0791385601
10.1682797413
10.2584947952
10.2678769529
10.3985205898
10.5038578493
10.5577617921
10.6956632341
10.7338767538
11.7965619584
11.8826565851
11.9191203034
12.0096670593
12.1655831526
12.3529654213
12.442900752
12.5249814023
13.2790259925
13.3707669045
31.0073391848
79
