6.00244871381
6.00381077312
6.01005491901
6.01289251113
6.0138781766
6.01924610489
6.03585557812
6.04859810949
6.0537279582
6.06028696304
6.07020524211
6.08181345629
6.08313997176
6.09717018858
6.11837260044
6.13417824017
6.1384956337
6.14371961895
6.14750775494
6.15216961351
6.15656020112
6.16041040022
6.16365945201
6.16696497915
6.17120534387
6.18239950453
6.18908148648
6.19083834872
6.20550595194
6.2186323385
6.22465601372
6.22529498969
6.23532919753
6.23968923851
6.25069213188
6.26053714533
6.27892879333
6.28332639013
6.31021434194
6.31370081832
6.45253553176
6.46340867404
6.4767097747
6.48357327852
6.48773980792
6.50611692309
6.52293602057
6.53967933232
6.5496601084
6.55734256352
6.59882318153
6.61271107283
6.62217100667
6.65168066221
6.66622782618
6.68593497963
6.70709612205
6.7243059703
6.7340515323
6.74689420916
6.75840175127
6.76496369227
6.77694234355
6.80317009631
6.80634809998
6.83362808667
6.86076386933
6.86277606908
6.87933352003
6.90961363218
6.93346251617
6.93674907751
6.96399342623
6.97481060324
6.98542916877
7.00474060949
7.01515262061
7.04334254211
7.06056248474
7.08613657928
7.19732095109
7.24991976052
7.26594670651
7.27538117218
7.31865777929
7.35506864993
7.40339555639
7.44366769938
7.49102656058
7.54675811748
7.59439713271
7.62622596732
7.94600087496
7.98683588427
8.04852236784
8.09136713115
8.15256221663
8.1893758645
8.23501489631
8.24873239073
8.32425851134
8.41005102593
8.45683476867
8.49622916261
8.55773888841
8.58551545396
8.63510886769
8.70129236653
8.75336713301
8.76620813855
8.78258294469
8.8464335738
8.89492667315
9.26298157089
10.0818626607
10.2087679929
10.2656649637
10.2722963485
10.2967665613
10.4078258364
10.5052038285
10.5403247589
10.5941948923
10.7301058557
10.7359303059
10.821737249
10.9006554552
11.0219415498
11.0569054526
11.108142927
11.1852166971
11.2456873065
11.2994339862
11.6321327995
11.6874936102
11.78638342
11.8401579457
11.9813210629
12.1900655925
12.3868452133
12.4160148193
12.5263874548
12.6626804193
12.8025983924
12.8729197528
13.6447998082
13.6680151462
13.8211985701
13.998791789
14.0766370194
14.1915199392
14.4408711154
14.6307313443
153
