6.00352805017
6.00779518161
6.01175717085
6.01323289867
6.02050408522
6.05329933644
6.05625369123
6.10512063297
6.11406929901
6.13054611789
6.13340828401
6.14263365176
6.14677644419
6.17494793115
6.18245727707
6.18643047847
6.20693920154
6.25572144355
6.27075151315
6.27497714518
6.29053352878
6.29180465947
6.29566551691
6.29973082312
6.31626766602
6.32293868988
6.42054034428
6.42583202446
6.47904119908
6.48182260673
6.48978145189
6.49156373407
6.52721656538
6.5368393369
6.54279704704
6.58209926353
6.5910441709
6.60647464309
6.63473963772
6.65904563465
6.66944763425
6.71020480563
6.71940843444
6.74001447591
6.77686365917
6.81595601709
6.81910294138
6.83225782546
6.84259205519
6.86614198835
6.87338215179
6.90681346651
6.93433515198
6.93897469509
6.94690677032
6.95733904424
6.96540696769
6.98367913085
7.03519667583
7.0506457979
7.11407704076
7.12172412962
7.16738414233
7.18599364363
7.20109458687
7.30917644296
7.32985949115
7.35375399527
7.38680903195
7.41507729861
7.67694946415
7.71738321756
7.77556613266
7.787358098
7.82758184171
7.88707854793
7.93534104444
8.00129444574
8.00410038522
8.01652637579
8.06736503612
8.10461445894
8.17756098253
8.18743040744
8.26219685969
8.30146165502
8.36082415407
8.3874031597
8.43660925099
8.48836759615
8.75678595199
8.80539815369
8.84324709312
8.90086808035
8.92743960981
9.07345374768
9.15959984641
9.22295274212
9.25100441496
9.27402487817
9.32604495705
9.35399359701
9.52158745769
9.72350982164
9.79158616071
9.89318324427
9.98790944167
10.062313121
10.1366003746
10.3228616095
10.3282865248
10.3562254841
10.3946203884
10.5070694323
10.5802581561
10.6620992174
10.8089457928
11.1321795367
11.1780567309
11.2905912942
11.7293299435
11.7404730209
11.8152231164
12.0079030476
12.1030542995
12.2249525615
12.3957234476
12.4518926098
12.5201112111
12.6074433285
12.7247790874
12.7453673293
12.9649769959
13.5150834394
13.6848134946
13.7081193691
13.8084656283
14.0836708965
14.3816117068
14.6520245228
140
