6.0781654321
6.08928253205
6.09368619239
6.10293809276
6.11337216288
6.11924114257
6.12879379609
6.13755695392
6.15034282812
6.15217675565
6.17216920341
6.17554535248
6.18706370289
6.19961931408
6.20057678905
6.20863828502
6.21576909166
6.2196957766
6.22437871751
6.23404018589
6.23745200665
6.24918014376
6.26025131194
6.28166173221
6.34190448794
6.34435207951
6.35057670472
6.35808139284
6.36590444765
6.39454704301
6.40494610826
6.43727438867
6.4813009543
6.49688785273
6.50212423333
6.52286843867
6.54178303237
6.54679877824
6.57253748066
6.57471985855
6.57988423515
6.58271114366
6.59840623629
6.61431900616
6.62608675102
6.66053808437
6.67212655976
6.68549455
6.69092815673
6.70117935729
6.71308771723
6.73159941974
6.75444616718
6.76299908835
6.78412582472
6.83277919484
6.91651194227
6.92799048105
6.94332445401
6.98232493856
6.99082415527
6.9985678553
7.03638030595
7.05905040733
7.06066038081
7.07414051166
7.08589077216
7.10910742423
7.27524721009
7.30473183183
7.32469124627
7.33470757985
7.36708745111
7.42341608859
7.47561716458
7.52313279462
7.52570293199
7.5507900958
7.5908082544
7.59556961246
7.63217847749
7.67972124285
7.70457319145
7.70845630592
7.77117024886
7.8190891831
7.88925271705
7.89178881443
7.951460001
8.0096789381
8.51569375287
8.5503761043
8.57611315831
8.6383311261
8.78630658511
8.97589891016
9.05102842235
9.14111432636
9.15107550038
9.17772377598
9.25603224022
9.28937812127
9.35504440051
9.63374239215
9.66053271033
10.1436098239
10.1659728216
10.197683874
10.2654885893
10.4097594896
10.4683033622
10.5705919008
10.755699676
11.8459470008
11.9445693342
12.2169067937
12.3866970381
12.4267159845
12.5323554149
12.5510742234
12.5998353455
12.7901685885
12.8020728335
12.9152988652
13.0357438831
13.1047233738
13.3116256295
13.7633747203
14.0344040356
14.4227889843
14.654839477
131
