6.043354357
6.05081423894
6.06123074356
6.07040129268
6.08861091594
6.09613987944
6.11177334944
6.15021764541
6.15129221723
6.15505570182
6.16903693116
6.17061149932
6.24461145953
6.24644164962
6.25564820519
6.26953816378
6.27667686388
6.29096156736
6.29818096036
6.31598686327
6.33157420286
6.37566005705
6.37952761798
6.38409924497
6.39592802195
6.46408889225
6.49689579305
6.50378705139
6.52745561376
6.5810490389
6.59514646565
6.6062559397
6.61232293654
6.61419690244
6.63739199457
6.65724331015
6.70025030034
6.70396666921
6.71929388739
6.81850551941
6.83657568035
6.89135166926
6.92462748833
7.08140625188
7.08985683833
7.10023136642
7.12348263673
7.13041671493
7.14675459354
7.69479698092
7.73078892723
7.77128726482
7.81008481608
7.83137184314
7.93254245875
7.94345288679
7.96194865723
7.99451818201
8.00941723077
8.02025693313
8.04431786203
8.20638921926
8.23545801602
8.36660465888
8.38916566956
8.43380165129
8.67143573339
8.77649081636
8.78355348219
8.83894835473
8.89881765008
8.92894187504
8.96534209692
9.02206175233
9.09080891341
9.14227632074
9.2129519801
9.2370227963
9.76239700608
9.87515650088
9.93586714603
10.0313318335
10.0917736295
10.210634279
10.5133987318
10.5736436557
10.6217820932
10.7957890801
10.9363749648
10.9880061658
11.0566075971
11.1125598825
11.2620035001
11.3523821963
11.3738944517
11.3827021168
11.8516454181
11.9467454648
12.0731376605
12.1388634736
12.1975852715
12.7100943199
12.8783854722
13.1596181592
13.3004438692
13.443618055
13.6607129075
13.7834147773
13.9352635377
14.0527389564
14.1288417764
15.6818448976
112
