6.01423505488
6.02151905612
6.02562783773
6.03358348579
6.04265276219
6.0463092184
6.06138613736
6.07406245983
6.07781469483
6.08223467056
6.10245272618
6.10763137962
6.11389109869
6.12840695417
6.1317164804
6.13952213071
6.15173016986
6.16967037453
6.18256589548
6.18723242016
6.19300652897
6.21678419123
6.23627570417
6.25043465011
6.2547393574
6.26416341613
6.27196017525
6.27844636934
6.29439556149
6.30054216698
6.30487912004
6.34069535731
6.35026016056
6.36592590215
6.3886159954
6.3934884794
6.41092672896
6.41755503337
6.42845040045
6.43608709276
6.44027497856
6.44714940912
6.45293836689
6.49208158935
6.50861539963
6.52492676443
6.55741806512
6.57051177119
6.58935939214
6.60133313554
6.63629080236
6.64529681446
6.6511790351
6.65625942678
6.65958581889
6.67192721067
6.78760485776
6.79544062345
6.81856880472
6.88686626259
6.89784230084
6.90803686281
6.94879814747
7.00772700215
7.02416219256
7.03627216458
7.04098636322
7.09322441239
7.11187825348
7.12924377085
7.15810800387
7.1751676277
7.18473926099
7.34143487049
7.3838574108
7.42563864344
7.43537005397
7.44500562345
7.47783658705
7.51481033851
7.53153807753
7.57855811413
7.61895921267
7.65123359906
8.85006605143
8.86508375641
8.88556812969
8.95742627043
8.99369875556
9.05170259445
9.94739141939
9.96734387991
10.0670433497
10.1594704442
10.2814296607
10.3169993438
10.4676213909
10.6358375282
10.7293240665
10.7712371581
10.916070673
11.0146069609
11.1760058779
11.188075668
11.240046256
11.3406463529
11.4664287066
11.4743086002
11.5122550132
11.5709673022
11.6316704079
11.6786694123
11.8164930811
11.9166354163
11.9341942848
11.9819354265
12.1508980375
12.3173587934
12.4125381836
13.2732401222
13.3405233365
13.4930521206
13.6061358908
13.9100564707
14.0078422068
14.0216956131
14.1735600125
14.5347119927
128
