6.00504347611
6.01345708165
6.01980137816
6.03179569955
6.03885519822
6.08490425617
6.09553091713
6.10258738992
6.11537722846
6.12286249106
6.1309404795
6.13693133842
6.14247064992
6.16209302038
6.17562980939
6.18167095279
6.18738513128
6.21850820219
6.2390840155
6.26154173203
6.2798522688
6.28655294176
6.48408845147
6.497950586
6.50499947568
6.51017705764
6.52721262927
6.53197746113
6.54048420428
6.54452190036
6.55326611827
6.5576982386
6.56523012936
6.5864708909
6.61091210731
6.62067427345
6.62652498186
6.63711500018
6.67556238337
6.6812171847
6.7568913163
6.78958816593
6.79900635291
6.82096037897
6.8342762885
6.90927579034
6.93741311824
6.95515472899
6.99408883367
7.01000063198
7.06140751854
7.10641857258
7.1205319891
7.13730958432
7.15659599836
7.16447479367
7.17903675222
7.20263081292
7.20689826664
7.23338682871
7.24787984377
7.27408575767
7.31911528588
7.35998556938
7.42561696354
7.42771953668
7.48285382751
7.51339860201
7.54111069718
7.57030131723
7.64936521724
7.68725886706
7.69376946423
7.81176528848
7.83101829583
7.87935100839
7.91496645755
7.9251028599
8.13891388512
8.14401333365
8.20075185757
8.22842077712
8.26845743941
8.27187381598
8.30540458354
8.3362570461
8.46455008096
8.50896977379
8.51565562226
8.58010051259
8.6812324303
8.72455935589
8.8065054886
8.84237146473
8.8844704525
8.91468711941
9.29075080413
9.43579975048
9.51462356429
9.53123260028
9.56099021724
47.1474207066
102
