6.06361959279
6.07445297342
6.0791487669
6.09906293295
6.11439237452
6.12004012552
6.12591824782
6.12938562539
6.1393202875
6.14446297383
6.19950849361
6.20381053324
6.21517384988
6.22146634081
6.2311954073
6.24242712235
6.24721178774
6.26433748806
6.27723472663
6.28341911494
6.28778698771
6.30151213751
6.31596168723
6.32339351341
6.41484441717
6.42811215184
6.43554696603
6.43922973475
6.45851044938
6.46983953517
6.49045395867
6.53171944274
6.5353736374
6.53645057005
6.55036055385
6.56328001109
6.60636631179
6.61986153368
6.62398816048
6.62661838866
6.77322021297
6.78789079584
6.81214672015
6.83093240585
6.83281032905
6.85424600271
6.87765061592
6.9038017791
6.92789346836
6.95022312119
6.98077659316
6.99566791013
6.99814638006
7.0215067191
7.03135691322
7.064031154
7.08345803513
7.13359843389
7.16761266925
7.20810834648
7.2194996952
7.23145603916
7.56874202382
7.57246447059
7.57510558556
7.61730727932
7.63932070112
7.65324635215
7.72838818319
7.97472939907
8.27415911378
8.30361189685
8.35843828504
8.38432001788
8.43588015302
8.48199747838
8.55124553221
8.62717432947
8.70926809668
8.7949156957
9.06316083468
9.43878788592
9.52512064564
9.53386142422
9.82965314205
9.93504393179
9.9740916551
10.0293224885
10.0756088669
10.1562173897
10.1902975435
10.3204325785
10.3711542985
10.4101238812
10.4614281013
10.5563696229
10.6088805276
10.6408246413
10.648068941
10.7816541416
11.0194908967
11.082738598
11.1364526094
11.2163550992
11.2655948725
11.2901512702
11.4716157454
11.5502636224
11.6243158043
11.685155234
11.8202591523
12.0361561565
12.1551038069
12.2198463253
12.4860078864
12.9362328435
13.0698154871
13.1693416948
13.3965439418
13.4916762752
13.7155930256
13.8426572014
14.1446499178
14.2676775197
15.9050626187
125
