6.00080875663
6.00800346618
6.01659187633
6.05335660721
6.05939710486
6.07223880507
6.08242537224
6.1116216601
6.11647858628
6.12705533099
6.13341032081
6.13663021842
6.14466706201
6.14958600447
6.15482175403
6.1806962305
6.18717062062
6.21369784109
6.22680595098
6.25692147575
6.26689174756
6.27262532934
6.28548323212
6.30679846492
6.32487808905
6.47727456973
6.48648830092
6.51071290384
6.51710431295
6.53825161707
6.54140065754
6.56065788279
6.64668602867
6.6720852869
6.74243733377
6.75685058477
6.75873358937
6.77561932467
6.79869032676
6.82262727487
6.83742759417
6.84186688142
6.88242078913
6.88928545391
6.9004430084
6.98841380474
7.0195406613
7.05908220206
8.24663191393
8.59184236239
8.63184482558
8.71163933437
8.75607543377
8.93203832542
9.01963773044
9.05893703533
9.07831997549
9.12980126222
9.18827695387
9.21792908394
9.31296395698
9.36147307732
9.66352913916
13.2791649291
13.4278404958
13.6223925829
13.8707928593
13.9326345104
14.5506715824
69
