6.00460168977
6.00901093374
6.03405706851
6.05273208226
6.05651545552
6.06792070941
6.07387351742
6.07933736323
6.10162422191
6.10820631339
6.12781238547
6.1321377248
6.1418743495
6.14360557461
7.64552298328
7.6587776622
7.668043383
7.689784452
7.72260878798
7.92751654791
7.95845119142
7.98635722043
8.002006101
8.08425793741
8.10186302881
8.17140793303
8.23583287636
8.24241223346
8.3167012492
8.38715740629
8.43670768191
8.50308523936
8.55211526986
8.60768176465
8.66683905346
8.6918572126
8.69568834232
8.72610824413
8.76647510339
8.85439328354
8.86994595258
8.90879606809
8.96922084637
9.10375939504
9.15929828122
9.22010251397
9.62172045017
9.62720005213
9.71765647675
9.84114865784
9.86339828529
10.0569591262
10.1586305517
10.1900630648
10.2577338107
10.300436527
10.4249064363
10.5352507496
10.6080598635
10.6866362155
10.775797164
10.8972699203
11.0105654059
11.0487845974
11.0568953912
11.2806914911
11.35581923
11.4351197836
11.5173207848
11.6755175537
11.8837915967
12.0350002098
12.1727567375
12.2221477343
12.609473245
12.7439442961
12.8267896488
12.8652731426
13.8748358799
14.7017324379
80
