6.00984029593
6.01481045142
6.02649584375
6.03593481558
6.04621470061
6.05013964174
6.05632867331
6.06567361993
6.06930244698
6.07388961636
6.08030914267
6.08282745652
6.09994983615
6.29101204394
6.40590333245
6.42407768793
6.44613305067
6.46952122977
6.47565101461
6.49215136688
6.51541294865
6.54283732313
6.55519833318
6.56754376554
6.57485707889
6.58333756624
6.62069493901
6.63382685562
6.65445197816
6.68626177192
6.80451186125
6.84053899048
6.85081133145
6.859774028
6.87716140328
6.88977366147
6.90790005275
6.91959922628
6.95922561608
6.98406429881
6.99111067904
7.46915909489
7.65276457226
7.6924985323
7.71973160097
7.72287407687
7.74511153118
7.83116546444
7.86874727852
7.87104979294
7.92136289211
7.97091208452
7.99997965672
8.02019319092
8.05248413755
8.07356851907
8.21737614724
8.25804320912
8.31137496552
8.45215907466
8.50532586661
8.53954750677
8.56466943539
8.74202987247
8.82779023876
8.92464680195
8.94060792117
9.07946966108
9.13148326375
10.5015988364
10.9004827428
10.9789140885
11.1781543157
11.2496872405
11.3262149178
11.4878820261
11.593752267
11.8119840517
12.0153853862
12.1425782538
12.1863369029
12.2353616912
12.3507830399
12.5065517451
12.6482540595
12.8305750239
13.8054698472
14.0750110006
14.3334211744
18.0616395557
90
