6.00987652307
6.0128087444
6.04756593144
6.0559390379
6.0628986502
6.07242475874
6.08740764138
6.08998547217
6.122293502
6.12895731788
6.13801764211
6.13925787335
6.16531592719
6.17821068075
6.17880723229
6.21947139779
6.23502913918
6.23635044166
6.23745732641
6.24876934456
6.28481012878
6.29540813176
6.29894426844
6.31004771826
6.33156936192
6.33291672695
6.35475786409
6.36209369134
6.36471275795
6.3782626319
6.37944820223
6.38566886014
6.39947780332
6.41830380429
6.47520359736
6.48501640483
6.49585941798
6.50404749815
6.50656765421
6.52303801837
6.5377659273
6.54651685077
6.57853513196
6.59598128887
6.64999599485
6.67665913877
6.68595288314
6.69279054086
6.73488922858
6.75037608484
6.75254216076
6.76776814179
6.78435338747
6.79911445049
6.81339174308
6.84883045533
6.86086615593
6.86605007845
6.86931577489
6.89395880474
6.90286597757
6.91943059499
7.08981841812
7.15302819975
7.15570468552
7.16841516354
7.18129483727
7.21123524105
7.23000739464
7.26632517676
7.30886561002
7.33316777171
7.37451043005
7.3968035017
7.41614260358
7.46911891319
7.48929870048
7.50079697348
7.59211344552
7.83872014012
7.85980697839
7.8917585876
7.99214897323
8.01425990045
8.0181624493
8.03136277674
8.06223675414
8.1012961012
8.1504746855
8.24275860012
8.27156739422
8.42205624403
8.46518141632
8.52515401462
8.55239459858
8.57972886769
8.61776906983
8.65908553636
8.69427797379
8.77808502478
8.78516517893
8.84049631059
8.90193861752
8.99222535118
9.00370873292
9.01188241283
9.02925956963
9.07982053605
9.12663029563
9.32705633614
9.41444522701
9.47329360343
9.52259508828
9.70965341606
9.78943414479
9.89678098219
10.0942701819
10.130198383
10.2100354619
10.3322692775
10.4073583758
10.4787913194
10.6329161766
10.7515916712
10.847865143
10.958178038
11.0573458684
11.245303095
11.369684942
12.2980549385
12.4353751188
12.6038755397
12.636489475
12.6521970326
12.6870656473
12.7047872102
12.7650416045
12.8709543885
12.9695264161
13.0572783241
13.2751997132
13.4985123049
13.5718759316
13.7050450852
13.8787729729
14.0091519123
14.5893011928
147
