6.01106093489
6.01539252755
6.02610646059
6.03417392536
6.04526122192
6.05610263876
6.06161373907
6.06218638222
6.06662161693
6.06919648179
6.07444500471
6.08024154356
6.08909629919
6.0999948089
6.12195974706
6.13528271515
6.13849179987
6.14905247939
6.15382796618
6.15646818006
6.20560210979
6.21169203812
6.21287917134
6.38465585686
6.3943551963
6.39569876826
6.40829909374
6.43959559403
6.45640205481
6.46274982362
6.48818085934
6.4972306392
6.50955985135
6.52799218701
6.53001864415
6.53897825374
6.6917969012
6.69322299213
6.70691301726
6.72677627657
6.74181367781
6.83361067085
6.84101794299
6.84591997518
6.87174075755
6.8940179139
6.91014507161
6.94549903256
6.96183193473
6.97216129148
7.00374933045
7.06986582416
7.12050021666
7.13402222862
7.15624036163
7.17279390614
7.28748627832
7.29689185069
7.30962353649
7.33936393206
7.36955901021
7.3983551589
7.41764149711
7.45561041655
7.46325416588
7.47081025126
7.51426696048
7.57225857007
7.5749822559
7.59552205315
7.64956589927
7.68151302827
7.7404433615
7.75311872704
7.78357356783
7.80501234317
7.85680991935
7.915195722
7.95040837646
7.97167169846
8.00693683667
10.9352317749
11.0119306016
11.1292974983
11.1819656905
11.2136049841
11.2642827697
11.490422829
11.8232860142
12.0062560617
12.1323436534
12.204568057
12.3189394626
12.4944616782
13.0890131785
13.2197200267
13.2333853262
13.4779596556
13.5812618766
13.6908267642
13.8902571263
14.0237248176
14.6718419732
103
