6.00825432314
6.01490444444
6.02112711831
6.02597455712
6.03082538234
6.05334041839
6.0619061286
6.06371759536
6.07143526062
6.07432044206
6.07519263114
6.08254039995
6.10729960648
6.11404229954
6.11681703121
6.12200378726
6.13228857353
6.1383086947
6.15125568509
6.16445969119
6.18758642584
6.20320362035
6.21074289197
6.21935056963
6.23538599731
6.24809297987
6.25175644216
6.26401145976
6.27767391208
6.30519505395
6.31081146289
6.32987255705
6.33103031415
6.34126701597
6.34686822906
6.3575694034
6.3589821647
6.36671202574
6.37165160958
6.37701467122
6.3871669423
6.39663138533
6.40529452866
6.42148989871
6.43220968365
6.43869493252
6.44359315191
6.45960705473
6.47955674858
6.50058879684
6.50718707819
6.51809380961
6.54801199596
6.56036097735
6.56923824105
6.57382716957
6.58033641763
6.59601658102
6.61641724595
6.63169048812
6.64696560198
6.64980424106
6.73426074934
6.76099441438
6.76243498231
6.78559766569
6.82708578748
6.85458228291
6.88728036914
6.90700137426
6.91728677946
6.93804659764
6.95375339797
6.98668171126
7.02731145777
7.05289485708
7.08951008139
7.10787881797
7.12404601057
7.15620883612
7.21115889329
7.35947630265
7.39694773978
7.44110048201
7.48344684643
7.50511088722
7.54728040282
7.55098460744
7.5611218557
7.59675481688
7.61587527704
7.64119935084
7.68608036414
7.72626334901
7.79510377096
7.84635188537
7.86864138605
7.93226678707
7.99086755737
8.05148892071
8.05515817358
8.0829048511
8.09399780779
8.18851707
8.19429845505
8.26568045691
8.3268331978
8.35584459431
8.35994299015
8.42711670384
8.56276124891
8.7075611261
8.75084742637
8.93617277164
8.99493683653
9.00365757215
9.0454758001
9.09706415321
9.11049919662
9.26534474585
9.2818042505
9.33082203229
9.39580214702
9.68777208336
9.71640911389
9.84892806934
9.88696849738
9.9325228811
9.98548400983
10.423173437
10.5681227795
10.6684016992
10.7518077502
10.8007988631
10.8317011966
10.9247902233
11.0129879601
11.2480625266
11.3715568588
11.4344365684
11.6191060171
11.943928191
12.1407998775
12.2675682615
12.4243481381
12.5714342144
31.7401716895
147
