6.00812444015
6.01148784686
6.01677876953
6.02127352283
6.02976465326
6.04666057223
6.05882083647
6.06774944208
6.07692148507
6.08343078494
6.08840055619
6.09375255467
6.09478368402
6.09681353774
6.27432235287
6.28433960213
6.35238961886
6.35890196307
6.38246235732
6.39446243888
6.39539628962
6.42064612931
6.42303088003
6.43894124316
6.45359599035
6.46512625344
6.48140443246
6.48319006355
6.50281604149
6.5131134196
6.53316951923
6.54694411863
6.5679475945
6.58613746792
6.60467935126
6.61855405202
6.63524919549
6.63992132839
6.66194448717
6.69203267297
6.70402330337
6.71337521527
6.74262788798
6.76851866382
6.7696508623
6.79082018625
6.79553374639
6.80323636096
6.81638323085
6.83300513261
6.84473992924
6.85252126671
6.86825259433
6.87358739638
7.14326874893
7.1815854072
7.19863069544
7.22741201242
7.23512629853
7.23786249931
7.27058367083
7.28564305321
7.42369196442
7.43956410507
7.4493591534
7.5216571922
7.53314031617
7.57404647114
7.58930581768
7.68042646092
7.70224351222
7.74578880067
7.76360354702
7.77138662508
7.81106774985
7.86248649481
7.88264312317
7.94308545142
7.95663092156
7.9602439578
7.97211435366
8.03375163154
8.04039395566
8.06971967569
8.09642111991
8.11703243101
8.16456635605
8.25089280164
8.2956575767
8.3372700316
8.34076885432
8.38458491063
8.39024151997
8.43788761718
8.4978656311
8.50429965899
8.51447140845
8.60278694614
8.64243311095
8.73789502798
8.74679094539
8.76925431255
8.84874316574
8.89201160508
8.93075664939
8.93969323884
8.99176949519
9.08475586278
9.17225503348
9.35881704961
9.45366319905
9.53725582132
9.6225875189
9.92216038392
10.0500984641
10.2057669815
10.2327910845
10.275653284
10.3361008271
10.4936507801
10.5803225611
10.7320287199
10.7495226163
10.7668296746
10.8140355971
10.854966538
10.9166836595
10.9487550095
11.0026703034
11.1511371768
11.3356315427
11.4505343414
11.4691281024
11.5201514934
11.9726897201
12.0575393
19.2124922565
137
