6.0051579658
6.00884433296
6.01928999232
6.02552176386
6.02802907932
6.0365915406
6.04580673849
6.05004918434
6.07246780467
6.08539364164
6.08917523945
6.11174384971
6.11996255756
6.12553461878
6.14323064475
6.1522206948
6.15803545104
6.16207113484
6.17936239918
6.19260302161
6.19589211919
6.22661115362
6.23013244734
6.24271659182
6.24885802496
6.28617340401
6.29880127867
6.31066529403
6.34966687117
6.35880751164
6.36897809624
6.39158385779
6.39297214488
6.40223467298
6.42130415236
6.44744842627
6.51311272561
6.54011993369
6.54562642003
6.56356667904
6.56799788797
6.62193742966
6.63304424465
6.64244097876
6.64945383986
6.65117367489
6.6655888436
6.68232766078
6.69784017756
6.72988480761
6.7516744473
6.76618888471
6.76863778849
6.79263772874
6.81451824943
6.82163048304
6.85325012307
9.13431047197
9.29107985402
9.38418228608
9.49695259158
9.50394112586
9.57380955344
9.66492129808
9.73525462208
9.86719500986
9.932195994
9.95129149153
10.1107256856
10.2045076328
10.2708870819
10.3532057647
10.609612543
10.8100055147
10.8162959233
10.8285352227
11.6113923286
11.7308404751
11.8048707069
11.856100685
12.1245981941
12.1964618325
12.3383066889
12.697919374
12.9981903771
13.2129737906
13.2448216038
13.3150868025
13.3448869248
14.821065169
90
