6.00253427849
6.00632618249
6.01542829394
6.02860876619
6.03735571502
6.0428674449
6.06136607436
6.06834101795
6.07584744911
6.07864504892
6.09787113125
6.11177665805
6.11612992281
6.13766630886
6.14041667278
6.14786757745
6.17054434174
6.17283344275
6.17804810264
6.18877141939
6.20931267205
6.21678617747
6.22227915068
6.23371202419
6.23993044523
6.24909997012
6.2528084656
6.25670714428
6.28071460503
6.29731261903
6.30285179094
6.31505591824
6.32987737192
6.35427469457
6.37586936438
6.38795112847
6.39203660055
6.41058714329
6.4223949247
6.43298885897
6.43795989219
6.45051408473
6.46874907008
6.49323117495
6.4966844362
6.51634745746
6.53177865691
6.57114123228
6.60570766728
6.62177278464
6.63507857742
6.64270444923
6.65061745546
6.66032648974
6.67133148837
6.73203872367
6.75906200208
6.81487482476
6.83720416695
6.85668714307
6.87920076485
6.88118779823
6.89408916889
6.90223742605
6.92790607689
6.94190126456
7.06650235906
7.09504172722
7.16500341555
7.17467097814
7.18994584114
7.19918402394
7.23013973505
7.32375739604
7.33625637059
7.35415844947
7.39129354615
7.48120730975
7.53664084294
7.57568388808
7.59925274186
7.63782603805
7.66629186284
7.66860937512
7.6749042391
7.68866731542
7.73016663711
7.74878379256
7.79200546737
7.84066609087
7.89264728844
7.89994389937
7.93585533253
7.9675289937
7.9910830141
8.01993530677
8.05626649355
8.07998447419
8.10017027529
8.15334722874
8.18477199843
8.28367477724
8.35082691399
8.43932394132
8.50486380629
8.535298962
8.57947649648
8.62109516379
8.76478613931
8.81393815076
8.94649630465
8.99580787786
9.01064944642
9.09508082365
9.28733162467
9.35493052118
9.46581690007
9.51026349937
9.74339538499
9.79392328843
9.85391183936
10.4463329407
10.5839650091
10.632924956
10.6954770937
10.7528813615
10.7682388797
10.8353231296
10.9564473792
11.0221933781
11.0872532476
11.154924141
11.2286857114
11.4857751403
11.5110288579
11.6279733971
11.7084735085
11.9557960485
12.0028253803
12.0186830574
12.4463421743
12.59875406
12.6273533352
12.7029258433
12.8019489811
12.9976562084
13.2216912654
13.4646904174
13.5534832503
13.5809780568
14.1293982143
14.1848936905
14.2379232143
14.3970155885
14.4542503686
14.597997838
156
