6.00848810459
6.01614089927
6.01894977195
6.02674533095
6.03481503016
6.03873410746
6.05343989385
6.0569339315
6.06567435957
6.07239036355
6.08099262568
6.09351311494
6.10986786058
6.1154998212
6.12570182893
6.13609852245
6.17049766568
6.1790320848
6.18531578357
6.21871904574
6.23043032646
6.27024916857
6.27240575472
6.28061236158
6.2912247664
6.30197458805
6.30911289232
6.32433714461
6.3320584585
6.35552562467
6.43317757439
6.44866640028
6.45037485849
6.46510441493
6.4674794382
6.65047180923
6.67275503345
6.68345580157
6.6907428548
6.70611024647
6.70835290088
6.72652909981
6.85725708116
6.87207815604
6.89261776998
7.00032502307
7.00602525756
7.01413983918
7.04838620397
7.0793970373
7.10832469076
7.11903731389
7.13709026978
7.15277911955
7.18410422328
7.18606951967
7.22351813057
7.22619189382
7.23730819296
7.25493879168
7.28351657942
7.28784496488
7.30474625265
7.33432667264
7.33616605361
7.37834286402
7.38481523074
7.38745135808
7.52127552724
7.5355824958
7.55236161071
7.5607203157
7.60693383591
7.63810761415
7.67786795542
7.69206314178
7.69439875061
7.70744948435
7.76388740112
7.96072064469
8.02784211529
8.31371353463
8.42710998377
8.46992401912
8.50057807667
8.52708620367
8.55754969124
8.64108363187
8.6905029593
8.73408795036
8.80706811645
8.84510733937
8.88697791609
8.90664753868
8.91467294825
8.96566940056
8.99195275162
9.05934001665
9.11722940249
9.16061864065
9.23058568579
9.41053352717
9.54274801259
9.58161118745
9.60464050909
9.67948754838
9.72338334799
9.74960445123
9.76075322002
9.76663869168
9.81391599909
9.89682268264
9.93781285564
9.9977289947
10.124184946
10.2832046864
10.3390612843
10.3509938238
10.4074414416
10.4476226817
10.7129513763
10.7564819737
10.7640588367
10.8478169979
10.9028284145
10.9169439001
11.2895977191
11.3803591377
11.4092224763
11.494485409
11.6483137445
11.7199460117
11.7614151827
11.8438076355
11.9591726187
11.9910322633
12.0392418097
12.1508789414
12.2573813291
12.3586591111
12.4620682633
12.5594747434
12.8680680707
13.2026008822
13.4329731171
13.5560295721
13.6010257722
13.8654245311
13.9717708907
14.3441316542
14.6845999328
151
