6.0099867562
6.03419138056
6.04186660385
6.04387722998
6.04701698093
6.05237618875
6.06013914291
6.06520969507
6.07807170619
6.08314358594
6.09218096248
6.10184999018
6.11535571859
6.12477204803
6.14199464573
6.14305805053
6.15172582373
6.1676966138
6.17149334992
6.17561909015
6.19168591451
6.21726066673
6.22663733875
6.2359449877
6.24352276305
6.25806893303
6.2800077069
6.29517360622
6.30095718104
6.32397020365
6.3428105352
6.34944929595
6.35951858726
6.37388365286
6.38971074168
6.39627875301
6.406846261
6.4524359468
6.47291944445
6.48624330701
6.50523373149
6.67357970754
6.69380488933
6.70682784504
6.7082864724
7.22723597066
7.27142892229
7.30032484404
7.31466437533
7.33381712046
7.35295867609
7.42028628347
7.47881442007
7.49699856978
7.51739018892
7.5357044119
7.54782322456
7.57369652023
7.64285842688
7.6681085795
7.70475640581
7.73290170068
7.74207824539
7.8226249573
7.83321919259
7.86587426031
7.87368175076
8.02517300057
8.05126344948
8.16818169142
8.19535936873
8.22090718107
8.2717266103
8.31770732317
8.34799740197
8.42031914579
8.4295823616
8.43270338488
8.48351398337
8.53725273896
8.59892357751
8.62760126692
9.09829921866
9.20714720189
9.24156088198
9.29812584273
9.33350464488
9.3523919522
9.37555511248
9.39916359058
9.48196421146
9.60495727646
9.63917944678
9.65792693886
9.66549240165
9.6749674923
9.8417536145
9.92253509264
9.95856007167
10.0258427241
10.0794317446
10.1652010415
10.243751813
10.3756528893
10.4070046738
10.4126094769
10.505064339
10.621892332
10.6676598935
10.794792174
10.8562951945
10.9606792682
11.0056284655
11.0786595604
11.1803242028
11.3651679752
11.3797328077
11.5438091374
11.5815762936
11.6615108793
11.7385900674
11.8796019631
11.9498122329
12.0008878991
12.0694592249
12.1275175807
12.1766041742
12.3275157418
12.4062822348
12.5140608772
12.597937852
12.7910506846
12.8316593549
13.0286568834
13.2913608713
13.431143451
13.5379289846
13.7223584933
13.982489838
14.0370782356
14.387935482
16.4328655022
142
