6.00186067459
6.00551712137
6.00917702234
6.01425534637
6.02197371239
6.03479159017
6.04943993226
6.0527833099
6.07643170737
6.07991341562
6.10399680327
6.10899570729
6.11677610416
6.11775960701
6.12517915394
6.12655040022
6.77635986468
6.78403654603
6.81562420721
6.82649279205
6.85688393731
6.87059893715
6.90201861392
6.91352789455
6.93087828286
6.97510571242
7.00323478609
7.13395127464
7.18111044045
7.19007290148
7.2115798351
7.31080571422
7.31330639413
7.32366520821
7.33260692814
7.39094974918
7.40102351222
7.54539340888
7.56985195631
7.79587898983
7.8636243389
7.9290489201
7.98695355954
8.04477473154
8.12428181808
8.21099771418
8.25384722311
8.29173834673
8.42834206068
8.44461861442
8.47960440607
8.58680007653
8.64802415478
8.70380979301
10.5435391798
10.5881350608
10.6037169652
10.6546400811
10.6628659819
10.7726914889
10.8405636247
11.1211114089
11.1827082743
11.1922692784
12.3894554783
12.5463207763
13.422677102
13.6860562383
13.7950577688
14.8704233692
70
