6.00937896934
6.01723225473
6.02942064625
6.03260975792
6.03488005481
6.03838913473
6.04286578925
6.0501826797
6.07423205493
6.09180610053
6.10211036751
6.37135437074
6.4028246217
6.42279807876
6.44407472935
6.46015463197
6.49351640025
6.51196147593
6.53284527759
6.55734288658
6.62320853498
6.64508067667
6.66793441927
6.68639834279
6.74843707322
6.77710133495
6.80787046708
6.84003755915
6.85402159928
6.86770924577
6.89398080445
6.91436318487
6.92304573244
7.59332790736
7.60630538287
7.65229949825
7.89768804582
7.9343661927
7.94861552956
8.4950901278
8.49804010661
8.67792417567
8.68348217692
8.85687164147
8.89581359572
8.92623310554
8.98724418895
9.04176667499
9.1232900914
9.1878669515
9.20696386196
9.23298012486
9.84355361096
9.89608004456
9.96671121756
9.97514158437
10.0253661405
10.040616063
10.3046734214
11.4392154836
44.1184451485
61
