6.00204914016
6.02233997655
6.0248818418
6.04609692462
6.05448506727
6.06265770022
6.06590216578
6.07515137568
6.07972411031
6.08889076133
6.09492122867
6.10309348901
6.13305278387
6.14063669597
6.14590408101
6.1551823608
6.17083262656
6.17519259747
6.18918159032
6.20002380459
6.21782156369
6.23085496623
6.26914300797
6.27089935859
6.2824844558
6.30507800315
6.31381196045
6.31870666255
6.33268417237
6.37516378753
6.37763116591
6.38888055705
6.40193782491
6.43764845812
6.48625992183
6.48913183416
6.50682401368
6.52388634173
6.53715295687
6.56546140395
6.58822403756
6.59939119763
6.60941667217
6.62114377197
6.65324254266
6.68048576095
6.68153816524
6.69851173336
6.99528517625
7.011708972
7.02924752885
7.03973972033
7.06006497195
7.08481144461
7.08973972866
7.10061110892
7.13891732968
7.19172637397
7.21570138824
7.21866514214
7.23699528909
7.27361592707
7.30879969723
7.33316863684
7.35611471111
7.36465947477
7.38683681036
7.4105437704
7.43534694265
7.47785043873
7.51712233015
7.52960405911
7.56471791676
7.56705848774
7.58376985038
7.62354876504
7.63419631303
9.74192667979
9.96077035508
10.065622264
10.1674801727
10.2717997551
10.4085739998
10.4628076928
10.4699829924
10.6227893338
10.6530168915
10.7829074579
10.8758437658
11.0178882342
11.0361511941
11.1450691555
11.1909559062
11.2953761095
11.3528848075
11.4700507282
11.5963448891
12.7759094679
12.8509942701
12.9958297394
13.9739387325
14.0419639929
14.1621485116
14.3553867989
14.5276817441
105
