6.00727188794
6.01067021423
6.0175363257
6.02620086904
6.04430422439
6.04922249806
6.05445204647
6.05764625417
6.0715721899
6.08073421473
6.09198407137
6.10560791001
6.11613445171
6.12348639877
6.13074842858
6.13398960957
6.14482788091
6.14869156619
6.15217208526
6.16081224218
6.1697348346
6.18617492495
6.18729073419
6.19545143638
6.20982724532
6.23399509588
6.23919863864
6.2491044897
6.26210139822
6.26813616819
6.28775482136
6.29080559501
6.29360584938
6.29742022417
6.29820097801
6.30430046343
6.31003402034
6.31787656611
6.31976132877
6.34379460173
6.35570241853
6.36819896441
6.42878125634
6.43492530302
6.44703166516
6.45480790094
6.4631582501
6.48365871231
6.48730483465
6.49113808544
6.50744017493
6.53432166325
6.54212502364
6.55633031266
6.56502057753
6.58106552001
6.59249861346
6.60594662374
6.6284491773
6.63559835011
6.66690463076
6.69775035327
6.70811595707
6.73223660305
6.73425651254
6.74280706507
6.75408391745
7.60399367378
7.61184199315
7.72729808053
7.74562859081
8.09893009177
8.14976245083
8.21012927087
10.820827007
10.8626233243
10.9563465428
11.064743337
11.1158375848
11.6036477567
11.624138739
11.6592971302
11.7173176016
11.7754325816
12.2046151476
12.2954498758
12.4066728682
12.4334084679
12.4427818089
12.4871498426
12.6526913479
13.006210763
13.1895069211
13.2252888796
13.5204618878
13.8086370682
13.9553072427
14.1528830603
14.5369155787
99
