6.05636763365
6.07301349993
6.1257348862
6.12754872549
6.13509952628
6.13906523473
6.16473542869
6.17095624118
6.17477678937
6.1817961219
6.18610039476
6.19708420398
6.2036816392
6.20955918957
6.23892701069
6.2452758628
6.26014325773
6.29733801006
6.30685832019
6.31452047474
6.32171201303
6.33135913388
6.34047026542
6.34127375048
6.40987867483
6.42059292687
6.46525657459
6.47217854165
6.47813183709
6.65284260009
6.67340593478
6.69800992793
6.72558816191
6.72691107832
6.7464378787
6.76173823403
6.78338632705
6.79044808893
6.81102963318
6.8386702524
6.85849284603
6.9317202228
6.93801844315
6.96563726805
7.03546549709
7.05527686994
7.08795234128
7.1127979691
7.17864705228
7.19629291649
7.23129373308
7.23407101338
7.26290814624
7.27099038458
7.37389663618
7.41790382274
7.45608413587
7.47432713154
7.52938482304
7.54508487741
7.58232551864
7.61567753928
7.64004259292
7.66245863739
7.66785842988
7.69627998518
7.74272379113
8.45129716499
8.54332755243
8.56255617605
8.84852132686
8.87565506261
8.89613159257
9.0261858557
9.18778648434
9.20473486112
9.25999286787
9.30004447742
9.31702493439
9.38762245729
9.46842858121
9.47428401902
9.5578723432
9.58252385995
9.60797609892
9.72912020343
9.7711768964
9.87391544038
9.9801761834
10.0070125613
10.2400753692
10.2687979469
10.2967248118
10.4530748519
10.5569585629
10.5678282697
10.6416219396
10.6528348274
10.7848617869
10.9670015376
11.0665282909
11.1084455276
11.1785031252
11.2160866715
11.2424518428
11.3229269042
11.3742362617
11.4494175022
11.6264483461
11.8785870922
12.0925393807
12.234051648
12.3521055829
12.3972999281
12.4460795752
12.5543202713
12.7162784975
13.2489040959
13.4087095941
13.4757549648
14.1689573499
14.4940705509
14.7985218431
123
