6.00365552924
6.02304156357
6.03208903484
6.03867267418
6.0520711847
6.05521379278
6.05799843303
6.07155797134
6.07544896089
6.09170235948
6.09236302065
6.09713986719
6.11301469203
6.11965388167
6.13235507427
6.1385020198
6.1568886746
6.18347669474
6.20587293651
6.2392051428
6.2421549242
6.24774613677
6.25566585765
6.26926318797
6.28044536511
6.29044647154
6.29492434292
6.29616875841
6.30301749718
6.3172532915
6.32804249048
6.33938710833
6.34944058942
6.35096882329
6.37337237863
6.37501387123
6.40126675037
6.41744189796
6.41996172647
6.42481908572
6.43448727636
6.44526524253
6.47077808232
6.49812803696
6.50319547883
6.58691046408
6.6071326397
6.62241616298
6.63488218438
6.6465335099
6.67528397355
6.67736838583
6.77176146265
6.790325332
6.81248142354
6.84963059889
6.86264993436
6.87969412705
6.88271373436
6.89293535171
6.9208736599
6.93045332747
6.9328947983
6.9426256056
6.98012110067
6.99235170953
7.00204371924
7.05365142173
7.12531212321
7.13407153925
7.19355681188
7.22590675202
7.25183574694
7.69372649378
7.90922815065
7.9412900349
8.02210640508
8.07726880234
8.10465814437
8.14269429122
8.17811690664
8.21979352485
8.24921533032
8.26740076072
8.31318109426
8.66612946842
8.99385606308
9.22586005295
9.61428072548
9.67572113699
9.78207471466
9.79095116582
9.80261229616
9.9338637959
10.0337707942
10.1119474699
10.1809124404
10.2808114079
10.3711421779
10.3806099374
11.1484172519
11.4446486147
11.5867806658
11.6370863313
11.6882790684
11.7674644107
11.9282159467
11.9898681984
12.0849403819
12.1543475522
12.5683028614
12.9377038408
12.9602032755
12.9882195207
13.1763644649
13.189199924
13.2673149089
13.4301773647
13.5694300208
13.7648803815
13.9095638107
14.0911916714
14.1678965245
14.405785112
14.4299438273
14.9945045255
126
