6.00457614765
6.01034268273
6.02315705554
6.03339902253
6.03655419209
6.04973071264
6.05533582699
6.05631753631
6.07323801608
6.08528603482
6.10204807204
6.11452012262
6.12794857695
6.13851789859
6.14362656008
6.15969538248
6.16503833516
6.1742836939
6.17820078465
6.18511102638
6.19442799491
6.20017693297
6.22164590954
6.23756703731
6.25368280048
6.26947329614
6.27406750156
6.27764836411
6.29504553654
6.30620048741
6.31352567328
6.32052485221
6.34196849912
6.36542589793
6.38265926675
6.39339416348
6.49531920792
6.50154487702
6.51433525442
6.52661957378
6.55016183243
6.57354436332
6.59437463904
6.59585655944
6.60552307266
6.61227070102
6.63644328098
6.64931237852
6.67936922961
6.68526242352
6.7006876687
6.7082948817
6.71325343284
6.72357928162
6.72892715816
6.73217075526
6.75277481091
6.76682278703
6.77792549025
6.80469897229
6.82086277471
6.8261477276
6.84538238401
6.87861215614
6.90610806518
6.95338451174
6.95550133506
6.97771802162
6.99525379373
7.0024288392
7.1036312241
7.12608327234
7.14617928801
7.18875824235
7.20271844589
7.20622972308
7.23136525803
7.26049072419
7.3256513408
7.3629695438
7.37529626514
7.44444780714
7.44957007913
7.46951118614
7.50699131876
7.54624229072
7.59165164546
7.67754670215
7.71762737168
7.73220973625
7.7519078674
7.78729511367
7.80308932596
7.85489373966
7.87982095058
7.9086851857
7.91803555151
7.95065373496
7.99676653914
8.02563417686
8.05196937192
8.12006654752
8.26134233329
8.31888516932
8.33726604199
8.38394591455
8.4888456974
8.55649493559
8.61155229739
8.6755110607
8.69573920345
8.75905773236
8.76344063586
8.81460585438
8.82289100188
8.89470332602
8.94948656092
8.98381827894
9.19912838352
9.26859657348
9.29091707804
9.4113886929
9.46207457255
9.6971149418
9.84229511083
9.95171020555
10.0169053652
10.0623996444
10.2927654459
10.363589466
10.3966656784
10.4182200792
10.4536965911
10.5300854914
10.5785588104
10.6228055782
10.9640352576
11.1622158967
11.3127967353
11.3628287471
11.3930918092
11.4891856614
11.5638373161
11.9848032797
12.1058875248
12.1212835924
12.2527279872
13.5041020873
15.165196355
149
