6.01313287525
6.0157388815
6.02195072376
6.02787834402
6.03152820613
6.03865641014
6.04256698479
6.04645430161
6.05888602149
6.06459533929
6.07795199732
6.08186139234
6.08422492492
6.08801661295
6.09287173047
6.09682128049
6.10092638914
6.10487801947
6.11021076625
6.11300489767
6.12125068842
6.1261137532
6.13576609286
6.14182428489
6.15326456005
6.16427956364
6.18432449848
6.19350735708
6.19844057028
6.20706655457
6.21968451785
6.22994566287
6.23218491995
6.24575408766
6.24820152989
6.25570564972
6.26807952378
6.2690957872
6.28427268179
6.28979999153
6.29090154595
6.39060533182
6.4206010831
6.42394214102
6.44098591129
6.44644890852
6.75839613287
6.75999283711
6.76699404939
6.78687468591
6.79896332923
6.81329145592
6.87222949165
6.8770604974
6.87984648015
6.89012742837
6.92323719615
6.98911776591
7.00248304834
7.04520430941
7.06840659578
7.09116201743
7.09685290988
7.11629916776
7.17135851422
7.21595228443
7.24914458745
7.30045994301
7.3765671173
7.47133563167
7.53994629831
7.60204309036
7.63563246288
7.65731939931
7.74354747935
7.79636379549
7.85544206067
7.86035151466
7.89649673492
7.92465257159
7.94995591498
8.02825804156
8.06312925831
8.14429700525
8.19382142392
8.22154235559
8.23422488346
8.26398445924
8.3841039272
8.41059758596
8.58913887494
8.64971253552
8.81919725753
8.97700936915
9.0043891962
9.06031284564
9.16431962491
9.23335548455
9.31612064007
9.40046365665
9.46950906554
9.61290177603
9.64037692028
9.68752181979
9.69746311959
9.74843157817
9.8164808944
9.8563855278
10.0434361294
10.1059668274
10.1377746686
10.1494529053
10.2686781317
10.2763485443
10.3687380518
10.4636084711
10.5277842505
10.8277883136
10.8794997961
10.9873779007
11.0528691797
11.168309122
11.3241759531
11.3381547891
11.5154724115
11.9290960262
12.23889108
12.4031565032
12.4752334787
12.5490539194
12.604419627
12.7202920923
12.8811453749
12.9761581357
13.2940571979
13.5393907367
13.6033018325
13.744656021
14.1129590858
14.2578846098
15.2673030576
141
