6.00412466784
6.00482354599
6.01164539556
6.01332119814
6.01698802669
6.02863158178
6.04131485798
6.0454815367
6.11111524943
6.1224991393
6.13379189324
6.13463260355
6.13524204195
6.15259789984
6.15963066866
6.17406774651
6.19048746915
6.19798638203
6.20912554052
6.21597888058
6.37771807066
6.66648214079
6.67924953909
6.70050524488
6.70866605349
6.72411310741
6.74772919959
6.78922072685
6.80514655848
6.83459174854
6.86939539593
6.88765131471
6.89250486208
6.89551545416
6.92554024264
6.97948189342
6.98457935792
6.99868367962
7.07200519579
7.08550468098
7.08916239086
7.13658342634
7.14963684473
7.17857013484
7.1956366017
7.2159243912
7.28235615536
7.32160486367
7.3474914184
7.3842618418
7.43242984571
7.48482740047
7.51291530529
7.53006076541
7.5733797736
7.63132760276
7.72307412198
7.75363122366
7.76887842579
7.82992719931
8.11237275732
8.12717522098
8.15945049732
8.16644782884
8.19748563213
8.50499887075
8.65639813162
8.75327288839
8.76256272118
8.82030578854
8.86359899937
8.92837923514
8.97052209504
9.02478712965
9.07531175437
9.21544126641
9.32664233787
9.37200742494
9.43745760145
9.4920739334
9.60095500057
9.6483337003
9.76577309763
11.3638242927
11.377413387
11.4100266234
11.5240397627
11.5908873556
11.6298056096
11.7743545705
11.8422983542
12.0234217211
12.0329812268
12.2636369277
12.3775782318
12.5134842085
12.5743527404
13.1488981127
13.16416696
13.2013570941
13.3123921327
13.4890486411
13.7410362228
13.8696582126
14.3752190598
14.500245196
106
