6.00451957929
6.00513661871
6.01425879761
6.02530373164
6.02670541097
6.03144089547
6.03961060088
6.04381940091
6.0460528063
6.04698680188
6.05535073555
6.05613587849
6.06885204399
6.08814451729
6.095468615
6.09929035346
6.11195195581
6.11778519002
6.12302188371
6.13475768777
6.14400621576
6.1474425479
6.15396615965
6.17418122146
6.17860229175
6.18693709851
6.18773646408
6.19353736864
6.20554393899
6.22306229234
6.30802534851
6.31240433397
6.31640377756
6.32966094066
6.35163710838
6.35433780698
6.42870568565
6.44426006105
6.45496179947
6.46162710794
6.74925366412
6.78460344945
6.80633658001
6.82281695987
6.83125096008
6.83641755338
6.84737740714
7.56583792318
7.68537910911
7.68930891874
7.72578506039
7.82237722096
7.84666206108
8.19578155175
8.28025250794
8.29816253157
8.31343619595
8.32932769446
8.33792842718
8.4628641199
8.51882117168
8.53617671788
8.60198364005
10.495387197
10.8016758674
10.8632014995
11.2159211269
11.4075743112
11.4950486267
11.6113123007
11.6723745381
11.721067493
11.751043468
11.8174883213
11.9316240451
12.0287079404
12.0861562214
12.1069008761
12.1863760448
12.6861620582
12.7997392
12.8873952221
12.9022443218
12.9876990342
13.074147804
13.2861025207
13.3748285328
13.5228571389
13.6557144253
13.7589673752
14.0057613148
14.4041976406
15.1192153424
93
