6.00610780811
6.0140011487
6.01694385421
6.0315716812
6.03305848824
6.04038291756
6.05017165199
6.05423657914
6.05743506269
6.06361134192
6.09574399871
6.11004622279
6.11970038443
6.12029548559
6.12479373434
6.1365812071
6.1415045918
6.15273941512
6.15770230555
6.16820595883
6.1919876046
6.20209173309
6.20576473527
6.21029509115
6.21259063394
6.22557003647
6.2333809043
6.25890651092
6.27588844472
6.28438361373
6.29209184779
6.29784465398
6.30243205278
6.31883398778
6.33772377266
6.34677023647
6.35960813959
6.36981483085
6.37750167594
6.39755356755
6.41151206607
6.41936780313
6.42948449765
6.44424270016
6.45540385536
6.47161497271
6.48806743421
6.51294967415
6.68376500275
6.70147242605
6.71372864487
6.72668289614
6.74645248723
6.77686982208
6.80647037258
6.81848584258
6.83255936113
6.86873009547
6.87112342969
6.88106938108
6.89613605344
6.89852262753
6.92489470959
6.94665164214
6.97402908527
7.03507343159
7.05773088745
7.08844844609
7.1071814766
7.14811849808
7.16458542062
7.18763189055
7.32109536778
7.3447135611
7.37262812501
7.38916502216
7.40407223519
7.4275069583
7.49807296952
7.50340935765
7.5191676176
7.54302932412
7.57694484228
7.60620541658
7.66598770957
7.78220538043
7.79200776373
7.83703054766
7.85339349639
7.87685609446
7.890540096
7.95354504065
8.02978199521
8.03515098144
8.07762377955
8.11547463036
8.12170084962
8.17894015782
8.21991876244
8.23540748629
8.24057199294
8.29283534246
8.38859130001
8.44569361215
8.47617397724
8.51959934516
8.52520594766
8.52811249012
8.53404879863
8.71615521277
8.78887692833
9.00826640333
9.03283724921
9.05937915015
9.09990481151
9.20532978084
9.25490034822
9.35124650018
9.35699614073
9.69827712289
9.7844615527
9.81090768442
9.91446035483
10.179619834
10.2872308332
10.2989864651
10.415971159
10.4759507865
10.524595609
10.6440190268
10.7399668485
10.7530751309
10.8123797446
10.8862215251
10.9254204011
10.9320684694
10.9388506804
11.3959198143
11.4050845587
11.5989996227
11.8020124381
11.9699403188
26.2041348493
143
