6.00609346548
6.02474513995
6.13964150085
6.14856394322
6.15879205828
6.16531367294
6.17494428142
6.21465995262
6.22761497308
6.23143721176
6.25131695134
6.25975366281
6.2864865557
6.31652749191
6.32034658719
6.33425358899
6.67610910746
6.68884963527
6.69892513155
6.74147035898
6.75461305575
6.77984092517
6.78581574676
6.80630646056
6.83194629906
8.91051140506
8.94094694031
9.02077591286
9.0472194356
9.08867035347
9.16112731896
9.24186857441
9.24803085103
9.25279108041
9.3235044952
9.44707538761
9.47259539044
9.51810695188
9.56286583421
9.62074544553
9.89537379425
9.93124795207
9.98579987731
10.0704012824
10.0979703788
10.1581594904
10.2341943963
10.2710224636
10.375693109
10.4215186208
10.4523041284
10.4592741955
10.5440483707
10.5695000062
10.6411097836
10.7517390739
10.868031661
10.9292009725
11.0029809349
11.0485879849
11.4397300375
11.5853279734
11.7730091046
11.8161525223
12.0928973829
15.9795487941
66
