6.02485747161
6.03484667158
6.03580913808
6.04534066743
6.04829304324
6.05136087137
6.05896285656
6.09642592705
6.11056450412
6.11651902625
6.11833045977
6.12403597971
6.12490853027
6.1470288668
6.14786914092
6.15391636248
6.16413189724
6.17035718226
6.18119667475
6.18504823273
6.19909523247
6.21034751625
6.22166863006
6.22686476349
6.23657498667
6.25480901077
6.27533366612
6.28776266031
6.29502512812
6.29789191194
6.33789106198
6.34834242759
6.35007682043
6.37614276016
6.37725023575
6.38831993072
6.38984278289
6.41173219862
6.42179783335
6.42796168295
6.43156221009
6.43591578859
6.44907283587
6.46372617192
6.50568468858
6.54606944909
6.57885344648
6.60189460569
6.60379951126
6.62521848996
6.63266040597
6.65143302865
6.65703672739
6.74480171741
6.77414751582
6.79166079435
6.83022225854
6.84885892794
6.85888767578
6.87472263061
6.89337694107
6.9094769661
6.94121130131
6.94798912941
6.99735696374
6.9989085952
7.02684234714
7.04874973515
7.07387508736
7.07584468738
7.09956608775
7.11630893029
7.12631301959
7.16364057917
7.20377520579
7.21939847824
7.23502753382
7.35394274046
7.37489992905
7.38085670063
7.42907880973
7.45390082042
7.4705164991
7.48838513258
7.5216895919
7.57140431406
7.59852375277
7.68328267416
7.71406250435
7.78836156267
7.8955785469
7.93531326096
8.07887504167
8.09185350903
8.21418904747
8.47090337966
8.57655844291
8.69712508558
8.71737012532
8.74380000716
8.79050435957
8.8879049287
8.97304592761
9.05629763662
9.13988409479
9.2030616962
9.24274203517
9.3115183909
9.33791740065
9.4576525157
9.58247819943
9.60528182902
9.63068947483
9.73742640398
9.8282808862
9.8333873458
9.90062629187
9.93725153464
9.97330707116
10.0782611241
10.2005778579
10.2063216391
10.3202827692
10.4464527929
10.5702234349
10.6787741661
10.7176894525
10.7673165909
10.8315757448
10.8898073292
10.9507334863
10.9843187101
11.1431476367
11.1856670192
11.3147032432
11.5918051214
11.6543210234
11.6782760529
11.8399051073
11.9925010122
12.2578263788
12.4268483842
13.0307928527
13.0875824176
13.3956338141
13.4925357033
13.7582018515
13.8479508192
13.8938143884
13.9871546489
14.3927583002
14.7919952227
152
