6.02151810317
6.02492104578
6.02733740598
6.03684004931
6.04441468891
6.05332801458
6.05762140622
6.0706604036
6.07826168392
6.08454388058
6.08825263566
6.09514338733
6.11026295538
6.17603411188
6.18107388875
6.18977909806
6.19285868098
6.19455039237
6.20245864471
6.2163237168
6.22900413842
6.23219944019
6.23506265325
6.24005364057
6.26347794612
6.27477822123
6.27581546007
6.28758405817
6.31219959033
6.33881265528
6.35131528269
6.37216660321
6.378022326
6.38579418516
6.39818561394
6.40833208716
6.40911730736
6.43054096166
6.44075036664
6.44217532582
6.44923203726
6.4651524005
6.47389828876
6.49297710358
6.50955741512
6.54345686805
15.1864358623
47
