6.038441911
6.04315864424
6.11423774827
6.1219042816
6.1408606213
6.14563777856
6.15219724056
6.15915205056
6.16643413371
6.19943364713
6.20459916043
6.21236370335
6.22156021538
6.24312795365
6.27912870119
6.28516710318
6.29046448104
6.29900200231
6.31357917349
6.31491919063
6.33102493191
6.35146890517
6.36582982628
6.38364999725
6.39786402383
6.41593768526
6.42118092156
6.43768943864
6.44611901236
6.45063451854
6.45824223996
6.46873048025
6.48887197705
6.49529525412
6.51802232885
6.52091464317
6.53591167537
6.54487990252
6.5532414037
6.56292018626
6.58313889774
6.5974756718
6.62447845929
6.64363674267
6.66381664575
6.73130256918
6.75172294783
6.76020700643
6.90529714225
6.93008771886
6.95416465606
6.95619282681
6.99212784306
7.04904711553
7.14163072355
7.18355609464
7.19496132262
7.20730369004
7.22750057452
7.29753919088
7.33371780044
7.37753433409
7.3994175583
7.45374266026
7.54570678336
7.55548294227
7.59475784501
7.61539715649
7.66939049362
7.68195418326
7.7567033897
7.86218447568
7.97557153954
8.03423812505
8.09327506543
8.24251328122
8.27835350369
8.31529134763
8.34872729633
8.41174456348
8.45308098997
8.47985754567
8.51230285782
8.60830207399
8.64012294404
8.68960570087
8.75407850993
8.9058950093
8.96697139549
9.06910563828
9.11689806833
9.12702101612
9.17137177313
9.22636978177
9.2491229834
9.33590025014
9.39028002029
9.46104183658
9.51599036649
9.59271374504
9.66863205676
9.73653966184
9.84545352281
10.2276202095
10.2817608622
10.2878945202
10.4118913719
10.4729368468
10.5334207823
10.542836723
10.7543563641
10.8625050786
11.2184874272
11.3210058766
11.4364389416
11.5639644516
11.6392254097
11.6701622119
11.7824026053
11.8973454724
12.064811463
12.3644038865
12.4125059079
12.5785855308
12.6154480635
12.632336099
12.7719032615
13.1663778825
13.2536357183
13.3306173939
13.382562755
13.4645341164
13.6481935202
13.7204038166
13.7932741336
13.9883678336
14.1290231424
14.2228565521
14.4571634657
14.7132185591
140
