6.00444956521
6.01481948745
6.03790417502
6.0428971089
6.04970687341
6.05415551723
6.06519875417
6.07274579218
6.10673107023
6.11480731575
6.11997344225
6.1302177066
6.13570240011
6.1476104187
6.15073022447
6.15127945443
6.16858405147
6.18183152601
6.18578238584
6.19337593001
6.20731745549
6.21741411145
6.22552349607
6.23405137549
6.24908373729
6.261866987
6.27644853483
6.2888576282
6.29554184013
6.31121032721
6.3214327616
6.34424065771
6.3463336334
6.35654478859
6.35728835605
6.370795379
6.37382587852
6.37663889843
6.38561404379
6.3896133552
6.40645489723
6.43443630479
6.47636088845
6.49762671014
6.51367804623
6.53765914051
6.53913303366
6.55377488621
6.56030428674
6.57125259704
6.58859687019
6.60654656131
6.63032679302
6.64150837127
6.66610772855
6.68397795421
6.69681211553
6.70885758346
6.73770651783
6.81295472684
6.84323383741
6.92321811408
6.95573153889
6.97140236089
6.9918141135
7.01199527347
7.04291511171
7.1702266699
7.17268102166
7.19245452189
7.22378473692
7.24482446429
7.27190869888
7.30503098912
7.33077841928
7.64058291356
7.67664535483
7.74724741639
7.82212202687
7.88215998954
7.90185413601
7.95448245775
8.00480246933
8.14846037502
8.24088124772
8.30408720825
8.34849576014
8.39408906864
8.48645613924
8.56577744193
8.66974919065
8.73724102751
8.84219422431
8.93965262568
8.94467829766
8.99929944588
9.03786215208
9.06341604518
9.20216136735
9.24068572106
9.43003546799
9.48742543361
9.53222523814
9.54767123679
9.62425575204
9.69020042217
9.71048444641
9.74685143215
9.83705182977
9.9274103382
10.0825561863
10.1056471881
10.1409248733
10.195038081
10.225695613
10.4244166613
10.5714491849
10.714708564
10.8301002653
10.8926645371
11.1783367139
11.2339967712
11.2788414342
11.5438712517
11.6206375789
11.6714128606
11.7686936785
11.8370495792
11.9939212604
12.0094627743
12.026277165
12.2136920411
12.296438306
12.5724370871
12.6077298759
12.6656790659
12.8343016928
13.0800198657
13.1914710834
13.4190855627
13.5205796201
13.7504710762
14.4159240682
14.5454881236
144
