6.00698240416
6.00744770907
6.01371988155
6.02340375091
6.02808792001
6.03145584611
6.03629014092
6.03916472751
6.04709623203
6.05814889066
6.06363946253
6.07040031266
6.07311066598
6.08064056194
6.08549354377
6.08648583891
6.08918907517
6.0948415573
6.09643689648
6.10153309671
6.11914438883
6.14119915221
6.14470757575
6.2149218119
6.2175987908
6.22253099326
6.22753525525
6.23600624363
6.24143198714
6.25200218641
6.25831569005
6.26272552424
6.28103458418
6.28771151826
6.2961661005
6.30970040664
6.31156553936
6.80274452138
6.82245363433
6.82671423454
6.87333008728
6.88782469136
6.91797947993
6.97969294183
6.99047286755
7.0006742859
7.01674962172
7.02717889999
7.04844494821
7.06190581548
7.11920204721
7.12994503201
7.14951823767
7.15155715059
7.17516544415
7.18879405418
7.22490572307
7.2636453327
7.48459256287
7.53419378766
7.54656199297
7.57049715418
7.61755838887
7.62773013341
7.63801996844
7.68896890123
7.72433232325
7.78577963726
7.79761533567
7.80148218098
7.84850549119
7.86093380408
7.87904724775
8.02872133471
8.05858305499
8.07530627908
8.11249145633
8.15714268136
8.17039407287
8.19403468672
8.21889275187
8.27478518269
8.28011762046
8.33047520354
8.3358705583
8.46709080466
8.76915395563
8.8267334632
8.86978024156
8.89508556016
8.96337275059
9.00759963973
9.07464232637
9.07955239965
9.15351122702
9.16059024091
9.28952167234
9.51316754856
9.58143051254
9.61995062754
16.2318585295
101
