6.02021605094
6.02319335265
6.02608353641
6.03318380396
6.04414689093
6.05672255972
6.06914257363
6.07745292249
6.07910374756
6.08904558679
6.09568381912
6.12360922589
6.1362457644
6.14778967047
6.1558519528
6.16859108785
6.17570742381
6.22865574849
6.24045036805
6.24197153732
6.24259985764
6.26011738435
6.27345221428
6.28018869626
6.28323869535
6.29384733968
8.10428009656
8.10827287131
8.12179262518
8.16513713943
8.19540529836
8.23378883298
8.29057238867
8.31000059378
8.33391315419
8.42267444367
8.46783193319
8.56431292098
8.59738280706
8.65249962417
8.68440129041
8.7123449486
8.74944862889
8.79018537606
8.81787622127
8.84654012317
8.87121782429
8.89493528039
9.08211246947
9.10350028577
9.12011219278
9.19836733904
9.20563562741
9.28087341096
9.33401295147
9.43805096081
9.52146169398
9.59900077409
9.68866290011
9.71637463737
9.77007948826
9.92073658148
9.97268225647
10.0070997235
10.0399829162
10.2684861806
10.3229309912
10.3377486399
10.3452034068
10.4424980759
10.6021592845
10.7591012889
10.8455650687
10.9258797888
11.1344364364
11.2087764464
11.2663757402
11.6520056011
11.7166089718
11.745103348
11.896880992
11.9105476228
11.9818462743
12.057717637
12.2866879508
12.3983708476
12.6543517642
12.906929921
12.9455940688
13.4894465444
13.6538729332
13.8220307101
14.1189515865
14.2111625024
14.3318312446
14.5527414107
96
