6.00655280742
6.00746717301
6.01475787027
6.02008331409
6.02663604123
6.02737307929
6.03989592015
6.04152296037
6.04965384982
6.05343767537
6.05789280329
6.08026922237
6.088784345
6.09815594819
6.11431224497
6.12332724529
6.12577213571
6.13561139216
6.13912455627
6.13967120876
6.15861805895
6.16553504449
6.17584540354
6.18523426748
6.20573154035
6.21119553293
6.21514285687
6.22543574833
6.24211658159
6.25052103294
6.25905686884
6.28183396547
6.29135636873
6.30434375863
6.31128856838
6.32505869583
6.32920831809
6.3444504856
6.36093390568
6.36883831718
6.38953460903
6.41676111702
6.42475312708
6.59989400685
6.61316112914
6.63657919348
6.66873047568
6.67783910138
6.69726316204
6.80176251522
6.87216100105
6.90248648016
6.90740936572
6.97344169089
6.97991600099
7.14607820344
7.16967341999
7.20457523126
7.25842790965
7.28150785303
7.28491969038
7.31876269784
7.34601475424
7.38960655044
7.41305907129
7.41732303198
7.43692768878
7.47409150162
7.56960148101
7.59690635253
7.63084499044
7.66136961767
7.68362393026
7.74994702699
7.75361108579
7.79075358489
7.85177747656
7.89381187923
7.9313468484
7.95993719902
8.06707287742
8.10288180204
8.12109827198
8.12398894771
8.12670911715
8.21004809622
8.27100982195
8.33526501137
8.39660278663
8.40831039958
8.46559062191
8.56490005897
8.64010313087
8.6871146277
8.78326829126
8.85839096827
8.89380622756
8.94068994998
8.97076571532
9.00019713471
9.09103893799
9.16692460684
9.17229577166
9.19466945689
9.27342444008
9.51192476632
9.71965388717
9.77655197484
9.91572176511
9.97689859529
10.060179432
10.1312784958
10.1552663426
10.2307534486
10.2404531335
10.2551920032
10.3034796779
10.3542801415
10.4801351693
10.5301039901
10.6812591521
10.6871458582
10.7693846137
10.9098047783
11.103351385
11.1573309118
11.4377789192
11.5104086138
11.5884341791
11.6021019097
11.694833033
11.7068502145
11.7897575013
14.8714846652
134
