6.00403867813
6.01328468154
6.0164862572
6.02256353539
6.03055287932
6.03505131087
6.04906911361
6.06797858605
6.07240137109
6.07745383597
6.08051682188
6.0832828444
6.09421133206
6.10210642275
6.10703246808
6.11108603572
6.11961061179
6.12018609345
6.13355824682
6.14391791088
6.15975986556
6.17268793103
6.17831067057
6.18199262181
6.20446627563
6.20752565644
6.22147498066
6.24620610968
6.2564145142
6.26627874306
6.27583186819
6.2977231598
6.32010164517
6.33575799658
6.33682947927
6.35623560176
6.35974584362
6.39018099756
6.39657138862
6.4041211345
6.41839266994
6.43724551037
6.44154074945
6.47956681648
6.48427402001
6.48585143708
6.49998840403
6.50390099628
6.52727947252
6.57699179847
6.58497923166
6.58604166652
6.59851012612
6.60267849195
6.64286933071
6.64630696311
6.65862653752
6.6601501974
6.68777073549
6.70007179784
6.7368939225
6.76489778677
6.78041525997
6.78947369103
6.80518071519
6.81535626128
6.83001091335
6.84948765531
6.85993138772
6.88025687278
6.89884712662
6.96877497867
7.02576348303
7.10811751461
7.10988383987
7.13785138897
7.19236439693
7.20134144336
7.21325166064
7.23239150132
7.23615299486
7.26366111439
7.31972884133
7.34419328968
7.38486808913
7.42750477464
7.46049191513
7.46918953091
7.47890516343
7.60270395723
7.65814294619
7.67005937829
7.67768114467
7.74309136493
7.75157138645
7.77037314758
7.80611050132
7.81318217818
7.82917246851
7.83238760118
7.84548799924
7.87769049965
7.91629849855
7.97447014685
8.03795686102
8.38571899151
8.40893323432
8.47256628559
8.5296126087
8.63328860683
8.66180461127
8.68178649681
8.73336649958
8.73886479696
8.81407916932
8.88048515726
8.89218574735
8.96359081332
8.9784618958
9.02621760218
9.07410106064
9.193401862
9.24963123061
9.3265887193
9.37696868574
9.4256127638
9.50577278655
9.59939172103
9.64131353922
9.72200707284
9.74130535359
9.97519491802
10.1414187498
10.1798227293
10.2640351391
10.33803276
10.3871333858
10.6633265936
10.8114979305
10.9867533106
11.1042337367
11.3770685994
11.4711027415
11.5478284807
11.7134330914
11.7758910182
11.8559443137
12.1474407728
12.1940613403
12.4249567129
12.7447773422
12.9248279659
12.9844905071
13.2130510889
13.3252686314
13.5109193537
13.5411953361
13.5854964203
13.859040302
13.9224765558
14.173949199
14.3541538519
14.6601763775
163
