6.00531087574
6.00901998818
6.01099678692
6.01353166126
6.08737474165
6.10484729342
6.11232048855
6.11699193738
6.15570426822
6.17247210862
6.17562047723
6.18517587466
6.195293561
6.20752838415
6.2192382297
6.22905140316
6.23835324082
6.24323113598
6.25267022239
6.26801436911
6.28570510141
6.3037137155
6.30471596917
6.31493060951
6.32183323374
6.33375534945
6.34060960064
6.35874908611
6.36155322747
6.36902848632
6.37632254875
6.39009389171
6.40274306586
6.42048531263
6.46436610308
6.49628778106
6.49817386204
6.57020739615
6.58030600238
6.58180998771
6.602882837
6.62378181162
6.63061940917
6.64741105037
6.67611000993
6.67871107376
6.71628312025
6.7256178482
6.74733210817
6.77063239679
6.80041589443
6.81414864624
6.85731617793
6.89507553689
6.90663147982
6.93537548581
6.93860781882
6.96440872614
7.01604089726
7.01933058708
7.04250427841
7.07019961485
7.08448770104
7.13870317901
7.17646821784
7.18954100587
7.20628291356
7.21946425664
7.28770237229
7.2915310121
7.31502988
7.35112787922
7.46578253005
7.48311711033
7.52545769288
7.53096412294
7.57264448559
7.59108971422
7.61608559493
7.64564315192
7.67617773464
7.73740346893
7.79203183308
7.83972145946
7.84220288557
7.91097621644
7.92385669558
7.9591153318
7.96177979779
7.98708785989
8.05203940202
8.05738785914
8.10146018461
8.12870336995
8.19429294583
8.27411029218
8.29077131455
8.43182356542
8.43721971302
8.51032132587
8.79410291172
8.85881439673
8.94435410852
8.94828422899
8.97510461552
9.07754397458
9.22966503725
9.26050432629
9.31697020517
9.39110039481
9.45011195449
9.76726620904
9.81313040009
9.86256698146
9.89733760967
9.90337178472
9.94161887741
10.0194142607
10.1738033215
10.2659012884
10.3312263052
10.4226263043
10.4559870472
10.4887334311
10.4937596608
10.5801020978
10.643888183
11.0377297153
11.1649184637
11.248687194
11.2726553159
11.5657122799
11.6164304478
12.0054944022
12.111206055
12.9591909323
13.1740594581
13.3407609322
13.5879501806
13.7569635072
14.0234529377
14.0982352127
14.5783489924
143
