6.00083304584
6.01163325948
6.0194140296
6.06116133514
6.0700267292
6.15458458529
6.16413426545
6.1684569557
6.19161844484
6.1924997971
6.20010875676
6.3120586123
6.32234895433
6.33544249846
6.34408061638
6.35687057069
6.7195671702
6.72837235834
6.80900840922
6.83886987274
6.84205808047
6.85614268436
7.02790108645
7.06146113499
7.0830546245
7.12170164827
7.1528134893
7.19799832735
7.23958236365
7.29447979461
7.31620383958
7.34232650793
7.35620321153
7.36748703701
7.3774692003
7.38090661331
7.41586471543
7.43851099041
7.45556253786
7.48939727217
7.49151372574
7.52257378225
7.55918760401
7.5629514871
7.60347075681
7.64781293522
7.67077702094
7.70445423004
7.73550727694
7.78203903628
7.82151833745
7.83772655448
7.84619515989
7.92195049499
7.9582959441
7.99021330841
8.00926258347
8.04819108858
8.10347373289
8.15279373456
8.17606283868
8.21472285174
8.2499208554
8.3097970822
8.45554064975
8.54021252246
8.5893036498
8.63795508297
8.74835059835
8.78458713802
8.81656565692
8.87600104122
8.92862497585
8.9501567288
8.99671395192
9.04074402345
9.08809579943
9.10362015345
9.11172084692
9.15169197695
9.24141788114
9.27560308632
9.32409900256
9.5290599898
9.8827408146
9.89067492442
9.92691314165
9.96138344694
9.96710650697
10.032992691
10.9442276549
11.0008763965
11.2405162537
11.3388973301
12.3970996559
12.8531645742
13.0202805935
13.3501576098
13.4744844561
13.7501587101
13.9607376678
14.0142807128
14.0882640556
14.2919725697
14.4787466246
14.6832197359
106
