6.01493718865
6.02711765554
6.03485569038
6.03740851536
6.04152650647
6.04273308214
6.04531658852
6.05407562683
6.07613388735
6.08438822932
6.08764491247
6.08878889546
6.09734558845
6.09886504559
6.10892354797
6.11892305828
6.12295754583
6.13345636071
6.13888585527
6.15769503381
6.16934836099
6.17226283911
6.17300381119
6.17822473717
6.18621980303
6.21086241808
6.22556947206
6.24863925201
6.25843562353
6.26627588806
6.27094080617
6.2808284056
6.32897608971
6.35370082585
6.36890071721
6.37958189815
6.39132488787
6.39372082754
6.42569487751
6.42731503875
6.42946199526
6.43636008967
6.44697330614
6.48875048554
6.51032522256
6.52455066575
6.52832098869
6.53581572524
6.54549336375
6.57942425837
6.58152081109
6.59385548366
6.61886597406
6.65293919401
6.66542989476
6.67098273998
6.67856244606
6.70930142482
6.72031594453
6.72939482598
6.73596054362
6.75784086696
6.76585710011
6.77909570385
6.80196751674
6.80641839323
6.8310378975
6.85206652765
6.86566040129
6.87732084401
6.89041592209
6.90595824973
6.91451432096
6.92233859762
6.92999316373
6.9514007594
6.9634982401
6.97002983158
7.01904256762
7.0473340793
7.07665437289
7.0968267926
7.10123200286
7.12409268206
7.15706269805
7.17283475284
7.2218877227
7.30423740477
7.34561346509
7.36996110653
7.39943791794
7.41179496275
7.53423994042
7.55412415502
7.56040437744
7.61290044359
7.83286545892
7.83851203417
7.8623484896
7.92859674082
7.94822786926
8.02048348983
8.06944218845
8.08398179812
8.14319464964
8.17743676655
8.18171088922
8.22338131963
8.26254585012
8.38037496971
8.39681176193
8.42820061354
8.53546308149
8.60321176249
8.63553240707
8.74290291462
8.79996717809
8.86813573508
8.92076500022
9.08781701009
9.18852438278
9.2164809894
9.26919672013
9.32882915138
9.39438232544
9.5235120789
9.57968871377
9.7332029219
9.83652429189
10.0245716197
10.0963364235
10.1054467594
10.1346410123
10.2303988887
10.3532553981
10.4796838731
10.4856451682
10.5481081471
10.5691971132
11.3225546791
11.4064261004
11.4375794227
11.4987808517
11.6253792919
11.6989286216
11.8395363609
11.9048483517
12.1204804532
12.1813752944
12.3449744707
12.3555905354
12.4073132948
12.5543166741
12.6202619331
12.8482709787
13.079657429
13.1716866261
13.1837521044
13.8636611015
13.9363816747
14.0026579603
14.1331347187
18.9200054152
163
