6.01031263395
6.01309976457
6.023675151
6.06852726684
6.07142604435
6.07365855055
6.07692450074
6.08619747027
6.09361862405
6.10144787328
6.10397005483
6.11022182654
6.11438912404
6.12055802448
6.12625385636
6.1371271633
6.14524842153
6.14676202055
6.15207537814
6.16277486286
6.2772740357
6.29809323447
6.3090769495
6.31501432764
6.3795282166
6.38468627388
6.39399401657
6.41838391466
6.43329256905
6.44764388684
6.45854543896
6.46516755186
6.47530246341
6.48421226901
6.50197024496
6.52659555572
6.55041849627
6.56901383576
6.57650208588
6.58113273756
6.60091662683
6.69298041352
6.73308005135
6.74118130383
6.76319011099
6.78117050984
6.86762396085
6.95525066436
6.97585256263
7.02770815048
7.06743212182
7.20288640552
7.20469282639
7.2182442424
7.25040935798
7.26864790711
7.2938504892
7.31961717032
7.363813919
7.40087839963
7.45137417687
7.47785340362
7.48415564877
7.49083745256
7.5240575341
7.53014692346
7.542564559
7.57265473637
7.61743962653
7.62026245518
7.64590677414
7.69610027859
7.84849853918
7.89028219332
7.93966940945
7.97017016525
8.01550751524
8.06783402024
8.10779802713
8.1312882548
8.13608991024
8.17288618295
8.24203343178
8.27584330889
8.30518119061
8.37478375454
8.97721797918
9.06946610082
9.17863130179
9.25005380453
9.25639948804
9.26374157702
9.37906663961
9.39194251364
9.49123599242
9.52162030119
9.5719683627
9.66011191031
9.7109179274
9.72642915974
9.81329646451
9.84851070899
9.92724042677
9.95953928348
9.97617629766
10.0103003277
10.1907712938
10.242041695
10.2817711198
10.4585849755
10.5336387605
10.6150834008
10.6430047798
10.6859058586
11.2923795201
11.4297614109
11.497727771
11.6309499313
11.7364803873
11.871425975
12.0186044279
12.0974209463
12.2353846012
12.2438947448
12.3034238407
12.6377360393
14.3982653629
14.4455197066
14.7522612654
129
