6.00667459861
6.0117408317
6.01947386273
6.02177450406
6.05161171056
6.06327559479
6.06745842108
6.0681284815
6.07513266639
6.07999247008
6.09146128401
6.09755346415
6.09808980549
6.09908910189
6.11486457763
6.12869775469
6.14566222575
6.15351762367
6.16131353952
6.16796221353
6.1741931134
6.18059937654
6.18996455541
6.19271403822
6.19708950328
6.20944716071
6.21276319215
6.26827989382
6.27954899589
6.29655143205
6.32125593221
6.32625416224
6.34158975473
6.36885658894
6.38147821468
6.40790809865
6.41368543811
6.42234279054
6.44341449494
6.45864660724
6.46325870678
6.47250407634
6.48422635322
7.31740551078
7.35146326173
7.39990263337
7.43253298278
7.45405435819
7.47323163746
7.51062802009
7.5597020358
7.62277995092
7.6879877269
7.74539892176
7.75548439576
7.78958209659
7.81201505851
7.86919367283
7.8790881673
7.93342466656
7.95636292759
8.05587513453
8.05916943526
8.07943591349
8.1204063098
8.13804639383
8.16217107969
8.17562363529
8.21795852494
8.32414919075
8.34423671915
8.59745903375
8.61852304794
8.63741448407
8.69492025212
8.7342004661
8.82703842036
8.9109021034
9.04373206589
9.08647893341
9.17365455754
9.19092250519
9.22558780422
9.33331820419
9.38797380288
9.42975194989
9.43852463253
9.48603609385
9.64229824025
9.73940202881
9.80896568583
9.8796778546
9.94106271826
9.98534162025
10.1126688594
10.1180525799
10.1404657996
10.2218456114
10.228442152
10.2515896257
10.3051001526
10.3728239008
10.4572562732
10.5478669692
10.6240118118
10.715293873
10.8391905574
10.9010871616
11.0072508234
11.0433364948
11.2061581205
11.2648019963
12.7246244701
12.8440084089
12.9377095686
13.0912777599
13.6179833186
13.7255586399
13.9920237443
14.1551553667
14.4665114248
14.7923823527
122
