6.00819220928
6.01692569878
6.02401245988
6.03010291744
6.0412936993
6.06171617229
6.06253821481
6.07741779106
6.0878477298
6.09286488132
6.09959347087
6.11298775193
6.1418234518
6.1534582387
6.16277806721
6.17476999779
6.17816500891
6.18849369286
6.20355626591
6.22093124805
6.2323910471
6.24060286552
6.32573433814
6.33457816841
6.34148417291
6.3530087128
6.36027117113
6.36185449262
6.37977689765
6.38827379471
6.39445719221
6.41079705236
6.42294352204
6.43007100034
6.44680574228
6.44809326525
6.50699409968
6.51479953526
6.52436478539
6.54105339816
6.5801825945
6.59830654059
6.61239701346
6.64857143008
6.67508283984
6.91828863182
6.93365766888
6.97106562973
6.98517178405
7.00666274405
7.0251189323
7.04401195263
7.07234043795
7.08677053765
7.13405336629
7.17592442787
7.21958682899
7.24344390679
7.26713798188
7.3223071378
7.35963406104
7.39320452318
7.39863659708
7.46142927595
7.60834746043
7.65825080893
7.67811708741
7.93886513842
7.98184935311
8.02653876916
8.06351827083
8.08639189762
8.30130191869
8.34403239617
8.37163056744
8.39298817196
8.42751243843
8.47560964885
8.50577207836
8.57728170739
8.62756278539
8.66510708213
8.68419433465
8.76399520966
8.81899886494
8.8536904941
8.92705072359
8.99825001995
9.17758979142
9.27793297636
9.76590540066
9.80494172604
9.84006566129
9.84662915015
9.95758932129
10.5952565662
10.6340825164
12.0276376452
12.0380978152
12.2011634619
12.4739866741
12.6015906284
12.682774442
12.7468548091
12.8476686255
13.103556589
13.30748711
13.5690631732
13.692859401
13.9635370934
14.0224276425
14.0880142305
14.3903889128
14.6106064785
114
