6.00452059233
6.01597953399
6.01833502249
6.02041102698
6.02513996381
6.02576215701
6.0402278165
6.04275901824
6.06373240911
6.10980273802
6.11480809053
6.11711513351
6.11796282191
6.16479035173
6.20331700566
6.21312425756
6.22111054285
6.22972916151
6.23759504433
6.24723748952
6.2617141603
6.26317808884
6.28282068939
6.30614129884
6.30767963605
6.3272481578
6.33318244999
6.3517197227
6.3610067414
6.36361206798
6.3699639904
6.38115325224
6.39274151347
6.39419202263
6.40362691818
6.42185580855
6.42650861235
6.43324776647
6.44948968817
6.45035275324
6.4854482818
6.54579939859
6.56246942959
6.56431687753
6.58276076743
6.6063863153
6.63924328583
6.64471855545
6.66470135588
6.66937777495
6.68522412027
6.69916894238
6.71431003741
6.74218102905
6.77094176767
6.7874366573
6.79469097827
6.82309599746
6.84011086105
6.86249091686
6.88037762948
6.88603962596
6.88759127088
6.89049571575
6.90426405901
6.92969499798
6.933532782
6.96140073363
6.96557167895
7.00060796572
7.02132699323
7.04666095676
7.0517079983
7.13910718047
7.15815938654
7.42459935581
7.4405130505
7.45930512045
7.52948142727
7.53208991986
7.65268138929
7.68840381956
7.69820405868
7.72204617047
7.77154338895
7.77574783829
7.79476195185
7.84042527543
7.86648602629
7.90197271342
7.93956164618
7.98738002228
8.00209962413
8.03848393584
8.08032840114
8.11836503685
8.21636050147
8.25883407337
8.34548744903
8.36796783513
8.45211405254
8.51778098951
8.59110938354
8.63362665274
8.66959555148
8.78936040662
8.80405627239
8.8802264069
8.91483468162
8.9348490294
8.9822301831
9.03773604303
9.13201856914
9.18454139491
9.22245754182
9.27205146382
9.30300873047
9.32701891632
9.40133805209
9.59345526821
9.65970720231
9.80439794086
10.5570352378
10.6459825878
10.730126629
10.8956143101
11.0210064998
11.0516854068
11.1041929402
11.2458308245
11.2876727789
11.3939864455
11.4013842729
11.4291245695
11.5394240854
11.815619374
11.9710775789
12.0463206833
12.0946552653
12.2640102158
12.8513966309
13.0374000544
13.0672376004
22.2042875886
144
