6.00158444173
6.01280368793
6.02085430264
6.0247006096
6.03620754683
6.04062888946
6.04580900341
6.05249089856
6.05747460378
6.08865540334
6.11596659653
6.12368968402
6.13559191072
6.14633558031
6.43042605091
6.44840442503
6.47706073945
6.49061544171
6.49225534778
6.50364638996
6.54286499717
6.55650709195
6.56940623047
6.57250462827
6.59835189932
6.61431275949
6.64146197943
6.65215532567
6.65552049549
6.66580797849
6.67081542865
6.71056624598
6.72239790143
6.74149489754
6.75259034691
6.77196273786
6.78885029796
6.79780563115
6.8065288345
6.80808718396
6.82432749586
6.86573389179
6.88509984716
6.92691162619
6.93971398134
6.95755461563
7.03811534274
7.07353677927
7.11098868676
7.12454783564
7.18816965835
7.24699463564
7.28051353537
7.3042434325
7.34650327861
7.36934302068
7.3885605481
7.42453930714
7.44385606654
7.49676928746
7.51961233065
7.70841465971
7.71167256862
7.76064013006
12.958721668
13.0979211693
13.1549082969
13.331494374
13.4753741747
13.6886759575
13.8140941864
14.2239339729
14.5307311285
73
