6.00048454111
6.01893116376
6.02416105274
6.03601511062
6.05001615515
6.05677578965
6.06017211581
6.06418511592
6.06638525452
6.06949807876
6.0768457098
6.10041057003
6.13887176843
6.14717287072
6.15239504496
6.20547062517
6.20768960584
6.23255576824
6.26201823134
6.2696166494
6.27255116065
6.28435511582
6.28550354665
6.29087051848
6.30776811356
6.31504726565
6.3248041952
6.32562096354
6.34089677911
6.35511786773
6.3702716771
6.38921248922
6.40311328505
6.41341818438
6.42336395477
6.44319583982
6.46984462118
6.47273535024
6.48063100703
6.4834414045
6.48452913996
6.49718481505
6.5101178741
6.51154519213
6.55412095749
6.57191348408
6.62299113331
6.63361209126
6.64587120787
6.66938417462
6.67237705402
6.67477103965
6.72333439117
6.74271401161
6.75021562026
6.77428337754
6.78237272758
6.81167822991
6.82343266445
6.86916761588
6.8931872419
6.90165519241
6.94883347798
6.95862716088
6.98260056754
7.02828561466
7.0678693115
7.08399452634
7.12049122177
7.14995448129
7.23734786114
7.24019387158
7.26768076816
7.38066720824
7.40472155863
7.43074918463
7.4653839662
7.51317739881
7.55615452277
7.58388763546
7.6160030762
7.68210549496
7.7214047225
7.73274066925
7.8280267584
7.84813430688
7.87507350502
7.90216137708
7.9682574388
9.48458069236
9.65418659456
9.71229630483
9.82569976027
9.93155974746
10.0082059899
10.031755293
10.0882151178
10.1535252402
10.219981492
10.3311396297
10.4617705284
10.6016477762
10.7684022357
10.8055687009
10.8187372408
10.8843366905
11.192085748
11.2742908569
11.2876719262
11.3645673914
11.4639531296
11.590214902
11.7336977919
11.7732994111
12.0786047931
12.2467326486
12.7163428192
12.9978140477
13.4149589408
13.4737642166
13.5857034722
13.8023902217
13.82657261
14.1873069809
14.2194760334
14.481175778
14.9436875384
127
