6.0038890441
6.00890620686
6.04515509979
6.04591001408
6.04926084406
6.05663452072
6.06765137777
6.07149467321
6.08171890443
6.08232151499
6.10023022419
6.12189158378
6.12781633715
6.13760421043
6.14677917853
6.15268681931
6.16195021662
6.16713087502
6.17122580811
6.17480020278
6.1904988773
6.21896986023
6.22897888409
6.23783478567
6.24707047714
6.25259187972
6.25678881321
6.26355863948
6.28377903223
6.37265994204
6.37364653949
6.39706486597
6.41372854496
6.4506261968
6.45547097504
6.4755244061
6.5363087929
6.56424127656
6.58924267109
6.61468318401
6.62298321335
6.6383087662
6.66687296121
6.69024639462
6.69718002415
6.70142685192
6.72677066396
6.75108114884
6.75320160772
6.78219069403
6.80017420522
6.82253807778
6.82618021458
6.84388677507
6.8726875376
6.97078974414
7.06675317978
7.08476244175
7.10068536632
7.13310961122
7.14040391851
7.15120716658
7.17549963618
7.1850731387
7.19766435423
7.21469828364
7.25628616804
7.31780750467
7.35243321306
7.3706099417
7.41211850306
7.45041330489
7.47048772401
7.49858409442
7.52913289724
7.58994704846
7.71755072064
7.76369105035
7.81259623015
7.8557454814
7.89745796354
7.99915363808
8.02553863324
8.05009796254
8.08634665916
8.09262967414
8.12916278113
8.1955808287
8.21927923373
8.28559020981
8.31663895421
8.39970919967
8.45034547054
8.48779432933
8.54630663318
8.6253696464
8.65270484586
8.70310391187
8.80935375192
8.84264029777
8.90533841841
8.93694506204
8.98871885885
9.05122772175
9.10007326567
9.11591169714
9.15559763308
9.19785053915
9.26620123981
9.3460103903
9.40758139757
9.45915629439
9.50699953425
9.60344386753
9.63927738147
9.66216700273
9.74070847815
9.7935285816
9.90135492353
9.92232252478
9.9968276066
10.0566368313
10.1032422453
10.2180362723
10.2718311201
10.3303695556
10.4149936519
10.6647133349
10.8570984233
10.8847973748
10.9676829177
11.030696802
11.2865619259
11.3238064222
11.3313028458
11.8938137248
11.9839077624
12.1246776333
12.4277916986
13.5316117699
13.6407938098
13.7989743073
13.8599499442
13.962595036
14.7015679503
145
