6.00925420228
6.18244799251
6.19165158496
6.20091210721
6.21666963937
6.22328389758
6.23004224524
6.23757567687
6.24742599441
6.2593792301
6.26570424711
6.26927469852
6.27003250508
6.27418821562
6.28910054947
6.30008898899
6.30678648423
6.31578512941
6.31692686118
6.32551365421
6.32646789134
6.33926161307
6.34145890839
6.34799292089
6.36044056939
6.36535187604
6.38685313543
6.40038600549
6.40350411428
6.42054122738
6.43475144007
6.44681456057
6.46028913671
6.72163919411
6.78853374444
7.16150080332
7.16324826068
7.20326671556
7.21010162449
7.2429745966
7.28597839659
7.32034639202
7.34685643197
7.35630163057
7.40612773102
7.42759616941
7.4532313502
7.45701363716
7.51493987322
7.53212283067
7.55643761024
7.59186937006
7.69491815247
7.74249978232
7.75374079941
7.77575409489
7.79654582259
7.83010934151
7.85726272412
7.8659764129
7.91552397945
7.94792485339
7.99643238812
8.05426638799
8.06926148322
8.11996477249
8.17901650434
8.27390031288
8.28436174819
8.31180889932
8.33100995104
8.35656905115
8.39499516126
8.42746270244
8.46986638772
8.50862412606
8.57989326942
8.60845648125
8.63937753627
8.64715059634
8.66279811543
8.72354396794
8.77646490327
8.89127687144
9.05265321435
9.08554213971
9.1685448588
9.22963567458
9.59162723512
9.64544160465
9.69696716209
9.73814887445
9.80021918064
9.80615937352
9.91484214949
9.93357032545
9.97009094327
10.0230639612
10.0841828414
10.8117336683
10.8744166271
10.9842528665
11.0651842404
11.0753823253
11.1882513456
11.3394916411
11.5221615682
11.6226160738
11.7558457717
16.5370649616
110
