6.00234156349
6.00844649722
6.00922522998
6.01403854651
6.04968234199
6.06032186864
6.07170239501
6.07968561568
6.08552525622
6.08776926047
6.09732923223
6.10821583384
6.11833079549
6.12634294215
6.13215882685
6.14045855562
6.14361954607
6.16458079977
6.16782418243
6.18364808237
6.18461103961
6.19660813038
6.20187241471
6.20576463245
6.22176358646
6.22238164985
6.24010751658
6.32488039314
6.33160829648
6.3438610564
6.34656658458
6.36792427952
6.37563613799
6.39105726889
6.39635075656
6.41038342327
6.42171821987
6.42501784367
6.4518668834
6.46088603654
6.49879577547
6.51890401396
6.5206249208
6.52666756009
6.5465913111
6.55063080852
6.57765126989
6.59218384395
6.60023592868
6.62051351238
6.72505663098
6.7275172044
6.73376476581
6.75208691509
6.75491211214
6.76123288441
6.80309455005
6.81408161024
6.8193155969
6.82983429911
7.09615431334
7.11549015766
7.1511365675
7.16614195805
7.227375277
7.27430484623
7.30642885207
7.31913765923
7.34163165272
7.37427102666
7.39436099585
7.49017117141
7.53082238633
7.54572795109
7.62909721312
7.67268232911
7.71005137929
7.72339388157
7.78807662846
7.83812686022
7.84351643393
7.87647158239
7.90324328973
7.90562294865
7.93911413759
8.00902659581
8.01280865455
8.02980059268
8.06344914392
8.11984293608
8.21796623858
8.22530564261
8.25893535148
8.27962386651
8.30480420157
8.33105294814
8.35365284583
8.71474933288
8.74759269148
8.76846497187
8.94535263237
8.9491755131
9.04239441888
9.08065763857
9.10474954361
9.18240940268
9.25123586458
9.32944814681
9.433563852
9.50235182261
9.54739345339
9.55966785344
12.6466831535
12.8169381393
12.9029631722
12.9928470138
13.2101054182
21.9640255808
118
