6.0028655022
6.00409823193
6.0133072021
6.02308504458
6.03230605719
6.0425915854
6.05266379479
6.06535898927
6.07115913217
6.09007981154
6.09504055156
6.1010195613
6.1075584762
6.11368514977
6.11449633609
6.16126901509
6.16482877135
6.17819410105
6.21075844197
6.24043170896
6.25561460089
6.29598204005
6.30595091852
6.31375114018
6.32804572441
6.33312377761
6.34274182008
6.34580560395
6.35326259924
6.46083385568
6.46488114219
6.49450312413
6.51754202939
6.5266893074
6.54488440229
6.65135500344
6.66703197259
6.67900406052
6.69781375012
6.79495091073
6.86374754345
6.86543081976
6.88591950676
6.8964480602
6.9185397131
6.95939779398
6.97326829682
7.06466533684
7.09714016021
7.15117978557
7.1621135141
7.17516599968
7.20009901017
7.26757225845
7.29206149404
7.31793607448
7.36701787486
7.49568925743
7.50505795366
7.62067009295
7.65173063158
7.77173492805
7.78548058191
7.88597298257
7.97429317833
8.0212385449
8.0328226045
8.0651687463
8.0704403279
8.11944019864
8.16636689614
8.22653018203
8.28182916854
8.29697516837
8.32967222559
8.33944688862
8.38101651947
8.45196862399
8.47693102345
8.52837886276
8.55386343783
8.60083743988
8.6418272211
8.73675910022
8.80134147472
8.84545877293
8.8742803242
8.90788851912
8.94911507629
9.00150037817
9.36366216114
9.54345808857
9.54995426318
9.56666206519
9.60709765724
9.66728175644
9.72624476859
9.78603243096
9.79461064706
9.88631747454
9.95507433285
10.0638021903
10.0873972683
10.3346327481
10.367005763
10.4045849534
10.5153616604
10.5462327151
10.9870312491
11.0747862945
11.203116598
11.3354178549
11.3954222469
11.4377446865
11.6933367331
11.7695187389
11.9763376276
12.0454774116
12.1547911762
12.2551180203
12.3363480003
12.3968102181
12.4943630484
12.5486212075
12.7637396938
12.8519678648
12.9299245911
12.985177575
13.1500798826
13.3087263065
13.5481092361
14.4535734203
14.693582863
133
