6.00389222295
6.0093869908
6.01045481025
6.01766211072
6.02050363441
6.03429424187
6.03997202484
6.04229038485
6.04304811985
6.04593151013
6.04869209287
6.05626498693
6.06734540241
6.08808400457
6.09316715606
6.0986739054
6.12231561004
6.12951780978
6.13424943668
6.1408780944
6.15246765372
6.16196480687
6.16607380406
6.17557042675
6.18931766439
6.20779065804
6.21685922332
6.23020087275
6.23108403672
6.26070092481
6.26451718823
6.27042159829
6.27797395673
6.28488244011
6.29172987563
6.30536342168
6.30642684612
6.31242759625
6.32959800856
6.34401041608
6.36129869344
6.36486612357
6.36961450169
6.3811496354
6.39518258929
6.40511443644
6.42041414231
6.43357607283
6.45087147414
6.48284013479
6.49174252331
6.63669311769
6.65481322836
6.66552679357
6.68145821516
6.69170500896
6.88054926127
6.89539945063
6.93707381054
6.95366941345
7.0185060464
7.04084020226
7.06128153589
7.07527031087
7.08768906436
7.11836670122
7.14467522106
7.16700076536
7.21717646592
7.23821577987
7.27142031042
7.31803474392
7.32689758675
7.33090673908
7.40255418176
7.43009671607
7.47641263489
7.5236520062
7.56015058977
7.59001946106
7.59290195135
7.64505405888
8.0411544866
8.04403548595
8.09003174228
8.09468654151
8.1328435465
8.14937701773
8.24012400473
8.35017294583
8.38922892685
8.47315337575
8.54091665767
8.58407727288
8.62442516089
8.65599744067
8.69157885648
8.75317931825
8.81917535772
8.85718883641
8.9052959649
8.99946053069
9.01722208735
9.03052886418
9.04690195027
9.10910417334
9.14614659064
9.199142475
9.26475525972
9.40237445796
9.43242117656
9.44657684105
9.48359780664
9.59655074422
9.60222442022
9.60843576257
9.70314118173
9.74706944934
9.98494526445
10.046986814
10.0796704361
10.1801190189
10.2317925285
10.2896192707
10.3097378676
10.371630213
10.4204791091
10.5182940941
10.5719233988
10.6568915119
10.8924800661
10.9949955673
11.1247087145
11.2835812069
11.3260625708
11.3778588745
12.30379817
12.4264044228
12.7299051481
12.9612228983
13.0983969482
13.3058495428
13.3538366407
13.5762642594
13.6386653591
13.864068068
14.1202535645
14.2157237658
14.443199652
14.6762683651
150
