6.0129724089
6.02278690025
6.03353363571
6.04100287401
6.04453868255
6.05218400774
6.05639816757
6.06713842718
6.07177590151
6.08272559034
6.08926017964
6.09428287593
6.0997607186
6.10939591153
6.11054746746
6.1154830612
6.11655448085
6.12024890907
6.12126989355
6.12189808931
6.12264247253
6.12400519664
6.14332857601
6.15537215203
6.16914936477
6.17443306478
6.18773441412
6.19325494597
6.21468855873
6.22464877703
6.24374951591
6.24990468454
6.25880295668
6.26516724689
6.27499252842
6.27974129603
6.28344713747
6.28922069843
6.33581894065
6.36036660268
6.39208061573
6.41115341458
6.41553056579
6.42035496682
6.43446332349
6.43980846022
6.45308376833
6.47401551119
6.48496658537
6.50090444927
6.51425934968
6.52489132919
6.53712418351
6.55050919378
6.56202115646
6.56320833199
6.58161353209
6.62097709084
6.63339079063
6.6732209793
6.68573735906
6.68706420145
6.69774387315
6.71478982802
6.7527344043
6.76269529341
6.76985927908
6.84015527416
6.86138639113
6.87329179806
6.88470470014
6.9054488291
6.9239943239
6.93445579577
6.93887006468
6.98487135136
6.98671673629
7.3904125942
7.40162165057
7.52538984628
7.54389988308
7.60525500847
7.62254190071
7.63320422453
7.64263487174
7.6623833754
7.6648229983
7.68027237188
7.74602921625
7.80617866888
7.85833385859
7.90272973493
7.90988640301
7.9732374781
7.98813907644
8.00455230313
8.06626909893
8.66645252783
8.69784706089
8.76469731529
8.81272456395
8.87864430183
8.90612692331
8.92633649351
8.95740057423
9.01962309959
9.03346190165
9.09712591256
9.56049232687
9.96519486292
10.012950502
10.104476905
10.2813109164
10.3362365293
10.4325657807
10.655739629
10.7014410415
10.7168671387
10.7934021801
10.8177360459
11.9061183947
12.0453437
12.1759459296
22.2830926479
124
