6.00365894276
6.01980641126
6.05659309732
6.0618835315
6.06791469943
6.07308486963
6.08070783018
6.09223390351
6.10649586146
6.11013693228
6.12845862076
6.13617846498
6.14245980237
6.17007548463
6.17592641679
6.17998472091
6.18942214751
6.19897558563
6.20459374069
6.21333101126
6.22131432711
6.22697210322
6.24519334136
6.25394274479
6.26193719181
6.26357458164
6.2767579243
6.27953336414
6.32049155373
6.3824277848
6.38326523801
6.39687290407
6.41434323529
6.42639688117
6.45004181708
6.45108613173
6.45490346469
6.46714410062
6.49165146742
6.50136156386
6.51552834311
6.53795387917
6.5480150702
6.56620359611
6.57176418818
6.58311018678
6.60738489003
6.61774084432
6.70200396777
6.71410338077
6.73032257953
6.73178068384
6.74022850127
8.12667310389
8.23772273739
8.27694262806
8.30005782525
8.30932114476
8.33152366562
8.46417871483
8.51099569067
8.57945741769
8.58582910778
8.64800728321
8.66782995295
8.71341956182
8.7333757783
8.84550665266
8.89326789813
8.91951943339
9.01414329061
9.06887795188
9.10443044574
10.1142964772
10.1451726713
10.2612525405
10.28659214
10.3478278955
10.3914430996
10.3998199069
10.4079340696
10.4418081645
10.5725103827
11.7445425394
11.9249225137
12.1117727179
12.2769703905
12.3426708672
13.0953817445
13.2918374986
13.4443752242
13.4587862712
13.7593854454
17.3029725182
94
