6.00067529776
6.01306407601
6.02420872221
6.03079954354
6.04102163316
6.04915657098
6.05789315187
6.05867369295
6.06833356101
6.07262415608
6.07729479411
6.08838880604
6.09593285456
6.10759701189
6.11317535771
6.14787616212
6.15242884576
6.16892032886
6.1727024646
6.17869585232
6.18239353528
6.19271741764
6.20351313081
6.22023034058
6.22954938278
6.23613113868
6.24064860293
6.2431480675
6.26265259576
6.26797695539
6.27354354906
6.28635335407
6.28712287626
6.32010982626
6.34305392831
6.42170062684
6.43012629982
6.43787285831
6.44827893673
6.45935004896
6.46983485733
6.48442648934
6.50591843805
6.50964876378
6.53226832498
6.58477139392
6.58781425511
6.6320278379
6.64458362715
6.65397861202
6.67515060583
6.69633671933
6.69777716236
6.71442279561
6.73281965034
6.76984610546
6.77407850647
6.77557084578
6.82412432284
6.82821059557
6.84459243685
6.8495944095
6.86191612408
6.87813728141
6.90970266799
6.93635148229
6.94552288292
6.96711861865
7.26733683913
7.29197017024
7.33245558228
7.3827942324
7.41023887447
7.4283864837
7.45539289502
7.46975626255
7.49362430802
7.53974084005
7.55511620887
7.60339078633
7.62355721306
7.80145957417
7.84794825075
8.0863475611
8.1286216566
8.20155431687
8.46651338037
8.49152258361
8.52344013294
8.60961829668
8.65609971741
8.66785594792
8.70688981296
8.77224194555
8.87778277667
8.91458708749
8.94486415227
8.97988645236
9.04512719397
9.4270222769
9.46050938292
9.59335368373
9.67858721748
9.70677131458
9.73690016062
9.8345458764
9.89475982083
9.90892915458
9.97522468934
10.0097922839
10.1042160674
10.1960948995
10.2406141088
10.3098133615
10.3645973493
10.4498940205
10.4913149424
10.5092533723
10.5190178651
10.5393901663
10.7007968159
10.7892374397
10.800546786
10.8311430777
10.9140847978
10.9380805822
11.0042867567
11.143135898
11.2492883193
11.2624233657
11.2707188871
13.0455329623
13.469055441
13.6035749995
13.6268723583
14.5932668999
136
