6.05693267743
6.06119048094
6.06705712655
6.07133790797
6.09120781799
6.09344369896
6.16789617354
6.17948043969
6.19215290251
6.20680444715
6.21528464512
6.22938915938
6.2370053638
6.24418744543
6.25504246934
6.26238700561
6.28839929213
6.2966039239
6.3141470713
6.33888380353
6.40936093709
6.41513608913
6.42805475341
6.44957664351
6.48662066905
6.49516117741
6.50973302217
6.52740320646
6.54918073852
6.56390331809
6.56936567767
6.63380308357
6.6406476358
6.67948295342
6.69600360696
6.71706066712
6.72836261338
6.74526703305
6.77015862411
6.79459979971
6.79787826245
6.8106848357
6.82688420981
6.83377188292
6.86032775521
6.90354965433
6.91659603405
6.940124813
6.94997901667
6.95863222856
7.08451536266
7.09639040558
7.18082796094
7.2275664992
7.23682910388
7.26223577841
7.3182175288
7.44774348411
7.45713055855
7.5455729805
7.58741361222
7.60609134293
7.60936448687
7.73339734636
7.76958251374
7.79552558872
7.82421938351
7.83230489264
7.8361636902
7.90847352413
7.94885966667
7.99928564817
8.02979076587
8.08729410438
8.12606456931
8.18635445739
8.21279531618
8.25021804896
8.25407357773
8.36946792254
8.51184729386
8.60329417485
8.61208533693
8.70235026231
8.74416445524
8.79763492714
8.8479667889
8.93989000131
8.99739492527
9.15924444124
9.22092076647
9.27949728773
9.34542652778
9.45068687383
9.52362207711
9.57957536124
9.60836695802
9.70021962524
9.90180427962
9.92314667687
9.98918880973
10.0830233986
10.1576368296
10.2101067895
10.3937313297
10.4679847405
10.5179822457
10.6476977916
12.2405262525
12.3534245633
12.4794341419
12.5620080227
12.7051629803
13.3634489199
13.5187679976
13.5680907274
13.6288550453
13.9557055488
14.3313837426
14.4612629358
14.8390902717
121
