6.00071871822
6.0045662552
6.03724687685
6.05088599089
6.06103776514
6.06679641119
6.07414804209
6.0766222356
6.0806731266
6.08918500895
6.09682741015
6.11892555123
6.12470419233
6.12978049168
6.1968723855
6.1999942376
6.20998951125
6.2159103804
6.2245058203
6.24194352216
6.25396674415
6.2661392136
6.27060483864
6.28118216623
6.2870514843
6.29622824867
6.30847931446
6.31812403501
6.34335753444
6.35781001005
6.36920624524
6.3876915159
6.3962043454
6.40978784078
6.41340866837
6.4261482551
6.43762990348
6.45549255873
6.4685196622
6.54959455709
6.56269174584
6.5740009156
6.58624933261
6.59208303286
6.60517052373
6.62020790514
6.63845569599
6.66620991596
6.68195938415
6.72142441785
6.73125530881
6.74345860459
6.74936426656
6.77135189698
6.79776169564
6.80076534926
6.81100314188
6.83803599761
6.8444633372
6.95474516054
6.98945222902
6.99454396745
7.06955356887
7.09658187102
7.12093860019
7.14018536719
7.17725563477
7.23208501232
7.26054064797
7.28307555597
7.29225341912
7.32531353793
7.35426082439
7.36226305799
7.42970682708
7.61239258631
7.63159252883
7.65288065825
7.67553999784
7.69186813574
7.73421922937
7.853027719
7.88321442977
9.41089929593
9.48130068119
9.48823343817
9.52941196529
9.57110864628
9.59844702184
9.61721123331
9.66004977828
9.71787030788
9.75096717837
10.1706355056
10.2088803984
10.2708290221
10.4081793154
10.4290805514
10.6544675264
10.6751875204
10.9062801755
11.0451883376
11.1684666068
11.2808825789
11.3031058834
11.3137126679
11.362352104
11.4449425382
11.579068727
11.8610496666
11.9565167386
12.108820678
12.2336764066
12.3988284517
12.6357635659
12.762606818
12.9664015985
13.1218703343
13.3283257691
13.9686517032
14.2921263339
14.4317975243
14.6351909085
123
