6.00069582968
6.01064264963
6.01210800613
6.0167141196
6.02723278418
6.03643799709
6.04289795962
6.05972122589
6.06459947738
6.07086827048
6.07750863121
6.08302694256
6.0892207745
6.09512921515
6.09964705045
6.10184110256
6.10609670738
6.12299676219
6.13116385383
6.14249488103
6.14546917307
6.15608863508
6.17310355618
6.17736802166
6.18578204513
6.19331122029
6.19460752212
6.20696901945
6.22296289329
6.23215982741
6.24848393515
6.25151122111
6.25832028807
6.30748107981
6.35088091323
6.36409877043
6.39912282364
6.42100764602
6.4436939929
6.45588268847
6.46646075919
6.47915342756
6.52487831612
6.57601474281
6.58419721062
6.60457470323
6.62793770502
6.65559071708
6.67124575675
6.68297988714
6.68428267837
6.69200455451
6.70576753351
6.70735825096
6.73836167953
6.74840015533
6.74989070801
6.76565199727
6.77221463927
6.85362864416
6.87783311653
6.94882745225
6.97874740666
7.00979810029
7.01984661274
7.02965492562
7.03787210301
7.04733116489
7.06231310031
7.07083800922
7.10202829816
7.14235006491
7.15302034801
7.1741796898
7.19745256224
7.22707316036
7.31123993679
7.38616628826
7.38915466162
7.40603279158
7.42961989995
7.44846697209
7.55073498088
7.57131625236
7.61155966007
7.64067126733
7.70615955486
8.56121938286
8.57751772556
8.62280253881
8.68679420875
8.72580424852
8.75536143079
8.7785158545
9.22129064447
9.30113849916
9.35634942934
9.4197424154
9.4736394326
9.50658132788
9.73977630436
9.88188186994
9.95792094795
10.1960276642
10.2620363357
10.2716053292
10.369189364
10.3985456664
10.521906155
10.6504634647
10.9176910931
10.9449050557
10.9770024612
11.0559062566
11.0685178625
11.1656392743
11.2945304266
11.4790699424
11.5768280984
11.7260060623
11.7442915724
11.8267276276
11.9007097239
12.043339044
13.5399059135
13.7617325471
13.8998856164
14.1924810539
14.233609299
14.2968996041
14.5702125435
131
