6.0051139209
6.02644175039
6.03024607285
6.03663721642
6.03953289683
6.04766555619
6.07127682591
6.08277546886
6.088995948
6.09977197116
6.10265019115
6.10369626212
6.10944991091
6.11674124748
6.13508567078
6.14557239245
6.15941148135
6.16603147692
6.17286592458
6.1907616689
6.19805380171
6.2092293794
6.22109857942
6.23551686664
6.24173685142
6.27158098147
6.46089906946
6.47624530807
6.50744464054
6.53715294516
6.54871884813
6.57829975259
6.61996102863
6.65662578947
6.66035621545
6.68314103703
6.75234384939
6.78534988722
6.80486103057
6.82398721198
6.82924562962
6.85207121013
6.87028955907
6.87783398992
6.88008746596
6.89444453132
6.93982748785
6.960921417
7.08368920856
7.12447831528
7.16888095779
7.21218008907
7.24230184665
7.27254415676
7.30874662186
7.42758749874
7.45473484974
7.47607982025
7.53902373925
7.55250412933
7.56271491849
7.58684835405
7.62145817134
7.63604022328
7.68375953444
7.75721841122
8.09813119381
8.27775500176
8.34747490786
8.35450610808
8.62690041043
8.81705465143
8.83426566054
8.84524786402
8.88113738609
9.0223880119
9.02730768121
9.08752085929
9.11616753784
9.24132776843
9.34901531253
9.3745713175
9.52055935267
9.59675287226
9.62660912641
9.67905019006
9.73968963324
9.7864352424
9.83293412334
9.83973475259
9.88637056188
9.97814999863
10.0047589501
10.1002710409
10.1747722994
10.2439448171
10.318683026
10.4084652047
10.7008187292
10.7068206491
10.8324070348
11.028899376
11.0556322989
11.1860691041
11.4011752945
11.4357479325
11.4793346903
11.5286853305
11.5893682003
11.7455985543
11.8707750557
12.1577642954
12.2438234561
12.2771992034
12.471720986
12.6542827133
12.7168345852
13.1984856993
13.4183726481
13.5699168903
13.6349915898
13.6732181169
13.7716170489
13.8416142431
14.1005473422
14.4987959029
14.7275511707
127
