6.00548516292
6.0097834328
6.03604965556
6.05870287698
6.06525756356
6.07293410942
6.08163933275
6.08831127323
6.09410701538
6.0959198975
6.10613753839
6.11777047231
6.12100897294
6.1270174884
6.13420520814
6.14608608032
6.17315331352
6.18126228033
6.18220098918
6.20415676383
6.21482823162
6.21957908298
6.22886099835
6.26331750261
6.63078447021
6.63957517976
6.70636153618
6.71271606502
6.80377583858
6.82949315372
6.85142929884
6.86639876225
6.86900260894
6.89578617837
6.96049126777
6.98317120091
7.09791725149
7.11947428075
7.14405643486
7.16043672494
7.19129038071
7.2252150184
7.22733675035
7.26086135095
7.31567374019
7.35015990882
7.45032261479
7.52807997167
7.79549480067
7.81706233939
8.10092617603
8.1452857846
8.15895484263
8.19935830179
8.28177814856
8.31535108615
8.33958958802
8.378333456
8.87507142494
9.11412409418
9.19237176242
9.26000636021
9.32467121896
9.50994170457
9.51909217656
9.55765143345
9.63614519187
9.67521540668
9.70167118684
9.95392543635
10.0141644311
10.1025523205
10.1640760742
10.1722904905
10.4086624851
10.5044427632
10.593491224
10.6924169066
10.7453121505
10.8423998653
10.8640011272
10.9513641682
11.1129120008
11.334296025
11.4082786113
11.5541781781
11.646897998
12.1151403453
12.2030271778
12.6852525548
17.5973744155
91
