6.00680265485
6.02153695081
6.02607127034
6.03040145168
6.04871089663
6.05735814985
6.06044505508
6.06088785973
6.06225457921
6.06832999656
6.07067396075
6.07615155604
6.08464768584
6.08922154533
6.09377138063
6.0945940003
6.09659787181
6.10102195091
6.10961712717
6.11351202492
6.15422764691
6.15995708847
6.17224764744
6.17825260244
6.18698147713
6.19252945687
6.27768449014
6.2791545682
6.2956168303
6.30720343861
6.35203693907
6.37148976801
6.38631773848
6.41054251946
6.42385164793
6.43421776617
6.45270352877
6.45875837198
6.46429033072
6.47864351949
6.48639188752
6.49703826065
6.50716806311
6.5237138629
6.59041091868
6.66225599888
6.68488154378
6.69668196696
6.70918244233
6.73986944087
6.75035247847
6.75577111156
6.76694961655
6.77781286353
6.79464308019
6.8186849115
6.91089571429
6.92438572574
6.93593699131
6.93899403746
6.95568491886
6.9733160276
6.99737122733
7.01691663307
7.02670102351
7.03785950164
7.06563445013
7.07349829795
7.26451252648
7.2927934525
7.31361429825
7.33315046636
7.38140298308
7.42705844001
7.46338723373
7.51418876755
7.53005698185
7.57932218605
7.61675781778
7.66204153727
7.69813105009
7.7006748777
7.84146778554
8.10289274526
8.10763316544
8.18140177494
8.23484280487
8.36521625057
8.74094690236
8.7543587664
8.7726996217
8.78217657684
8.78628163979
8.83143061588
8.85881437423
8.9052378076
8.99569683457
9.13476783642
9.22758719136
9.31057468201
9.35826415432
9.53098703176
9.59282015845
9.76412719831
9.7881944441
9.84381477559
9.8527344256
9.91835973961
9.99364712516
10.0245439323
10.0314115618
10.096313501
16.6048404554
113
