6.00082193142
6.01462260348
6.0210136873
6.02932066806
6.04292688346
6.06750866908
6.07961856162
6.08676802321
6.09024667657
6.10160615302
6.1073548689
6.10798093071
6.1144995543
6.14517575296
6.15849175015
6.19706198576
6.21993920875
6.22147500606
6.22527287202
6.22666447113
6.24955257337
6.26114255162
6.26907046483
6.27070969081
6.28202486634
6.29826170116
6.30538112659
6.32721393754
6.33740640819
6.34756486373
6.35551575689
6.38367998987
6.43384469732
6.44491696558
6.46250941628
6.4776682528
6.49045127497
6.50186622024
6.51494946519
6.51781916663
6.52121680104
6.53427314152
6.54714571022
6.56061856193
6.5731179297
6.60510997736
6.6245524275
6.64616646174
6.65354935689
6.7061872827
6.74401609043
6.75127210065
6.78866844361
7.5182412739
7.53207036115
7.5767147161
7.58742519592
7.62309199855
7.65932829997
7.67812430237
8.01817713147
8.04084866268
8.12899343635
8.14106726037
8.1701285664
8.29447544267
8.31575811077
8.38960033605
8.42232359588
8.42599631756
8.4514833836
8.48923652486
8.66181923562
8.96394771399
9.04527697208
9.04908267785
9.14777273893
9.24041998608
9.32896684209
9.40721712486
9.43487183732
9.53973570251
9.64287613856
9.65852478214
9.96425377701
10.087515591
10.3815578348
10.4935567086
10.5531032656
10.6220606565
10.6937803618
10.8298102703
10.928391285
11.0674267042
11.1398363996
11.2404267873
11.2503717568
11.3156888145
11.3357133061
11.3633199709
11.4460131222
11.4775912432
11.6347697908
11.6901696188
11.7450220307
11.9002926503
12.2008859353
12.2673462265
12.3671983684
12.4825873101
12.499785773
12.6973629805
13.2783697227
13.3083108061
13.3803732594
13.5751808061
13.7240025709
14.2956110649
14.5243154905
119
