6.00884308642
6.023148053
6.02919778495
6.05566796406
6.06533997362
6.07422797164
6.08286624876
6.08929251022
6.10726362147
6.11042202739
6.11871888558
6.14807109556
6.15259830435
6.2008426049
6.20946885018
6.23028116698
6.23985444882
6.28939429323
6.30611604024
6.31605278678
6.31686179276
6.31784792559
6.33178477312
6.34126358224
6.38953376357
6.4046809797
6.42328758141
6.43938724662
6.44077873661
6.4545268278
6.47815984477
6.48571412995
6.49236954769
6.50786350957
6.51258674266
6.52788919904
6.54841049612
6.55435572912
6.58018288613
6.58400566165
6.60581598919
6.62041486129
6.66276416488
6.66473465212
6.68221121592
6.72669751981
6.73783490865
6.76074457915
6.79132772602
6.81760763754
6.84184197921
6.86844219136
6.89690434451
6.91021761361
6.93336338239
6.96927841346
7.00954194626
7.03226660363
7.09799730646
7.1319861475
7.16780781334
7.20078964851
7.20832775425
7.2480612498
7.2790660274
7.34854786731
7.37356000647
7.38634355406
7.4260186552
7.43481585362
7.44549385701
7.51278215741
7.60106205174
7.61970090131
7.6674447807
7.67293976385
7.68270602308
7.74506405754
7.76600591344
7.91771834966
7.94979284327
7.95586670911
8.00174968986
8.43858375401
8.47991462754
8.50206576134
8.53578080496
8.59736641479
8.69320733846
8.75924161046
8.80731393851
8.81339673372
8.84980148127
8.98860315054
9.09365080126
9.1140145872
9.16603782915
9.2269612931
9.24758589891
9.25842250725
9.2852710313
9.3375668381
9.37498408136
9.40187840991
9.72902729349
9.73607288326
9.84722706101
9.96224132589
9.99751625698
10.0089977271
10.0173938576
10.0237280387
10.0685228478
10.2295718475
10.2963986323
10.3694235977
10.4192335083
10.45292558
10.6861633692
10.7655066853
10.9064172818
11.0217522393
11.8578938585
11.9851395873
12.0698408752
12.1634309228
12.2170533711
12.4548407613
12.5416963054
13.3327845546
13.3810656214
13.6017385467
13.833379032
14.0013353743
14.1158347756
14.3138900547
14.4939364913
14.9288638796
138
