6.02471558308
6.02581174586
6.02704630573
6.02943399873
6.0365505754
6.04167181144
6.05001888472
6.07243327853
6.08002522684
6.0888446677
6.09219157944
6.09697913918
6.10530689139
6.1372486734
6.15725518237
6.16504740344
6.17542707059
6.18419764844
6.18609393362
6.19763246292
6.200898531
6.20970220431
6.21535443918
6.22775037616
6.24430696334
6.24681596305
6.2617929089
6.27925303438
6.29220488628
6.30286499921
6.30893370218
6.31960211127
6.32036410301
6.32260803997
6.32419397368
6.33906417322
6.36140863201
6.41735935106
6.46593538518
6.473423936
6.49563884634
6.50682120832
6.51669302859
6.54214905282
6.54784763502
6.55753275891
6.57871631648
6.60120798204
6.65442455269
6.67602898487
6.69305388549
6.71390650337
6.74574627196
6.74936634955
6.76528273027
6.97457404802
6.98593444739
7.03411712466
7.04348108129
7.13373050598
7.23045661587
7.24035858225
7.32655306108
7.35337337299
7.42425468356
7.45598365015
7.49018494739
7.542170648
7.63518164992
7.68643545941
7.69632343512
7.71788332485
7.81447163219
7.84895136036
7.85741674844
7.89865503101
7.98003539326
8.01644377318
8.07916244371
8.10723766799
8.2419074038
8.29265893052
8.35858262382
8.49670888251
8.58299774903
8.61557718816
8.61943675362
8.68968419581
8.69787457658
8.73696667936
8.82370327518
8.86512559091
8.88982088785
8.93139678856
8.9961230498
9.04556396725
9.06429947459
9.18675983582
9.19114179574
9.26591342203
9.35204156
9.38541139346
9.41473960884
9.49227067243
9.58176586331
9.58946043097
9.63794028445
9.7323849243
9.75318630279
9.87354372707
9.90717501405
10.0180563406
10.0463958646
10.1605506575
10.2361465922
10.3148986887
10.382348791
10.7313279334
10.8238055234
10.9557274034
11.0368767249
11.0468878741
11.1895690098
11.2558953497
11.3510735096
11.4148453996
11.474703274
11.5623415249
11.6855397866
11.786562242
12.0446058244
12.162655175
12.2041063458
12.329056291
12.412640746
12.4837311018
12.5997691968
12.6334421406
12.7740554663
12.878386447
12.9401815807
13.7218175503
14.047918839
14.1495663407
14.203144002
14.5666280546
146
