6.01009287501
6.01054490963
6.0112138288
6.014853811
6.02809510671
6.03119493994
6.0340274208
6.04003358124
6.04792307015
6.05586392908
6.29020882583
6.29686518398
6.31039948496
6.31756383356
6.32543468725
6.3381904176
6.48624965051
6.49286768584
6.50095486263
6.51539298251
6.53286721396
6.56540869567
6.56800983669
6.57425654888
6.59235158535
6.62891076278
6.66007892412
6.68427756968
6.69328781386
6.69849369199
6.71641478382
6.72027808644
6.7269616855
6.77776207781
6.80243000265
6.82915181479
6.84870040755
6.85269810103
6.8727477399
6.92647054488
6.93317682841
6.93910635943
7.04001031155
7.06455623883
7.08121774449
7.1000472641
7.13386640451
7.1375657984
7.17247407164
7.51964747837
7.67683449515
7.70218038163
7.76412893287
7.83564022394
7.87771113729
7.89060963835
7.9647724525
8.01247260153
8.06599190657
8.08956300131
8.09500648542
8.15628176067
8.28221035404
8.31425926936
8.37888046258
8.42761327361
8.46589898248
8.48190479337
8.55972272443
9.28560784346
9.33113892484
9.39972923742
9.40723008902
9.45149322466
9.61840939827
9.69266096743
9.77217011772
9.8840175373
9.88992087727
9.969686146
10.03002249
10.1392344824
10.1454438148
10.2311334447
10.3444147755
10.5828132342
10.706786152
10.828914803
11.0296466682
11.1428052425
11.2122320427
11.2712409443
11.2989592758
11.4377163779
11.889548082
12.0456664284
12.0937576611
12.2238502996
12.2505545711
12.2651622458
12.339485602
12.6099583089
12.9552277267
12.9690329135
13.3542787841
13.6211557768
13.8522353472
13.9430641743
14.06375044
14.2725316618
14.3435903491
14.3578276159
14.6174044767
113
