6.00167185718
6.01271158977
6.01941968879
6.03016819347
6.10471281767
6.11415258272
6.12174917076
6.12590936241
6.1359613308
6.14353369015
6.14940260287
6.15274126196
6.16737967174
6.18205573727
6.18969411739
6.19116839603
6.19728215593
6.202129769
6.21716944837
6.25684600468
6.2716736454
6.27240200599
6.2856623676
6.29698343213
6.31571945688
6.33215347618
6.35468116538
6.37141695399
6.38127339665
6.38305588746
6.39879452919
6.40435237811
6.41897592504
6.48311185479
6.5041659656
6.52096247211
6.52924195421
6.55306839891
6.56010198111
6.56242278946
6.56600284047
6.57134722141
6.58315617514
6.60376518024
6.61503389989
6.66899800716
6.67709571456
6.68605203377
6.71806579148
6.73269571497
6.76021195747
6.7681589429
6.78227528293
6.81269335568
6.82651781272
6.87735294886
6.89826419764
6.92046362719
6.93962972449
6.99278922017
7.02916949373
7.05261363938
7.09050181389
7.10209664815
7.15465939624
7.18839551139
7.19757122206
7.22201803855
7.26631585887
7.31030242383
7.32638881701
7.40605305063
7.47825562096
7.49077352144
7.51585448002
7.5620139763
7.58963544721
7.59846926778
7.74409629964
7.7798108232
7.82342297683
7.8499596875
7.88425991351
8.01533918569
8.01987185982
8.05769272996
8.14250202455
8.18152238405
8.23377877079
8.28019689224
8.31060956315
8.31775920293
8.36186138879
8.38026836335
8.43015454116
8.44373623859
8.51147458392
8.53632135912
8.55941478509
8.60292852923
8.6849306009
8.73650708513
8.76234516532
8.78156850358
8.87611469482
8.91640787501
8.97055918332
9.0326314744
9.03807082241
9.0740437251
9.1308320604
9.16203797212
9.16805587426
9.20746368893
9.27929007795
9.34733468207
9.36497976828
9.54466953674
9.5941942759
9.62789021658
9.8512854076
10.0011177088
10.1431953742
10.2114650204
10.2185588244
10.6184948166
10.8666085758
11.067701231
11.195863664
11.3105965218
11.3535321171
11.360932676
11.4478951629
11.6440037543
11.7121374545
11.8543849072
11.8715092684
12.0899357087
12.2163188677
12.3958074273
12.483416303
12.6766509538
12.7455770286
13.0322392919
13.4298547754
13.6103633275
14.4481309684
15.3683430305
148
