6.01020120506
6.01495089132
6.01565644193
6.02073352333
6.02682621735
6.04299152298
6.05683205658
6.06599534346
6.06916505306
6.07123223488
6.07597367055
6.07957753713
6.09079766643
6.09718226249
6.11176056773
6.11657362055
6.13654727354
6.14224557503
6.1479372883
6.16710934979
6.20131711579
6.21543139877
6.2197268452
6.23083546836
6.23797596082
6.25659917768
6.26144582337
6.27500917284
6.2850259289
6.29511078529
6.29833560518
6.31254868867
6.31734688653
6.32130964546
6.3362550537
6.3456908662
6.34950039846
6.36414638026
6.37728067777
6.38685936424
6.40450106128
6.41952123575
6.42101709913
6.43580786576
6.459236823
6.49102319098
6.49726570754
6.51118532464
6.55552165352
6.56648247698
6.58396710194
6.60368973657
6.61136385418
6.63706553968
6.65819131656
6.66514075992
6.674482752
6.6831045616
6.71471092198
6.74184516397
6.76522529716
6.7829836576
6.7959002145
6.8209349665
6.83747793093
6.85407689289
6.88446821836
6.91551489765
6.97336375876
6.98194904333
7.00760938293
7.05053607346
7.06450803425
7.11081629098
7.12747918187
7.44717919013
7.51770703974
7.5965592927
7.61077425151
7.62265411231
7.76954983376
7.79731030212
7.82688766527
7.91436926606
7.95960647587
7.97333655928
7.98555843606
8.0183214648
8.06355775882
8.12565977636
8.35414251899
8.36974050229
8.40940272051
8.44949581227
8.53717932798
8.56309925089
8.5932444723
8.67906597484
8.7639085263
8.82015018854
8.84551726119
8.9157957303
9.24738113371
9.31207615371
10.2079974864
10.3387074394
10.4573836368
10.5301533148
10.7420079682
10.8995157649
10.91045473
10.9895792103
11.1148992528
11.9082191116
12.0683652745
12.0794756987
12.09124135
12.1626517701
12.39557936
12.506861597
12.5870323752
12.6005162165
17.9448543033
123
