6.00256378233
6.01389382864
6.01789269943
6.02066929805
6.03168749356
6.0341457434
6.04066268384
6.04574598915
6.06005987578
6.07042237951
6.0821550379
6.08894770996
6.10499160427
6.11167543204
6.11487859249
6.12327658543
6.1272638455
6.15081490106
6.16575128455
6.16970656374
6.1747182922
6.18163469843
6.18601898266
6.19966242521
6.20742628229
6.21594528158
6.23349323128
6.24533995392
6.25118606635
6.25258170159
6.2634511139
6.34027175152
6.34402293462
6.38135605701
6.40004647594
6.40339239373
6.51077170325
6.52044291806
6.52845693822
6.54127545655
6.56695866888
6.57616291094
6.59440011356
6.61866595207
6.62842634628
6.64194915819
6.64880116672
6.68296191679
6.69181625441
6.71141168078
6.72215717006
6.7321724814
6.74566688175
6.75707187843
6.77870698553
6.78900634362
6.79923781846
6.83227742097
6.85366323735
6.92656881403
6.95205301547
6.95882191486
6.97473177134
6.99593416619
7.0367312395
7.0889425416
7.15929276147
7.16168059051
7.19247255093
7.23854846311
7.34222144587
7.36611039753
7.39621731274
7.42711801926
7.46167295263
7.54957839597
7.56625451424
7.57803723813
7.6191926656
7.62157433297
7.64566610657
7.68749856296
7.73576798248
7.76201428428
7.77438524195
7.81422738221
7.84953576898
7.87588158579
7.99013748735
8.03806647639
8.07681746375
8.19372071063
8.24904408448
8.26059123273
8.27980363171
8.30618740071
8.34292627838
8.36006314111
8.40956728022
8.43596755357
8.73105087254
8.78990416542
8.94550195533
9.06423099268
9.13167672234
9.18336184062
9.22391413701
9.27124579591
9.27568971607
9.34566484253
9.3729642005
9.3934938343
9.42361904531
9.56300334818
9.60650729419
9.65742772288
11.3088368113
11.3707448095
11.4843143834
11.5061533319
11.6218095508
11.7454914881
11.8297915379
12.0877758656
12.219977646
12.2770687562
12.3294454952
12.8754592642
12.9787813325
13.0706052291
13.1386492455
13.3064587995
13.452663496
13.5142112684
14.1725584661
14.4666361049
14.628346852
137
