6.00528478773
6.01097131096
6.017258927
6.02242284628
6.02613724433
6.02926651429
6.05446816699
6.05999656862
6.06806194076
6.07420120476
6.08477745163
6.09010850206
6.11131641294
6.11906620285
6.12249892858
6.1415540277
6.15275290578
6.16779311607
6.17659260222
6.18588339402
6.20415166106
6.21987432859
6.23227431312
6.24053557686
6.31756150325
6.32715141933
6.34146279768
6.36179504259
6.39887837215
6.52630273501
6.53105042208
6.55448221601
6.58871193121
6.59343080498
6.62546714196
6.64582257179
6.71742390907
6.74378368922
6.77401397526
6.78076907815
6.79668147865
6.84047788373
6.84516992414
6.84658267036
6.86199022925
6.87665826781
6.90119927747
6.95977605422
6.97848117134
6.998376285
7.00737520898
7.03213235449
7.07289350038
7.09940932567
7.1221077845
7.15408676656
7.20385306437
7.54511627658
7.56985754778
7.65918717075
7.67787699332
7.73141542811
7.74195736625
7.78318549458
7.80870346996
7.95239185759
8.1335511218
8.14717415712
8.20069959074
8.22300098198
8.29065823102
8.37197302165
8.42395851096
8.47320248681
8.49882071801
8.55279412773
8.78957708953
8.87229124406
8.95476712258
8.9596879582
8.98857519849
9.09320366233
9.1440785441
9.17750452798
9.20098165205
9.20490567106
9.29109480474
9.34748732524
10.5645192923
10.6483554387
10.7108264943
10.9837216693
11.1073610843
11.1702197431
11.2169201207
11.6647663888
11.7335796376
11.7477231972
11.9008210407
12.0261018546
12.2024657373
12.2692122666
12.3364834471
12.4376314072
12.6326377562
12.8033670756
12.9683527226
13.0722789457
13.1963208489
13.386769532
13.7467752911
13.9399626374
14.1167743217
14.132172045
14.4021358186
20.7625654895
116
