6.00906780551
6.0117242503
6.03549115242
6.04032437171
6.08781236843
6.09806756726
6.10396477601
6.10851327557
6.11542258712
6.12471195044
6.13646691316
6.14248792447
6.15507949797
6.1569223654
6.15970002025
6.17130220708
6.18323106138
6.1849236397
6.20049844997
6.21620895757
6.2234311976
6.2328237798
6.26166679633
6.27777184859
6.28548920368
6.30829750697
6.31673931989
6.32772359703
6.37618173213
6.39462095795
6.40604373929
6.40961869495
6.41630293634
6.42164654725
6.42588469052
6.44115997913
6.44835209891
6.45813259442
6.47128136428
6.47794154642
6.53214650687
6.53306356709
6.53688830302
6.55394933206
6.568656277
6.574821657
6.5935085624
6.61045238661
6.66011385473
6.7070082776
6.71837529517
6.74674816609
6.76665349176
6.77844084322
6.7933609701
6.79703466517
6.8132299706
6.82505244949
6.82713973838
6.85791996573
6.85979467962
6.87362190565
6.8885434088
6.91425771036
6.91915986215
6.93207224632
6.93407488897
6.97814985034
7.01962483114
7.04178766428
7.13570100555
7.1501548746
7.18259173602
7.22229885899
7.32591302357
7.3340886676
7.40789459904
7.42223840936
7.43820577414
7.4502487649
7.49482325076
7.50244677665
7.56422474461
7.59340468877
7.62093600109
7.66133860636
7.68835004969
7.69100859037
7.72973027131
7.75126075524
7.77035696927
7.84536759188
7.8808181345
7.92206916659
7.95194491335
7.97349266197
7.98972531665
8.01611089171
8.09955333409
8.34882531624
8.37931753127
8.51887410441
8.56973771872
8.58538853938
8.71568881227
8.74707310512
8.78220986933
8.81032935137
8.93851178432
8.94606034426
9.0328847367
9.06169851112
9.15203203637
9.37979453813
9.42251872791
9.51640013592
9.58048590717
9.63668882446
9.64561803935
9.72904848211
9.76675324709
9.82882602831
9.92572151535
9.9731545133
10.0148383437
10.1246282153
11.2623397666
11.5365004843
11.5915776945
11.8160792414
11.9699288147
12.1346555785
12.2164655653
12.3205546396
12.5420950664
12.5953355859
12.6680429751
12.8387526396
12.9876413991
13.1286556726
13.5649354877
13.7162878308
13.8823009419
14.1812327178
14.2626543136
14.5791972789
146
