6.00232963831
6.00651120795
6.01063749084
6.01638039813
6.02774807969
6.02865741891
6.04529866367
6.0467794602
6.04798991383
6.05534287211
6.06572353873
6.06667970672
6.07582712237
6.07918758867
6.08625547648
6.11346888708
6.11941128073
6.12697839072
6.30715765602
6.34972601729
6.48187857325
6.49651395772
6.52522110442
6.54984937308
6.56145340902
6.58102308704
6.62297385778
6.65821368453
6.66008071896
6.66482056206
6.67405229334
6.69333013553
6.73975861428
6.75425210877
6.76559412674
6.78378869467
6.8079188142
6.82095298335
6.83181141765
6.84333922225
6.85133208619
6.86588811189
6.87494325437
6.89666579748
6.93245857828
6.95106149827
6.9967847498
7.00530342164
7.03473391191
7.05369628569
7.06683237457
7.1179524966
7.14340525075
7.17864725927
7.2913860382
7.29948584392
7.34186486209
7.36550828192
7.47064754559
7.51645199532
7.53152690693
7.53839975425
7.58135201699
7.71937786803
7.74438162773
7.79531712667
7.85086275545
7.89199094484
7.91023551709
8.02077321843
8.05961978138
8.11810063354
8.16367139033
8.5149065158
8.52155980018
8.53935233742
8.56669848319
8.57346774331
8.5914966826
8.60325391134
8.69397002576
8.70786133471
8.73632305476
8.7441986736
8.77075857842
8.81757648603
8.86304944302
9.05129597134
9.57101973916
9.621696365
9.65709987064
9.71411490975
9.76725992202
9.77372193216
9.88196989665
9.9251901785
10.0178582471
10.0706804599
10.0888721763
10.149346973
10.1933378496
10.2659256386
10.3904317673
10.5040548946
10.5309757074
10.5375010651
10.6019924544
11.4208504633
11.5049590043
11.5211783417
11.59872854
11.6812336562
11.7414724239
11.8844056421
11.9285690515
12.4324806774
12.5073143685
12.6296339603
12.7167794557
12.7655447267
13.2679053074
13.3853242896
13.6217340006
13.8825529774
14.2463782648
14.3577141838
14.429416997
14.522780104
128
