6.00545276507
6.01636386717
6.0321783068
6.0370342946
6.04266731789
6.05561121292
6.06343694481
6.07133842442
6.07335936739
6.08691680754
6.09073134644
6.09926149753
6.11414377246
6.11916738689
6.12160549711
6.12852258454
6.13449748034
6.13924025951
6.14475497553
6.15009518251
6.16344019306
6.17641814894
6.17825262613
6.18544052236
6.19126705464
6.19189587991
6.19852779997
6.20295133074
6.21442899082
6.22272981865
6.23599941926
6.24360100873
6.25248616583
6.25695943636
6.27452031966
6.28325127449
6.28437379978
6.28878939873
6.29327356905
6.29676774359
6.30335887843
6.31494263582
6.32302055076
6.32675227378
6.33239187827
6.33713916029
6.35499258905
6.37838304807
6.39010759738
6.39925243729
6.41278792257
6.42690463345
6.43551672407
6.44479726981
6.46490718921
6.46603749461
6.54934184781
6.56118934503
6.57150561974
6.58224431223
6.66075495002
6.665216236
7.13815411271
7.17188272505
7.20473372804
7.25605002361
7.25818628042
7.28531211057
7.30069119956
7.35874179472
7.40330273504
7.41723324549
7.52583716755
7.57564192667
7.6003405492
7.62348011068
7.63480966375
7.65358472047
7.68476682819
7.71825680751
7.7638352182
7.77138583123
7.81902010581
7.87758443776
7.89708133748
7.91129772805
7.98618402164
8.01422414565
8.03387878928
8.05965762501
8.09703844462
8.16796069532
8.18012858891
8.22360403433
8.31419831499
8.38296073186
8.42776308976
8.56953572126
8.61890925686
8.63677436066
8.72240066296
8.73196283812
8.78814300383
8.94533344707
8.95282971516
8.96362793797
9.01725317871
9.08453865092
9.18621399419
9.21734801879
9.29606227384
9.30509422252
9.37920715034
9.42392062849
9.53810813026
9.54457858878
9.57707221087
9.68540259521
10.0669866306
10.3844310576
10.4089401184
10.4821594671
10.5212165338
10.5915803078
10.6638801672
10.7810379022
10.84357168
11.0107883736
11.1745553964
11.2092656044
11.4190685313
11.4301224306
12.179939912
12.2527478896
12.4078897244
12.4928105647
12.596910952
12.6924222895
12.7893999751
12.8900899885
13.0847527187
13.1801612006
13.3800928786
13.6300215413
14.013927601
14.2146200992
14.2785354796
14.5003417253
148
