6.00191292579
6.00986655429
6.01075062451
6.01687697787
6.03210985455
6.03646373868
6.0446841579
6.0576576663
6.06375867398
6.07060768404
6.07646357342
6.08135159045
6.09754373701
6.11312143548
6.12533656101
6.13218874419
6.13509407805
6.14795351
6.15040980417
6.22813482873
6.23840145407
6.26363711585
6.26563255175
6.61119208517
6.63086158729
6.63249028385
6.65308854548
6.67344042289
6.68307420931
6.68654274078
6.71774827003
6.74103678621
6.75370938753
6.78105575573
6.80593251988
6.97503344505
6.9989350155
7.02906297287
7.05380836903
7.07927715025
7.12289428744
7.16702573882
7.21269100682
7.25773132609
7.27545411938
7.28931129497
7.3066200008
7.40754701577
7.43138326749
7.59514616246
7.62422988666
7.65438235342
7.76508356804
7.79252428643
7.8540249764
7.93571684288
7.95812177285
8.00133953422
8.02803367364
8.03227810329
8.03616686
8.08292531105
8.11755905382
8.12385151934
8.17355104118
8.18632340684
8.22004358358
8.23666917523
8.29047337954
8.30698739887
8.32029312886
8.50114360333
8.57990329302
9.01073652275
9.07104597965
9.09323105316
9.15280196136
9.22698769735
9.26694285604
9.35081750013
9.38816982888
9.96523202415
10.0019840158
10.0824655173
10.138542541
10.3079053532
10.4248648867
10.5986261664
10.6885985091
11.5828978404
11.7544768902
11.8701326781
12.0346554829
12.0593266142
12.1523595198
12.2792902603
12.5413233329
12.7300963154
12.8541534798
12.8639748583
13.0956267309
13.1147135466
13.3213165724
13.5189552401
13.5344718071
13.8379245094
13.9663887913
13.9895052224
14.1964452414
14.8584346685
110
