6.00102646328
6.00492255076
6.08325972896
6.08736857234
6.09313611578
6.10701364602
6.15111082909
6.15849687316
6.19472819496
6.25483632197
6.27716012241
6.28209671182
6.28731213342
6.30011761438
6.30479249101
6.36430252601
6.36653952714
6.38369028073
6.39182628903
6.39263726714
6.40668083705
6.45938396517
6.46527986696
6.46991309863
6.47848798533
6.49542894228
6.49797415987
6.53857324646
6.55841783939
6.57646289391
6.59093468704
6.59754459298
6.59882479884
6.61096493342
6.63346497524
6.66006756179
6.67609329952
6.69108457669
6.98019607255
6.99181363978
7.02013332582
7.05569713506
7.05819997202
7.07129547724
7.08591043853
7.11578185106
7.13012458376
7.1485126338
7.19247272933
7.21963703451
7.23718706046
7.30883628369
7.33378468826
7.38901613762
7.39316275039
7.42514063557
7.45696321998
7.54453199446
7.62201826314
7.64250509659
7.66822821005
7.7209060216
7.73379765171
7.76366661214
7.84433361456
7.90134482396
7.96736288292
10.2446737102
10.2912466351
10.4155502238
10.4826511945
10.5698815537
11.0253851217
11.0382049121
11.0500061938
11.1007826283
11.2550463795
11.3435021032
11.481256995
11.8572320053
11.892446054
12.1167683504
12.4277639248
12.5164418277
12.6603480695
12.8583338191
12.9070123602
13.0475033082
13.1964164615
13.2999135119
13.6163653715
13.7270564743
13.9006241181
14.0151443968
14.143709948
14.1616079917
14.2535905707
14.4815971541
14.5602655426
99
