6.0047225283
6.01548927231
6.02899746902
6.03488120837
6.05361033353
6.05430401654
6.06436392086
6.06535982057
6.0737454946
6.11424558971
6.11994265223
6.12177609853
6.13855784074
6.13973056412
6.15057862683
6.15918990364
6.17001129698
6.17352116211
6.18457770307
6.19022630119
6.20091169372
6.21292162391
6.23713767323
6.25681760065
6.5330377637
6.53970120776
6.56071746529
6.57032059284
6.59578282108
6.61014302513
6.63480545115
6.63910051273
6.67104058497
6.68462974345
6.72135104237
6.74718886264
6.76427558036
6.77964783898
6.79657066443
6.83904332347
6.85974487643
6.93136829139
6.97400720208
6.99881419871
7.03648256675
7.04909213973
7.05328483025
7.06536787115
7.1570485387
7.18398458223
7.1977457069
7.22786958892
7.46262804199
7.49560146399
7.59770966168
7.65043297954
7.6555822299
7.69469214769
7.7080888847
7.7240337914
7.72691643399
7.73119205914
7.74770801227
7.80835818642
7.96380092154
7.99913689445
8.07583518239
8.0910323903
8.13105918009
8.18843259471
8.21906007141
8.25308466556
8.33697658116
8.40477412936
8.43290643889
8.46820003402
8.54257557723
8.57717784353
8.6290233941
8.6863486058
8.84131389358
8.88149313567
8.90353731672
8.9789922616
8.99420175846
9.00029164582
9.02931340585
9.04433915481
9.0588273623
9.08589033556
9.11716103044
9.12231500617
9.14620171508
9.22160053143
9.24301253362
9.31479201282
9.37086757856
9.38043181542
12.9158949437
13.3462311752
13.5187947977
13.661380611
13.7076550983
13.9242947295
15.1332194407
105
