6.00472194324
6.01011644282
6.01619574594
6.02025870175
6.0298181584
6.03528121865
6.04579701122
6.07151791807
6.07730352743
6.08457406253
6.09627365702
6.10350257408
6.11258310696
6.13298397477
6.1438435169
6.15248122017
6.15990699467
6.1670102125
6.17975357774
6.18621570685
6.20736331921
6.24390324773
6.25705629427
6.26876726857
6.30352245623
6.33520637874
6.33599191137
6.36854601282
6.37622007654
6.37737639861
6.40003319904
6.41709030285
6.42173510301
6.48007320725
6.50104004542
6.50503675793
6.72117169378
6.73310693198
6.73655718554
6.77572223457
6.77915940849
6.80975867488
6.81997839687
6.82731915199
6.85737544895
6.99756301423
7.00188848397
7.01933445309
7.07339570032
7.1019829392
7.13621168727
7.16537920307
7.22377851987
7.28609071507
7.31499425833
7.37765565531
7.40779568353
7.4607582379
7.50004353811
7.52655903737
7.55305360502
7.60244034057
7.66572072096
7.69105713287
7.80058821817
7.83997132469
7.88957284244
7.9753488146
8.02162812082
8.06037604897
8.1404843486
8.18812482973
8.51010486109
8.53323801719
8.56872919492
8.64118890194
8.66438617088
8.73821375036
9.37795750928
9.5497243278
9.59978217939
9.70210189466
10.0652788825
10.2478399237
10.3401387919
10.3634019882
10.474884368
10.5737003439
10.6353618983
10.7500349017
10.8276936397
11.0517172167
11.058343045
11.1642681104
11.2388125667
11.3364676643
11.405898753
11.5581814581
11.5970340293
11.9861400307
12.1515227812
12.2745969504
12.3745268484
16.5701025261
104
