6.0089484572
6.00941745843
6.01861134517
6.02605443836
6.02672860388
6.04812732869
6.05629107114
6.06391733391
6.07751288445
6.07916414685
6.0875876472
6.09000028309
6.09579915655
6.10853641275
6.12070363832
6.12340252078
6.13273329139
6.1341380675
6.13995630384
6.1502504645
6.15148657751
6.16869018562
6.20771560146
6.23338131641
6.23890062901
6.31051597438
6.3195700269
6.32740109411
6.34241047117
6.34402821132
6.35558575323
6.36739411552
6.38279885336
6.39109046375
6.40954359146
6.42499615727
6.43568172458
6.44896345845
6.45490476279
6.46170667238
6.46828031446
6.47372945926
6.48856354421
6.52065676659
6.52643537237
6.54584894629
6.56725119873
6.64867477839
6.66012511147
69.1889738466
50
