6.03050753647
6.04122509189
6.23641886975
6.25054580561
6.25880825014
6.26335053996
6.2947234185
6.30152113663
6.3042671656
6.38417336871
6.43115075481
6.45405590125
6.46438107735
6.47399267473
6.47808413701
6.48017349011
6.77599844633
6.7840126584
6.80795339696
6.82029328489
6.85108605745
6.87959145431
6.89184920344
6.91584894893
6.9174907272
6.96907286304
6.98192969255
7.04347376615
7.11622722371
7.15675609956
7.16207784818
7.22381229583
7.23800209665
7.26829064536
7.27989846904
7.32852570224
7.37073004569
7.46707494186
7.56212105009
7.59552746429
7.60452555154
7.66219770567
7.68838381058
7.7089787303
7.74754212966
7.80784506082
7.84108532923
7.89812638907
7.90152518885
7.92758373256
7.95592206241
7.96747369312
8.12560348968
8.17257376353
8.20010011219
8.32975531064
8.40633687609
8.49455972003
8.66289803857
8.71920860871
8.75238434793
8.79840237606
8.81984254999
8.90350488246
8.93225971585
8.9861175592
9.03011002529
9.03516843026
9.06050824346
9.16389092959
9.20761416654
9.22807210685
9.30153024265
9.42663149829
9.49356498935
9.57050297759
9.6273698051
9.6400775989
9.99276019573
10.0527154725
10.1593761454
10.4941339297
10.6265114826
10.8352244008
10.939799752
11.0459061985
11.0595703319
11.1217868511
11.1991014572
11.2605185791
11.2706147283
11.3791484325
11.7642905156
11.7864456768
11.8620866581
11.888237573
12.0135798717
12.0480553134
12.0808455514
12.1395587772
12.2268011559
12.2769288071
12.4337722483
12.4427575414
12.5975456241
12.653714874
12.7178998186
12.8517087324
12.9559423724
13.0394194422
13.1417056449
13.956463347
14.3499148001
14.3781411023
14.3941043671
14.4183376537
14.6479441725
117
