6.00676826802
6.01004821446
6.01867867979
6.02672469056
6.03093455573
6.03751310045
6.05316497617
6.06808945827
6.15082810407
6.16344870129
6.17043362207
6.19551524877
6.20092575348
6.20727540048
6.20999640418
6.21409347586
6.21504306693
6.21927768789
6.22610537442
6.25808682789
6.27579624504
6.29133321368
6.29929146098
6.32236473597
6.3266736308
6.34365088722
6.36209358466
6.37000826314
6.38826527933
6.41409812402
6.41687185076
6.4270314171
6.43187494363
6.44630975177
6.45738567828
6.46671111809
6.4947209381
6.49753354847
6.50601326325
6.50701035876
6.51231171107
6.52533604999
6.52970866151
6.54208286758
6.54756326114
6.56022278873
6.56414752563
6.59610722022
6.65283580562
6.65570362903
6.66705621747
6.71619863628
6.72374072613
6.74143088635
6.75738155266
6.78102684331
6.79637876021
6.83455913963
6.84759670184
6.85895145652
6.89780193032
6.91614310581
6.93278739675
6.9425296908
6.95893977755
6.97019754526
6.99381108327
7.00699283304
7.02639980593
7.05001717023
7.06501352708
7.07541386214
7.07999200784
7.09014286331
7.13271165811
7.14797932105
7.17747340133
7.25018805474
7.29124202518
7.31409292541
7.32929867163
7.34023115339
7.47148887804
7.49724760263
7.54130902533
7.56014280256
7.58468824176
7.60562890547
7.62304636192
7.85529661367
7.93783723313
7.98577811937
8.0385297107
8.82466599483
8.88027848631
8.88655443627
8.93189360448
8.9390724037
8.94399514791
8.99450616279
9.07630145507
9.31897682543
9.38593156863
9.42105428448
9.46458983316
9.5478560688
244.395122087
107
