6.01526530822
6.02036864093
6.02385689277
6.04804252988
6.05879914831
6.06534702886
6.07380661686
6.08796207164
6.10049627248
6.10796474589
6.1177449896
6.13243395325
6.13752181352
6.14385804624
6.14664750309
6.16000145579
6.16119908136
6.1661611921
6.17138232034
6.17510634294
6.78050257623
6.80855565267
6.83290714951
6.86368862893
6.86884324544
6.88309679546
6.9228842874
6.92990136804
6.96705636868
6.99957111824
7.01212488389
7.02963379738
7.065399374
7.10662790791
7.14509260878
7.17336258331
7.21971232014
7.22250202134
7.27296221648
7.28394551535
7.30925324743
7.3229690115
7.32859829432
7.46631090606
8.09716782544
8.11883113033
8.12416357049
9.15925374014
9.23358405132
9.28330245197
9.31445064116
9.387752354
9.51416633924
9.61183343122
9.65307511217
9.72516042867
9.77351932343
9.99586102459
10.0845060775
10.2305882395
10.4686826092
10.5859932893
10.6058806821
10.6600458407
10.7858032421
11.0262024929
11.1421648875
11.2473373945
11.3512899713
11.4682490145
11.700552627
11.8515499052
11.8732338029
11.8923629598
12.0046448613
12.172589903
12.3183114698
12.4986323339
12.6342250692
12.8569254818
12.8870856394
13.1451094167
13.3649419025
13.7107018264
13.8088137543
13.99382415
14.0082469701
14.3975281374
14.454375824
14.5551706893
90
