6.00894413509
6.00959807715
6.01796098736
6.02719800699
6.03626663548
6.04339432153
6.04791891335
6.05113357115
6.05571176069
6.08080651026
6.08783253019
6.11480514734
6.1193020323
6.12866474251
6.1351579291
6.14758817012
6.15024515491
6.15847468781
6.17175986301
6.21502734997
6.21707328405
6.21986472956
6.22883301203
6.27690944001
6.29162490853
6.3084962002
6.3145004667
6.31630070502
6.32435761043
6.34565697782
6.34766044131
6.35083198589
6.35868591818
6.37745028689
6.39189581151
6.44577876928
6.46481858755
6.46649645894
6.47544237506
6.477318176
6.49933079044
6.50098550722
6.51825417241
6.52179372828
6.54303945373
6.55537275816
6.56032553885
6.584461314
6.61867944741
6.62968175712
6.63137494093
6.63355217435
6.65047738843
6.66380652533
6.67718924062
6.70207355807
6.72477729777
6.73947551007
6.76654714212
6.77952394172
6.7835999353
6.79072303104
6.81007851427
6.9502791879
6.98427940251
7.01195633089
7.03460812651
7.06521950203
7.08137074717
7.10755565932
7.15688907899
7.19606949572
7.22102609151
7.23834131078
7.26637575365
7.27727746077
7.30572767052
7.33297215062
7.4023648961
7.44005673063
7.48227667067
7.50955540411
7.55076613023
7.57970983472
7.63931096129
7.68012814657
7.84462973377
7.89899274585
7.97536139214
8.04708561288
8.89461840057
8.95477119578
9.04536552497
9.06611312827
9.27143459574
9.48267526063
9.57831469498
9.62701978382
9.68985929607
9.8074750717
9.84584149088
9.96747803476
10.0185372845
10.1309168505
10.8164356844
11.0860290071
11.4582626086
11.5728160668
11.7074517879
11.7148022169
11.7352192524
12.4373477538
12.4787963542
13.8476080428
14.0254354125
14.2463295349
14.3660130985
14.4887811094
14.7967433075
119
