6.12553272821
6.13925801122
6.14422513716
6.15527954491
6.17162311047
6.17277078382
6.17785504429
6.20854863619
6.21411930387
6.22683981564
6.24369338881
6.25022614654
6.30050006072
6.30962766817
6.33133471505
6.34019527091
6.40279516646
6.41380971318
6.46391091721
6.4706405929
6.47224742502
6.47983741409
6.48270348537
6.49033787734
6.50358348576
6.51255936686
6.53125969891
6.54225590741
6.54815493867
6.55350628134
6.56395233113
6.57305535482
6.65466148532
6.68307207344
6.70272016402
6.7103574707
6.71198027862
6.72562585138
6.76156842886
6.76403847166
6.84134630041
6.86319419285
6.86440108253
6.89205912714
6.95702265151
6.98962911363
7.01662320404
7.05179192026
7.06455625893
7.07724276876
7.10058284167
7.14849270638
7.16886960452
7.18818628105
7.21204679208
7.24801014716
7.29431845631
7.32468067334
7.33638551537
7.39739291087
7.42178577745
7.44651393805
7.45696079574
7.50064255333
7.5389372994
7.56514372616
7.58578835139
7.62302189733
7.67383182755
7.6957393957
7.7433080665
7.7494505685
7.78453730372
7.79560027201
7.81986764868
7.84721767463
7.85071366709
7.93364376942
7.97258836587
7.97740962044
7.99859667084
8.08551546293
8.14596151396
8.18454077934
8.23783670477
8.27569383959
8.34364546576
8.35836124342
8.44525223422
8.48911214415
8.53204491998
8.60305105362
8.6263457675
8.69848042824
8.76282718741
13.1863556338
13.4061204112
13.5624673528
13.7672961961
14.0442809986
14.069488095
14.3528482847
14.6211535168
103
