6.00235441433
6.00410310865
6.01396526266
6.01736910786
6.02232258209
6.03421140865
6.0439410101
6.05553625824
6.05811212349
6.06871608631
6.07120286408
6.07938050146
6.08244814296
6.08309349419
6.09567594726
6.10094627799
6.10678239816
6.1132561594
6.12376978731
6.12453095403
6.127809274
6.13624629915
6.14990671869
6.15480713353
6.15942251214
6.17601316147
6.18820181261
6.20799574759
6.21434458835
6.23154177216
6.25128140861
6.2738818883
6.28897671301
6.3100153735
6.32111832663
6.32774050369
6.3383108235
6.34619667185
6.35417800495
6.36340481825
6.37204372156
6.46607408558
6.47303202418
6.49522852476
6.5143025743
6.54774458375
6.55968348198
6.57132778638
6.59417634482
6.60689293239
6.62460209177
6.67308170982
6.69267262577
6.70951879723
6.73093120917
6.74443775467
6.76196073576
6.77679104008
6.79752802368
6.87256143531
6.88380125012
6.90250372576
7.25633151129
7.31848150938
7.34577438837
7.34820829479
7.36943649925
7.43240456987
7.52511529816
7.54143294765
7.65418094021
7.67587387243
8.18716403981
8.28974446247
8.31942490231
8.37212207805
8.44128318734
8.47101172272
8.49144431494
8.49705347659
8.5253768851
8.56346786556
8.63363692487
8.73239260928
8.75117567058
8.77311436671
8.79841501485
8.81338669603
9.146329519
9.24883360539
9.63328981137
9.66790361691
11.5422896328
11.6314807464
11.6467510859
11.7645818221
11.8186786875
12.028805363
12.0718203088
12.1223451841
12.8698425189
13.0762852262
13.4014955284
28.8111276429
104
