6.00089710896
6.01344645808
6.03498373172
6.05907063376
6.07016484345
6.08078455786
6.09179474872
6.10014936665
6.10247713905
6.11254526646
6.11901652368
6.12407780296
6.13219948785
6.14694274259
6.15275262486
6.15932615943
6.19991584783
6.20903096028
6.21195676058
6.21959382282
6.22159900121
6.22601954062
6.24656033762
6.28146666166
6.28254102355
6.29577660909
6.30041968408
6.37077301222
6.40398918266
6.42084143482
6.43952011641
6.44090661709
6.45390761956
6.46268832487
6.47169418159
6.47630085003
6.53564588378
6.62895211624
6.68966973621
6.6963558458
6.78586913053
6.8092045097
6.81729386067
6.84209416638
6.95613580788
6.97231336216
6.98943216991
6.99778887103
7.03219867715
7.03593414744
7.06566422094
7.08473255636
7.11356435403
7.30448793101
7.33634896286
7.34612805847
7.374789942
7.38899566341
7.50145788467
7.54190631331
7.56425430654
7.61959571835
7.65021940745
7.73363595495
7.77696074155
7.83811581626
7.89723540032
7.91232225758
7.93582766522
8.01184540303
8.06930731527
8.1329586077
8.14820309961
8.17668391098
8.35060672706
8.35631582301
10.395829006
10.4755209154
10.6085192622
10.6649538623
10.7322650332
10.7578905805
10.8007654121
10.8758299332
10.9188216444
10.9963721974
11.0986316406
11.1564240911
11.1834739584
11.2419060625
11.32264817
11.4113296459
11.5235436096
12.3746100116
12.4266352617
12.5115875132
13.3785912721
13.5072673887
13.7701286268
13.9160805819
14.581804804
101
