6.00255431505
6.00738947459
6.01432107007
6.02857143324
6.05020477099
6.06103452243
6.06242774885
6.06852381202
6.07413807155
6.07926372746
6.08677954
6.09419497773
6.10541500739
6.11615018244
6.12556757843
6.12759172496
6.14779749144
6.1533543826
6.16330953744
6.16607105445
6.17360736137
6.17965045826
6.18571954593
6.29774150443
6.30498657891
6.3871387641
6.39708910091
6.41777840288
6.43435479689
6.43879514045
6.44569823835
6.46168866893
6.47365270497
6.48397659531
6.49580648159
6.50906118629
6.52239598371
6.53248537435
6.54905877204
6.56939531918
6.57474228029
6.59581316645
6.63072461282
6.64855477469
6.65558103488
6.67852889629
6.69294317905
6.72080143791
6.73496588778
6.74478302866
6.7524784404
6.77745801751
6.78809692218
6.82760287032
6.83421683005
6.85087016392
6.85993593427
6.86140899729
6.89464474449
6.9362102999
6.95193020035
6.96102125242
6.99752611448
7.09185678061
7.09627442641
7.42237571709
7.45672493033
7.48792144374
7.522099962
7.57754961328
7.6718376803
7.71474288028
7.77051996594
7.79603327721
7.82396951408
7.87415544526
7.93678541257
13.3439008477
13.4385737249
13.4768438441
13.5627367846
13.6667414326
13.8586328102
15.5579472972
84
