6.0230922261
6.02692409736
6.03547248728
6.03834028674
6.04270858586
6.04890410035
6.05218951441
6.06248798111
6.06947310837
6.07911129091
6.08630181825
6.09166301493
6.10191511208
6.11366565653
6.12779963358
6.13496677536
6.13920838147
6.14181043454
6.27604687106
6.42347314608
6.43336916494
6.44680282625
6.45806586344
6.47437277772
6.48493428452
6.49973786677
6.50713787171
6.51737729385
6.53400628483
6.57197754889
6.58505988977
6.60205165121
6.617274903
6.62483212604
6.65090101601
6.67046297659
6.6719095177
6.73670473331
6.75487377563
6.76530975825
6.77368360351
6.80245678282
6.8207668292
6.82567954994
6.85481886072
6.87504811486
7.0397210917
7.05295990181
7.06641507609
7.1040987069
7.14660593985
7.17162839218
7.22052366951
7.29441906824
7.31893447437
7.36877562163
7.44585752587
7.48110374366
7.50702237334
7.57483501925
7.6483750748
7.68718592019
7.7456359405
7.76140948082
7.78104188819
7.81371516008
7.82315706214
7.87656938577
7.88141526198
7.88968599325
7.89287180577
7.92767527389
7.95431545555
8.00123695607
8.05514266211
8.06084178096
8.07343137446
8.08196601508
8.10406391451
8.1403946523
8.15887597174
8.18975479435
8.21374143376
8.35176955513
8.43926218079
8.4743484062
8.62714601171
8.65458041447
8.68652648058
8.77285850145
8.79182288776
8.7965983615
8.82900500678
8.95715485115
9.01046922523
9.0831908521
10.3238072357
10.3297854355
10.8321139311
10.954254496
11.0719900552
11.0806361006
11.2247141668
11.3414098994
11.3492908266
11.4401445486
11.6882595751
11.7821598507
11.867663108
12.008952664
12.1076849598
12.2182128984
12.371785704
12.657895264
12.763351917
12.7728214814
12.8220642229
12.9599527488
13.1231043462
13.2520426788
13.3901579281
13.4674923038
13.6927838608
13.9092514593
14.1273663726
14.4456456459
14.4707265126
15.2296170504
128
