6.00365830641
6.01299304247
6.01880960663
6.03757895003
6.04269084138
6.06164492772
6.06760370182
6.07480077221
6.08921057767
6.09945552904
6.10202876431
6.11602986604
6.12828219563
6.18527472729
6.19063102389
6.19619041306
6.21964113439
6.23402885242
6.23752949342
6.24388158525
6.24866084568
6.25712527579
6.25915299687
6.26404037639
6.27270045061
6.27894237954
6.29079675277
6.30951297639
6.3295892118
6.34853045848
6.35486573166
6.36367597974
6.37741441317
6.39742934849
6.41263767919
6.41521771948
6.42908923347
6.43290629474
6.44549600111
6.45137392911
6.46719573553
6.48988813986
6.50142723546
6.53653170565
6.92049568913
6.93022712316
6.96123551911
6.96615820604
7.24116121631
7.27937667713
7.3036848797
7.34009514952
7.35331375148
7.37402507335
7.37604955364
7.38273101537
7.55309362696
7.60664323938
7.78317675553
7.85650035052
7.87660902326
9.73725259692
9.90448884591
9.95757983715
9.99508435836
10.0275842459
10.0968608094
10.1298266392
10.1939915418
10.6697598211
10.7216694327
10.728379933
10.7362320427
10.8339541191
10.8873677788
10.9351019645
11.0088572327
11.0242511349
11.06239673
11.1308562955
11.2292971566
11.2979471734
11.419092501
11.4871595429
11.5589335683
11.7192111579
11.8487906253
11.9517040279
12.1634066649
12.1863230748
12.2274090885
12.3464554598
12.5375256698
12.607916381
12.6660864099
12.7194181776
12.7671353049
12.9544134096
12.965185258
13.1626938522
13.2299829162
13.3946113687
13.5916462231
13.6895611611
14.2633328763
14.468043699
14.4997267847
14.8530955513
108
