6.00699966544
6.02128106016
6.05021019233
6.05936229188
6.08101581087
6.08493370075
6.08603503693
6.08912634162
6.2052997529
6.21153247452
6.21656125357
6.22771336429
6.23684540583
6.24389957031
6.25051323573
6.26419323585
6.27739931809
6.29166073393
6.3032037209
6.30963814024
6.31256812083
6.33106867771
6.34200350606
6.36295932902
6.3665469625
6.40055142215
6.41750943164
6.42129240388
6.45023421224
6.45376384138
6.46519352429
6.47381229746
6.50499231054
7.67678067016
7.68566339723
7.76786864675
7.79784604162
7.80107619532
7.81021655142
7.86031532484
8.04726979703
8.07065083031
8.13549017118
8.15141991547
8.18941657553
8.19937207101
8.2650078417
8.31858372316
8.34623215854
8.44719703444
8.50748634982
8.56911088891
8.59868691245
8.62623661736
8.67683216094
8.72831635355
8.78018971339
8.79473794032
8.83624974292
8.8600881418
8.86404948153
8.88529213199
8.91261499979
8.99226134148
9.02330133584
9.09487585045
9.13573150661
9.19614658991
9.24476929983
9.30487785463
9.3775234649
9.48492918282
9.80867460647
9.81336580762
10.1297762029
10.1605364862
10.4700322398
10.5415903124
10.609179925
10.8166406603
10.9667489676
11.0713578872
11.1210276422
11.1742102142
11.2458445253
11.2979010784
11.3809154327
11.4810298142
11.6403475324
11.7488145199
11.7950149838
11.9669692807
12.1395175278
12.2734262942
12.3909788834
12.4321821984
12.6477657069
12.6660748904
12.8194893354
12.8309647952
13.0698041888
13.7534554203
13.8381796038
14.0038340813
14.1269452515
15.3570751158
106
