6.00412741527
6.0071190156
6.03304547353
6.03409218631
6.03754081604
6.04240222583
6.67969980954
6.6982382111
6.73317179834
6.76232210939
7.05597097554
7.06522375983
7.09861173211
7.13471614999
7.15638939467
7.16704573325
7.16991461672
7.20061385159
7.20406929205
7.2242396098
7.29402843627
7.34118540487
7.37904194486
7.41844309489
7.52441277469
7.62465690395
7.63721223944
7.65032953899
8.17723528488
8.18278404942
8.21732119109
8.24094572328
8.24771658852
8.26894145809
8.30061680771
8.34353013743
8.41124087287
8.59098749011
8.70694675615
8.78817869538
8.86276142009
8.88703477941
8.92049227341
8.93976265932
8.96410348326
9.02710800934
9.07652979935
9.17787545448
9.18202756347
9.22574892766
9.23355052952
9.29076108137
9.30173946346
9.36496626528
9.40645569015
9.44130468252
9.48675151003
9.59654960906
9.63049817398
9.72730369517
9.93700700812
9.96735748477
10.0283997758
10.0675447225
10.1672500082
10.2421353143
10.2743243109
10.3568100856
10.464980116
10.5228151275
10.549324682
10.5830032421
10.5946293537
10.6505498848
10.799288558
10.8743870731
10.9733338832
11.0445926066
11.233036436
11.3365423595
11.3798687994
11.4644532164
11.5139384208
11.6426015248
11.7128200199
11.7492454523
11.775369006
11.8404081161
11.8913101772
12.2282155887
12.3412718258
12.3807625745
12.4941995889
12.5777003878
12.6031537854
12.7061142756
12.8053008503
12.8806886703
13.0866325787
13.1795856164
13.3543269907
13.5334227794
14.3084751561
14.4135603555
14.506253686
105
