6.00204876121
6.00318790579
6.01044984924
6.01398111281
6.01512120381
6.02988312066
6.04088205621
6.04631513925
6.0512034399
6.05825935393
6.06472703323
6.07712041298
6.08319469766
6.08502098463
6.08609282763
6.09812593609
6.11004485053
6.1211658447
6.1321780719
6.14681078978
6.16032233512
6.1825619232
6.19074003656
6.19440871384
6.20001726581
6.20500164738
6.21157265176
6.23095486833
6.23630271929
6.24578356796
6.27633431879
6.28690448115
6.29378166296
6.3014817358
6.33225956107
6.34183469669
6.36345833736
6.36827389712
6.48995491209
6.74598523194
6.7756537378
6.81257797611
7.29117359646
7.32084281669
7.56117895744
7.57303667369
7.60798297021
7.66021580977
7.67159816245
8.01433356156
8.03770501805
8.11431834674
8.12073345699
8.18104512406
8.22998965974
8.29092333471
8.46484375096
8.50071284476
8.59873021456
8.64852229651
8.65336938535
8.73277103727
8.74959842666
10.0666536517
10.2065832467
10.2958510476
10.3591040992
10.4106202095
12.5101178822
12.7189930264
12.7820266146
12.8357715408
12.8926272824
13.07373342
13.1914537395
13.3050247842
13.3604521617
17.0672092087
78
