6.00775679083
6.02322786796
6.04912787927
6.05732606143
6.05918118689
6.06375077273
6.07405466725
6.07736610959
6.08777094993
6.0884918193
6.10073599326
6.10511915056
6.1068733641
6.12268416731
6.12714300265
6.13833613441
6.15781185911
6.18003384912
6.19361938807
6.22262449571
6.24579781366
6.29420926585
6.2978742424
6.3079283281
6.30903839421
6.31151820854
6.31251170551
6.31510749784
6.31721869868
6.33804376881
6.34195532635
6.36060630044
6.37455554717
6.38479341275
6.42470630964
6.4311647282
6.44515800175
6.46293655093
6.49227157129
6.49766755699
6.52531214921
6.53988982386
6.55161964158
6.93739414392
6.94167040735
6.9768307848
7.00248746762
7.02185257823
7.03080493882
7.1174161702
7.15538246398
7.19071285017
7.21718767043
7.24582280188
7.24799998134
7.35012347687
8.74668802408
8.80237901839
8.88303777112
8.93811161464
8.9814556817
9.05255388411
9.08794787128
9.13091610236
9.18303622119
9.26154342469
9.30960653182
9.40308737712
9.43197343931
9.43671342438
9.50602495274
9.5333154527
10.4540284847
10.5184557982
10.5806168507
10.7427358177
10.781866803
10.8558959377
10.9286508939
10.9682380836
11.1430754022
11.3092737894
11.342022748
11.3788611809
11.5437441288
11.5510027971
11.625496377
11.7121608738
11.7867030108
12.2308069695
12.3343361788
12.3622016784
12.6954840958
12.986696793
13.5786259848
13.5902019279
13.7722609966
14.9010004929
98
