6.00149313557
6.00216266002
6.01509834834
6.0233165031
6.02956192262
6.03258990816
6.03522444569
6.03927358402
6.04573439066
6.05186970977
6.07785791882
6.09445405965
6.09502174116
6.09933146049
6.10940056344
6.12046058881
6.12109076748
6.13643267822
6.14340691279
6.20773473198
6.21610328653
6.22297712299
6.2440672941
6.25207431677
6.27307849916
6.28341292969
6.29385076725
6.31461577382
6.32239965144
6.34466994805
6.35147179447
6.36193591269
6.37938462572
6.3907208969
6.39668775912
6.40994657529
6.41942230778
6.43692906357
6.44598516424
6.45654257631
6.46530857839
6.47707440219
6.50388571276
6.5546825956
6.57457411237
6.58746752374
6.59703682869
6.61004674653
6.63968105425
6.6484395809
6.65514777375
6.69862032562
6.70400156202
6.71725343707
6.72454478255
6.72927709934
6.73844274427
6.75097779843
6.75226952521
6.76614699743
6.79173853299
6.80356668792
6.82872229388
6.88356189627
6.90538091064
6.92948505762
6.95820283622
6.98869943459
7.02149110426
7.08445721274
7.08869807305
7.12171664216
7.15741116084
7.19688323844
7.21424176097
7.26586314584
7.29888425622
7.31949996834
7.3295775826
7.35805840349
7.38533328218
7.4475889484
7.49546683375
7.50470620363
7.54173476775
7.69189574159
7.70838769072
7.74214933093
7.76237466619
7.81607418876
7.83180982464
7.87193006877
7.89860750652
7.95517371943
7.9986860559
8.12653332837
8.17992626341
8.22265439648
8.23735601765
8.28438868021
8.32279076864
8.38066207956
8.48890998413
8.52080394791
8.52873834245
8.55676917734
8.58983967146
9.01519680723
9.08281734685
9.29546313879
9.31355500446
9.38901667231
9.49113180524
9.59442815136
9.76284035533
9.83811314222
9.86371706756
9.91916215609
9.96617957285
10.0503775733
10.2294714181
10.3596494545
10.4008005107
10.448077263
10.5103456899
10.6875515832
10.7686446926
10.8046406924
10.8419207755
11.0067676689
11.1928813967
11.2889573474
11.3267080811
11.6612331408
11.734758615
12.1493531606
12.1737786819
12.3497090412
12.5305193164
12.6295352027
12.8338553234
12.8847038993
12.9904183822
13.037665396
13.0978525013
13.1721865767
13.634552043
13.7066039421
13.8809284593
13.8934359207
13.9377194068
13.9869622656
14.1950740358
14.2432145312
14.3293654625
14.7624489645
156
