6.00176624506
6.01191884403
6.01378154628
6.02730377671
6.03931971642
6.04429436672
6.05209064167
6.05588072518
6.05727415815
6.06086494
6.06744644657
6.07915908939
6.08008188905
6.09557160431
6.10365864262
6.11645185334
6.12040927558
6.1270273689
6.13295368471
6.14079076413
6.14234191561
6.1485091938
6.15966969895
6.16946655799
6.17986691482
6.19009307185
6.19562534986
6.20614909618
6.20856917314
6.22287031503
6.22366853758
6.23360601819
6.24285040719
6.25086944321
6.25734975348
6.26447013092
6.29602363406
6.3238642687
6.33611047424
6.33750757377
6.34822282271
6.35072973414
6.45739286032
6.49236260655
6.5004680984
6.5297593234
6.53779760318
6.54390707224
6.59949639887
6.62173269215
6.65416696447
6.65545910174
6.66063455521
6.68240394187
6.68927130181
6.70843913631
6.72826473301
6.75128638608
6.76115902232
6.79816056937
6.81932760899
6.84556500885
6.84679105295
6.85724603032
6.96086989451
7.0044126832
7.05833666232
7.06802002483
7.09106532535
7.1005904406
7.11940484344
7.13180024969
7.17093536636
7.19566805784
7.22463771759
7.2528572222
7.28433043085
7.35325729279
7.37906660213
7.39609091962
7.47166856503
7.47974423001
7.52494966746
7.63597042822
7.68513413129
7.74816144756
7.75951036786
7.76708340812
7.8219882475
7.89078323901
7.95974002893
8.04789517311
8.08645528864
8.1287287163
8.17642724879
8.22132552032
8.2500208807
8.37816691693
8.40074215662
8.42364381868
8.44799520899
8.61736652027
24.3069998278
103
