6.00372585758
6.00846256377
6.01437110009
6.02082005179
6.03298503934
6.04120769973
6.05614026801
6.06052539159
6.07320700541
6.07625421195
6.0969818497
6.10173795462
6.1079604149
6.11431417231
6.11566345303
6.12289278934
6.13310709416
6.13680129818
6.1481246837
6.18435686263
6.18997968245
6.19417931498
6.20882484543
6.22688275123
6.22937144109
6.23662104831
6.25892999449
6.26371854683
6.26742525379
6.27685170253
6.29873174913
6.31623134847
6.3173532808
6.33098229603
6.35061209188
6.36644065851
6.38280085442
6.39240760374
6.39761999497
6.40413832722
6.42290699583
6.43065046406
6.43977555825
6.44293842582
6.47546652908
6.47971484797
6.50173291004
6.51998440468
6.52953196497
6.5469168372
6.5600795537
6.56359759476
6.56888326815
6.60001519938
6.60655341155
6.61775781786
6.67621481453
6.69581823162
6.7139425195
6.72069090332
6.73977108832
6.74261422198
6.81902145843
6.83455084623
6.8588538741
6.87644057442
6.905813741
6.96588883263
7.02283994016
7.06328241502
7.07036406883
7.11139870138
7.12659890004
7.16193474142
7.2673223316
7.28741220925
7.30208254321
7.30411981108
7.35160038712
7.3795927048
7.40486953334
7.4084411421
7.43733181322
7.44580084755
7.48707384698
7.50578299389
7.53351276339
7.55174359772
7.59280242894
7.598263453
7.62156093329
8.1371586516
8.18604746246
8.20719670385
8.27329410124
8.30877411131
8.34836853765
8.43218555658
8.50528743648
8.51545725352
8.58460989999
8.65324836547
8.7851937868
8.80422877117
8.84470140757
8.90880497883
8.99552440538
9.01526814054
9.06164056914
9.12142676751
9.13869479389
9.21481271245
9.23938368802
9.28237901222
9.32713074411
9.38186603725
9.4125295434
9.42418638938
9.60058278902
9.64124205535
9.72272520064
9.90560523186
9.95182533276
10.3741946516
10.4266121949
10.461436219
10.4967805694
10.5680151041
10.6383129105
10.8612248953
10.8767635918
10.9767977623
11.0653031567
11.1341219809
11.1844419295
11.2805198148
11.4127091643
11.6192328481
11.6767964129
11.8568761417
11.8894556754
11.9465338155
12.009368292
12.2144903626
12.2469956992
12.3403014253
12.3966325561
12.4248887
12.560374752
12.7014858773
12.8220680587
12.8801113208
12.9854732397
13.0959130769
13.2118251235
13.2989125897
13.3091201894
13.3876301686
13.6602549861
13.6862846363
13.9264435174
14.0190335154
14.105394737
14.1999637954
14.5862353354
165
