6.01748682803
6.04790435539
6.05044227458
6.05761940975
6.06488312373
6.06601566418
6.07198754099
6.07681942582
6.09579321895
6.10637468331
6.13210360465
6.2654962541
6.3066659258
6.31539739821
6.3366230196
6.34300202507
6.35821792285
6.38712014779
6.38961513106
6.40040022023
6.41301862737
6.41606149559
6.42986872236
6.43522148592
6.45869217229
6.47954469051
6.50185226385
6.52045427242
6.52369754551
6.53281039453
6.69488984382
6.71761644119
6.74222350561
6.79455316852
6.83213671923
6.84519695333
6.85308454435
6.88144012504
6.91320163996
6.9633591204
6.98076280167
6.99271827141
7.00084208689
7.00852482772
7.03699044581
7.04688152818
7.06220824441
7.07368897364
7.09140512302
7.12258978982
7.13054989587
7.13642951403
7.15133748621
7.18954138011
7.21966378707
7.25696945154
7.33871854558
7.72380801465
7.76509451155
7.82362850965
7.87095915882
7.89106910538
7.92743920908
8.06463389203
8.08580713959
8.11485124502
8.14409610599
8.2138559904
8.36703646137
8.39545684712
8.41396623145
8.43093000996
8.48346026436
8.52349144089
8.56160926123
8.64104656057
8.69103077642
8.71134370789
8.74440221405
8.78062557474
8.83323478176
8.83736460202
8.88854020765
9.06620493528
9.24159511393
9.25757992603
9.30463992425
9.35724611526
9.37963045398
9.43003612851
9.48228838448
9.5560592403
9.62282371842
9.68760588296
9.75206903927
9.78831372328
9.82662420132
9.94861327122
9.97001198397
10.0889323392
10.5505068697
10.6686047491
10.8291659462
10.862269416
11.4022209648
11.4960532728
11.640738719
11.7476035712
11.9024178614
12.0711761387
12.549205749
12.632769139
12.8190557739
13.157866641
13.2551108457
13.3938597867
13.5241532647
13.9359835117
14.3816805696
14.4498819705
14.6167950004
121
