6.01092178771
6.0194860219
6.021709657
6.02988235744
6.03382408496
6.04374983256
6.05550240134
6.07132041345
6.07180254683
6.07708991315
6.0815819546
6.08751455345
6.09633787038
6.10507203887
6.11130564388
6.1180741482
6.12626102089
6.13723151006
6.15001036501
6.15988717756
6.1639531019
6.1670601466
6.17553616303
6.18723616918
6.18983492055
6.19728511465
6.21130769795
6.21952909917
6.22169952704
6.22968657621
6.23689597471
6.28444992079
6.35316046649
6.36151327836
6.37833333593
6.40177955769
6.41177437482
6.4205144704
6.4342586683
6.444175348
6.44506532449
6.49862720824
6.51556631444
6.52141311744
6.55148365473
6.57697959478
6.58699012684
6.62355014186
6.64467094517
6.66538505501
6.68468550196
6.70122570539
6.71741951722
6.7442509742
6.77027740607
6.79451087738
6.82609315438
6.82854154633
6.86369298129
6.87977027788
6.88259043411
6.89700061911
6.90320409235
6.94166624914
6.95499971037
6.98515759727
7.01384503222
7.02556711836
7.22676400533
7.27717885023
7.2789975672
7.29943890978
7.31783998107
7.33330720534
7.36856358199
7.4288654502
7.46094625927
7.65352067875
7.71041186451
7.77627639416
7.79726385165
7.83758985822
7.84506585575
7.88323160756
7.94780496593
7.96605213665
7.99840989359
8.15478430468
8.24383037406
8.33302761632
8.39746151359
8.70879002591
8.71259865214
8.92434495208
9.14557721062
9.39848344435
9.53636164601
9.56349439544
9.65778126097
9.93330937776
10.0267372912
10.1295640542
10.1867092465
10.2257931395
10.2767148146
10.3778023153
10.4669938191
10.6245895945
10.6570065447
17.2855218686
110
