6.02234024845
6.10115429585
6.26578512136
6.28402091391
6.32997152954
6.35117856815
6.35213476093
6.36926876534
6.38670295813
6.39370852462
6.41263779914
6.42063575882
6.44702363631
6.45931774404
6.46693528056
6.47856463086
6.52982549831
6.53762401191
6.55815519477
6.57395835352
6.58376016796
6.58974149747
6.60039382533
6.62365156949
6.64123706305
6.66291591923
6.67945434672
6.70219681966
6.71495287315
6.72379990604
6.73161726393
6.73932936654
6.76501244392
6.80187507209
6.95966692855
6.9713861215
6.98113180523
6.99690122566
7.24212054846
7.26992921803
7.27165649068
7.28215158917
7.31581433078
7.34510840802
7.82217809166
7.84352883015
7.87939790848
7.89894663802
7.92144360284
7.9507010289
7.96831114863
8.01735022718
8.03807477951
8.04092972346
8.11271466903
8.13055523079
8.38085287392
8.52380253182
8.57853171553
8.92694710933
8.98015370754
9.03044380056
9.08504424392
9.09591773305
9.23184747186
9.23606363702
9.44297998963
9.47604031823
9.53822086831
9.58664280986
9.59242806275
9.88225938067
10.0069254357
10.3451665858
10.480103281
10.5199809925
11.4442579934
11.4715566932
11.5270621477
11.6908994604
12.1307153645
12.2831932822
12.4212187414
12.5224361324
12.535365565
12.7967378753
12.9047480863
13.0410670057
13.6364438819
13.8846336853
14.2653066606
14.4366234916
14.6568726722
93
