6.0037971828
6.14351529015
6.14860696801
6.16148897625
6.16490688385
6.16580243523
6.17277917656
6.18237774921
6.18670915443
6.20768603787
6.26488032782
6.29802646678
6.309078304
6.3197715886
6.32129622566
6.33126892858
6.34291852118
6.34381051625
6.34821534901
6.36348677119
6.38426005782
6.39351547546
6.39972675296
6.42379446083
6.42910683625
6.44801645945
6.45193635772
6.45897754121
6.47867902633
6.53543307863
6.5456561207
6.56299870208
6.58350529938
6.64815482508
6.67211092082
6.67725871362
6.716139798
6.75453881063
6.76801007399
6.79225272793
6.80188905527
6.83262821756
6.84247056965
6.87053608929
6.90647952136
6.92816719381
6.94620282226
6.98906598742
7.021718973
7.03041250272
7.03829514253
7.09855264492
7.1117434069
7.15300384099
7.17285255165
7.17755725258
7.21604507792
7.26417374004
7.31175494347
7.39224119097
7.40858574273
7.45786621478
7.50213176908
7.51677553525
7.535573244
7.59902277318
7.64461815584
7.65079796414
7.6974076082
7.73031043878
7.77321363683
7.78314363207
7.85406273379
7.9057727193
7.94038279942
7.96705493298
7.98702478059
8.0364660323
8.08376321856
8.13077937555
8.17963040026
8.20031940893
8.26046290011
8.27451243523
8.3340750985
8.3646376366
8.44590121282
8.51713433984
8.54607598707
8.57841769773
8.67798576574
8.76893350542
8.80138790221
8.85508970246
8.91536691135
8.95405659258
9.00408801139
9.06081112433
9.09190156689
9.11833882963
9.22417370734
9.23999489089
9.27579345387
9.43242622311
9.50011396026
9.53509778247
9.62794157256
10.5918881162
11.0698582762
11.1018799916
11.1394998913
11.4749998933
11.5676524755
11.6449224715
11.8340570911
11.9721272187
12.0911360404
13.0099256357
13.0557762534
13.304667573
13.4928122112
14.0899034619
14.4154583524
14.6265429663
124
