6.00577314765
6.01607347562
6.40267461153
6.40676739775
6.41061279929
6.41681261356
6.44355529503
6.46308657571
6.48187232026
6.48436406927
6.48896502846
6.50400342755
6.51708628652
6.54198184157
6.54660073939
6.57243194932
6.57403736471
6.59348486493
6.59450831552
6.61615687354
6.6405302696
6.75357878968
6.77055705063
6.78082451863
6.80631645941
6.81432666853
6.81810608306
6.83708940357
6.87784195186
6.89486792076
6.90360624676
6.93578968346
6.96154014164
6.98292146948
6.99168082312
7.03995660831
7.05135333161
7.05936074283
7.10282873227
7.12980431831
7.15892441649
7.2245421641
7.2416410711
7.25474151249
7.38606397024
7.42452401734
7.44559934818
7.52632534968
7.57250265926
7.59683531001
7.66801126772
7.67573646466
7.67891513707
7.69454316025
7.72236004139
7.74252160198
7.74976505886
7.87201150368
7.93409281528
8.08412821612
8.14617780459
8.17861518817
8.23056633881
8.25045681201
8.33069332672
8.37422122831
8.38494272689
8.40883641288
8.43217563262
8.46423160731
8.50793665947
8.52295033157
8.53943943033
8.5875893384
8.65654904018
8.66105355927
8.72465256526
8.74460988991
8.79188653791
8.8109005354
8.85167521636
8.91042605189
8.93600595302
8.96587359721
9.0211895
40.3300470205
86
