6.00498858552
6.01514642514
6.01789229854
6.02524144522
6.02827255214
6.03487436705
6.04964038368
6.06469667425
6.06884190596
6.08884098789
6.09791186805
6.11395435777
6.12003179319
6.12202441047
6.27295825566
6.27807123336
6.29418505921
6.31153273793
6.32446183975
6.32565744375
6.34144082046
6.35055183345
6.38727703349
6.40096933303
6.40942918537
6.41488380327
6.42303584963
6.43615295619
6.44577270064
6.46077429623
6.46791454075
6.50070319691
6.50197439231
6.51099485114
6.52990299484
6.55193067748
6.58324973231
6.58884643331
6.59612788929
6.60436107553
6.61925447788
6.86913132345
6.8770608263
6.89100445304
6.9216692141
7.05275420084
7.06470777883
7.13991642233
7.14558611067
7.22450844834
7.25201716933
7.26042467303
7.3335420377
7.41997785937
7.49730030131
7.5733769619
7.59092039713
7.61450041795
7.64352622708
7.69078926913
7.75440207302
7.75864983457
8.08078563827
8.17753327057
8.23859843242
8.31975372857
8.42600905501
8.50292273593
8.54388028844
8.60226955129
8.71697771152
8.82416381958
8.90972209576
8.91491459888
8.98085552864
9.06106133184
9.15395565935
9.16218136744
9.2107693209
9.5596009831
9.84524242734
10.3137847954
10.3947468177
10.4185346603
10.6130849511
10.7171104814
10.7228694195
10.8155823618
11.0852165302
11.1461634196
11.2494884751
11.2768986468
11.3446195455
11.5139182437
11.590245529
11.8251439145
11.9310129339
11.999572446
12.1022644868
12.1844861116
12.2442203239
13.0162137835
13.344646066
13.4604516366
13.6032966727
14.1898187631
14.4042731786
14.9315550621
108
