6.00140558668
6.00389496411
6.02700509038
6.03353308021
6.04272647726
6.05791883995
6.07130519907
6.0718946039
6.07814664505
6.09741208093
6.10300550531
6.14322097316
6.15360140774
6.16315364665
6.1786465301
6.18342936069
6.2316671109
6.23671804936
6.25843633908
6.27079023466
6.27923281046
6.2963682529
6.29959911004
6.30693393565
6.32684408661
6.33388187504
6.33778629653
6.34396306054
6.35763452595
6.36233688965
6.3663570131
6.372310406
6.37972851138
6.38188462452
6.40028484754
6.41874678865
6.42537760413
6.42700047373
6.44809284876
6.52799208719
6.54593566152
6.58922213126
6.60502684839
6.61469628107
6.63367980036
6.63644852908
6.68191432954
6.70759188186
6.72433023944
6.75283062993
6.77314816076
6.80175815856
6.82831828194
6.84888336798
6.87813917275
6.88090044565
6.9006756704
6.91219990142
6.92092656979
6.93334167416
6.94290681019
6.97374535369
6.97892389889
7.03220592396
7.05464790991
7.08036037998
7.09464371049
7.11515441593
7.13455416468
7.15575147783
7.20917961738
7.22143633069
7.24939110204
7.27187932807
7.28781814487
7.29448380381
7.32466901698
7.33940390907
7.34873545671
7.35374829616
7.37127832726
7.38543904272
7.41944050688
7.45317986364
7.47910136187
7.52424213678
7.58339602662
7.67491125168
7.7147052142
7.74642883014
7.76541896854
7.77396130956
7.79945788951
7.83267486758
7.86483954567
7.89596487075
7.94273670256
8.02817713675
8.0706139569
8.11539061399
8.160415314
8.24848378539
8.32422166339
8.35505140345
8.37403957199
8.41753576811
8.4739409534
8.498310427
8.60873227377
8.64225861509
8.73467549035
8.772547176
8.90595559887
9.07619991545
9.16207678699
9.35233880892
9.49261978351
9.53756184821
9.55903785184
9.61784991183
9.78041445558
10.0415878862
10.0938815471
10.1802160363
10.2027289613
10.2965177808
10.3165800044
10.4433913764
10.5292298787
10.547840834
10.6460987271
10.715345675
17.1270288544
133
