6.00705322728
6.01547289369
6.02342927779
6.03171189673
6.04197226787
6.05038026265
6.05697445728
6.0575237864
6.06403902222
6.14042689887
6.1538916814
6.17025382081
6.20399965419
6.22002177986
6.24990861338
6.26334079465
6.27169392176
6.30689376027
6.33425473411
6.35143867832
6.36474601259
6.37253364079
6.38102761097
6.39044416847
6.40257047739
6.43253952742
6.44056817231
6.45554276298
6.5028450014
6.51083565106
6.53341860389
6.54387867912
6.56274368796
6.58310496183
6.59524677629
6.61761002762
6.62864269373
6.66085343486
6.67269554249
6.70946990242
6.71864346762
6.73242536139
6.73644416886
6.74283367524
6.75534453615
6.78917958912
6.8248163996
6.84084940011
6.85029218218
6.85563700664
6.91420536848
6.94837712726
6.95462111375
6.99742675061
7.02810608185
7.04067045339
7.0617215411
7.53944272288
7.57662414936
7.63426836161
7.66970916918
7.69090868425
7.71568360355
7.74456616594
7.93777943141
7.97896740836
8.04379268683
8.09891552522
8.29743417487
8.3494512812
8.37993671058
8.42458847269
8.47947762935
8.51267392185
8.53736491619
8.72966110655
8.74483024296
8.76219355729
8.83598373164
8.88300780083
8.95693766047
9.06686692294
9.12215707084
9.14565667262
9.22277573994
9.24917881619
9.25611762391
9.34269432724
9.37503033939
9.38593025821
9.44384505754
9.48425399884
9.62837327856
9.81436188967
9.8886334884
10.011270852
10.018632402
10.0578111438
10.1120480704
10.135845468
10.2196038397
10.2699381576
10.3110943613
10.4263728539
10.4951803761
10.555493514
10.6693754055
10.698169769
10.8121142269
10.9307212143
11.0333771733
11.165641424
11.3432997891
11.4043544225
11.5393900992
11.5961176842
11.6302580764
11.8144593287
11.9269233444
12.0755180466
12.2255380996
12.2724599258
12.4513353169
12.5034652559
12.7975753635
13.0508858521
13.1348799247
13.2610405404
13.3105542113
13.4704244202
13.6945223165
13.8887819191
14.0837218641
14.2177980681
14.4830280686
14.9441182517
136
