6.00680355442
6.04621473521
6.05956668588
6.10019413525
6.11043762407
6.11441832666
6.12571953771
6.13111547006
6.147975101
6.17251478664
6.20268654671
6.20826203396
6.22498929118
6.23574359215
6.25095638941
6.2664114631
6.28209657668
6.28824854129
6.31762095394
6.32264512459
6.39079559083
6.40562697214
6.4069397943
6.42446935302
6.43850869504
6.45798637515
6.47097248009
6.47606571134
6.49878203163
6.69943018333
6.70225221059
6.71184966577
6.74929888238
6.75466017622
6.78760409548
6.80458126463
6.8076835429
6.84647813513
6.86317515827
6.88801945962
6.91474505473
6.93149371895
6.94347378435
6.97610633599
7.00140878087
7.03037719615
7.07193420263
7.09874182149
7.11380471927
7.13620738216
7.15290884399
7.16192485445
7.18847878501
7.19718223533
7.19985616048
7.21203877773
7.22550853846
7.25755755049
7.30974644331
7.3367922126
7.33914742084
7.36996675016
7.4185546744
7.68984730422
7.71246586908
7.74015415899
7.76990801732
7.82226699646
7.83963705816
7.8556570739
7.90183173286
7.94669818934
8.00710428412
8.09066229454
8.11747437191
8.1930558906
8.23336351138
8.25385183818
8.30417586232
8.37125555114
8.59545257662
8.6435110191
8.677293669
8.71891914209
8.72918428109
8.787676398
8.85217354224
8.89028654334
8.94620814826
9.00794796529
9.04632181654
9.10439978726
9.1094971692
9.11646762255
9.16042348446
9.20463106909
9.29148889899
9.33636766989
9.39875829147
9.471542171
9.53260309208
9.6460464606
9.70891262794
9.85274154699
9.99416250454
10.0834086918
10.219454654
10.3352247642
10.5480002299
10.7262044433
11.138322568
11.2712959102
11.6271644298
11.8754291869
12.266979362
12.392084604
12.6659722466
13.101328655
13.4779501833
13.982588821
14.5235085171
121
