6.04709350489
6.04773382388
6.06773624626
6.07073538261
6.07801326756
6.09536237197
6.10366288813
6.16974889735
6.17528017232
6.32790094454
6.34259828402
6.34956529865
6.35455216607
6.36209938675
6.49223113196
6.49737911625
6.52651912788
6.59587359639
6.6045510265
6.62253769056
6.65403677539
6.66932943205
6.67508489831
6.68028299631
6.83528851838
6.85248452748
6.88472420712
6.93480547816
6.93876045986
6.94026007316
6.95797559885
7.0197329983
7.03283206593
7.05246796078
7.05409616674
7.09733854809
7.11943335045
7.13340362397
7.14827989351
7.17644161826
7.20996180978
7.24071422383
7.25886132364
7.28707488697
7.47950044686
7.53837231332
7.56139709812
7.61427859709
7.65334936413
7.66544845553
7.85892773869
7.89814893547
8.15196048428
8.16444480805
8.24027849382
8.3005042367
8.35420213037
8.37397307226
8.41934567113
8.44940756085
8.48805952223
8.5252442864
8.53688972581
8.60110843923
8.62947526197
8.67744825734
8.68698423632
8.71233744392
8.75401445943
9.01103212071
9.06260808082
9.13464327933
9.20245538685
9.29555132932
9.37624873708
9.44239390518
9.52848386516
9.63661390101
9.67091764112
9.77127646682
9.92965007352
9.98540160551
10.3771362539
10.5338433719
10.669499
10.7321413538
10.8926323218
11.0598240966
11.1726419382
11.1998872026
11.3407103447
11.5892767814
11.6938826346
11.9914038666
12.0659942502
12.1543201859
12.470428985
12.4826834411
12.4978584424
12.7586391385
12.9124606703
13.128153224
13.1965592027
13.2277507801
13.2621907174
13.3415177256
13.5464586046
13.7604030531
13.8279509026
13.9794149444
14.1460791214
14.4378823336
14.7293520354
113
