6.00341001611
6.01022925386
6.01837719352
6.02477438545
6.02992869455
6.04175566967
6.0502587125
6.05912657741
6.06604615214
6.07562357732
6.08493135121
6.08979554129
6.09841564558
6.09904215753
6.10822446396
6.10968665446
6.11369434492
6.11464664358
6.12962485506
6.144412651
6.17934698
6.25739701555
6.2726790785
6.28393366324
6.28805033463
6.29426747792
6.31159613293
6.31544135657
6.32161626113
6.33899634402
6.34713018649
6.3600031422
6.3663104003
6.38063911126
6.38997425083
6.39232698483
6.3964522073
6.39953672971
6.41314093362
6.4224776838
6.43377849814
6.45075764239
6.47482914826
6.47890298955
6.49188791076
6.49487625481
6.51062449295
6.51486030214
6.54343939108
6.55372538044
6.56655218465
6.59840342997
6.61639321298
6.63374370696
6.64757379682
6.66289890879
6.67655496309
6.68375690055
6.68997966243
6.73080828315
6.7560162996
6.76697061336
6.7868608716
6.80372276304
6.82394491994
6.83119561425
6.86868250672
6.88010398965
6.8901363333
6.917798971
6.93234756633
6.9564563708
6.96793374144
7.00274547189
7.02646534555
7.06810585172
7.0866090685
7.11508799831
7.13403988404
7.14222156449
7.17133815867
7.18674255705
7.20254523299
7.22964541233
7.25295509417
7.38998336759
7.46893410266
7.50860202364
7.55284551815
7.59365636255
7.62494792541
7.69464410008
7.71440672184
7.73125224828
7.74024551061
7.78488016754
7.83730086477
7.86838009306
7.87658843002
7.91853822454
7.93948655855
8.10566899804
8.15038231565
8.18067197918
8.39955989116
8.42969806893
8.47349072111
8.51609038199
8.5212574327
8.57037918388
8.61661579373
8.65138636266
8.71212798778
8.73034692423
8.79197927688
8.87817633547
8.92373896577
8.95555171397
8.98558182968
9.03152583439
9.06703675566
9.14865284418
9.4185626006
9.4261048175
9.59731269572
9.64067953307
9.69580179243
9.7113854121
9.76779842153
9.84504995483
9.96115181224
10.0456750041
10.147057296
12.2558876799
12.3039694581
12.3695458216
12.4119377459
12.4207010184
12.629975308
12.7495246439
13.0637797111
13.2122684803
13.5246431558
13.6793024151
13.7629398573
14.0948767514
14.2432501194
14.5173000297
148
