6.01282790584
6.01348590938
6.05476088913
6.06050402036
6.06731760385
6.07185758437
6.09308885818
6.10425156967
6.12111861732
6.145735073
6.15711522185
6.16179743356
6.17035989584
6.17151823908
6.17614630765
6.18106449187
6.18848286655
6.2026719073
6.20923809994
7.18746365536
7.21285614581
7.28718077497
7.31516528451
7.36577105122
7.38392620822
7.45008015206
7.4991181848
7.52528643813
7.52985348209
7.54839612945
7.56470719775
7.8758887175
7.89536090132
7.92164697575
7.97178308525
8.03820142363
8.08548046248
8.09088173001
8.22068303032
8.2402218991
8.26555126537
8.44509592319
8.58563408712
8.60494166302
8.68192152202
8.70327843673
8.75698635351
8.82397025486
8.83777885998
8.92304462141
8.95957833106
9.10453909121
9.15405374441
9.17584991471
9.20451423372
9.25706134099
9.3462966719
9.40122555339
9.45612299866
9.51237902257
9.64663162514
9.74166997703
9.82977630335
9.88901556875
9.93357441724
9.94079074981
10.010552628
10.0893386109
10.1389854204
10.2646868841
10.3635455483
10.4478915443
10.5083144299
11.3164409038
11.5209970965
11.5827512021
11.6188853435
11.6595249075
12.639145344
12.7816533337
13.0407350183
13.0982835115
13.3398913657
13.8080849419
13.9623646735
14.0799344384
14.4082028289
14.5677559803
88
