6.00647726763
6.02835393674
6.03039647766
6.03574332676
6.04098558794
6.04950967817
6.05614683651
6.07138647897
6.08351179992
6.09805363457
6.10459779059
6.10960554761
6.11965647555
6.12711171165
6.134855576
6.15251880993
6.16578094089
6.17172806904
6.17537825458
6.1767442246
6.18621833079
6.18835071517
6.19914651466
6.22940272847
6.23804808208
6.24965478095
6.25683449669
6.27270235107
6.27404734381
6.28554562495
6.29470872757
6.30660111294
6.32002163492
6.33108983191
6.35353466616
6.3805806914
6.38886070234
6.39810856949
6.4100378605
6.42553512222
6.43428608606
6.46864687167
6.47611664461
6.48607669464
6.50191209737
6.52025526316
6.5361403376
6.54431822616
6.54563050097
6.55948684692
6.5658926356
6.58435916813
6.60634811533
6.61498478134
6.62441039307
6.63199325266
6.64116617076
6.64828338606
6.65405936623
6.65632204193
6.6594171356
6.67673105085
6.70587126008
6.71771898011
6.7284159442
6.73129324111
6.7427225469
6.753258061
6.76537727199
6.80303170228
6.80630987071
6.83170976089
6.84656869067
6.88742272928
6.91357189209
6.92533185235
6.941384818
6.9444382186
7.07812488719
7.11111025856
7.13069063006
7.15100962977
7.16846667073
7.192295163
7.20912103463
7.22682538921
7.23863203308
7.29506353629
7.32326314692
7.34916661925
7.37935852042
7.39648507038
7.67329806175
7.74282115975
7.76796153184
7.80715153037
7.84078212143
7.86371798183
7.88102131672
7.94135644632
7.97991786243
7.98453831885
8.04587823033
8.06600074018
8.07790542695
8.21621989916
8.32266008873
8.39261955667
8.41036779612
8.46485203207
8.56860464258
8.63452004224
8.66838929062
8.73622537988
8.83516631951
8.8461018649
8.91827628562
8.95150380518
9.00716392144
9.05649331907
9.13773791067
9.18284865254
9.26166808871
9.61024701328
9.69553430224
9.72648126575
9.73797943909
9.77435126447
9.77955412064
9.87602898279
10.0178995381
10.133854824
10.4242363037
10.4318288628
10.5100387595
10.5604710853
10.6319884898
10.8722824893
10.9308157038
11.0268941003
11.1035640441
11.1930205437
11.2542594244
11.2615272819
11.4368741309
11.4496584544
11.5285056818
11.8594765369
11.9329909111
12.0157983971
12.1313665397
12.3849391425
12.5093372363
12.6791661201
12.7406143036
12.9723571762
13.1208966188
13.2796629676
13.4682471097
13.6607934523
13.8650237324
14.0377821698
14.1926850332
14.2967808333
15.6484729191
165
