6.00924576206
6.01263694196
6.02174415839
6.0248013403
6.02769324218
6.03419517633
6.06881540391
6.0807301068
6.08823497932
6.09137368711
6.19472200939
6.20518404339
6.23052261167
6.24825759552
6.25352513877
6.26782411842
6.28750656364
6.29991626945
6.30371439975
6.30448973357
6.32508878618
6.33281539394
6.35076763604
6.35839941808
6.38194592059
6.40949899027
6.44440415051
6.44931074577
6.45491151499
6.47836073754
6.49850475865
6.65402319432
6.66574604651
6.67209392141
6.68689075592
6.70928044579
6.74008295738
6.7488609302
6.78046001134
6.78957114681
6.79622097179
6.86336370061
6.88088277502
6.90160236138
6.92631329124
6.96125311703
6.99538318955
7.0326193876
7.03407053429
7.05624279377
7.07056961441
7.08827138293
7.1130036525
7.12690602949
7.14583208316
7.15945883609
7.18102083632
7.21661854107
7.23177121466
7.2523594454
7.27483942207
7.27689067288
7.3028999458
7.31630866896
7.35736470345
7.55044807047
7.56220944699
7.61111180288
7.72484544116
7.73813947764
7.75095017434
7.77717821765
7.83262087358
7.87118159031
7.90730638706
7.99136183946
8.02968173221
8.08596434271
8.09674232741
8.11118168748
8.22960178061
8.31346890084
8.43387175678
8.45548183409
8.54383285169
8.57958998777
8.60907709127
8.78157418879
8.83516864876
8.92147879554
9.00940024252
9.055476449
9.09004428144
9.15856285698
9.60615732863
9.94757837015
10.2089618158
10.25108327
10.2958797908
10.3608670387
10.5207119782
10.6928889476
10.7095493212
10.7182405455
10.819448877
10.8611858013
11.0111242418
11.121459586
11.4499788058
11.5358919797
11.59626492
11.6788237846
11.6923972689
11.7305342259
11.7403804356
11.7933765573
12.299860678
12.3505568857
12.5350933811
12.6346448006
12.8416854371
13.1068309919
13.1301587822
13.1764987235
13.2842733761
13.3018036892
13.4501380609
13.639119913
13.7082226385
13.7323029483
13.8453507196
13.8630001677
14.1615745762
14.4000943304
14.6534060416
135
