6.00053322531
6.01191601552
6.02152941399
6.0292829387
6.46906038014
6.53249932968
6.54337351171
6.80076416511
6.81044092301
6.81372848506
6.83712134918
6.87261173237
6.88595204952
6.99334446568
7.03099862927
7.04118282708
7.06609523268
7.40422629773
7.42300050213
7.46627611465
7.47393138881
7.51974003941
7.55956305943
7.59486115386
7.60017154701
7.61498887267
7.63007162494
7.65808155833
7.71451543335
7.76527081744
7.78778541731
7.82427311575
7.84726705334
7.94778961412
8.00921607972
8.03020187975
8.07879963034
8.12665140959
8.18024094027
8.26451373805
8.33257569145
8.36612612252
8.41779378852
8.43326566448
8.48503396964
8.59581317437
8.70922656616
8.84218140182
8.93225042226
9.01315769832
9.06875893694
9.09163805663
9.18708965384
9.40955833203
9.54555173165
9.59969660285
9.65945693457
9.67786586779
9.73125234438
9.80106240218
9.91586728883
10.0182050501
10.0815022751
10.1708213993
10.2285360301
10.3447806583
11.1069223275
11.1866274357
11.6512998918
11.8144159767
11.9820462231
12.030928867
12.1071848269
12.2227509193
12.2561396211
12.263436476
12.3810417996
12.5279737066
12.7702265401
12.9102580986
15.2862585748
81
