6.00493083421
6.00793182195
6.02282396954
6.02561278718
6.02907152295
6.03481365054
6.0418274711
6.04974731906
6.0641167836
6.22598976202
6.22775983944
6.24225143577
6.25921897408
6.2662726289
6.2743412633
6.28528664495
6.30811278777
6.32883705941
6.33839069818
6.34150805781
6.35833083814
6.47625598924
6.53351251332
6.53643498764
6.54308605757
6.5583012672
6.56299548787
6.56495959983
6.57326685817
6.57884027956
6.59439524364
6.62101038141
6.66823558382
6.680234577
6.6916200623
6.69951597507
6.74310096537
6.75953832336
6.76805397146
6.77084178189
6.78367680963
6.78958123774
6.79441420906
7.0603420649
7.08781334524
7.12165688141
7.13689280422
7.15769324238
7.19994981131
7.26247301695
7.29137099513
7.29450616857
7.34931926927
7.37000520201
7.4380227832
7.45528030172
7.46917533552
7.47303049442
7.49597635245
7.53382555072
7.56636475874
7.58589896879
7.59641293966
7.61142656347
7.68182072628
7.6884292829
7.69368569942
7.78366394411
7.8302422103
7.98747958663
8.07137878609
8.18114485039
8.19669452532
8.21701943608
8.25645616111
8.30459730224
8.32196953856
8.37598095011
8.41626958284
8.46726760051
8.54633073462
8.6637411004
8.74217158531
8.74741115284
8.79810104947
9.10280020545
9.13701598465
9.19911165341
9.22261293206
9.28660008218
9.30987815764
9.36593753885
9.41693568062
9.4588471195
9.57467809902
9.59616695789
9.65454282447
9.71340265521
9.81267314752
9.94469523085
10.0371939234
10.0547405322
10.1047037989
10.197142794
10.302880678
10.3715889604
10.5538331076
10.8285349073
13.2214298969
13.3219450899
13.4918675423
13.8377174099
13.9345350731
14.0502525798
15.0353054412
115
