6.00929359791
6.02312682347
6.03048831555
6.03421583071
6.04043589036
6.04501957941
6.05903663383
6.07006692336
6.08610652742
6.09139996916
6.09825974341
6.10388628005
6.10630986712
6.1210470315
6.13690663728
6.16938980393
6.18080980158
6.18568401616
6.24688387048
6.2703930616
6.29016226385
6.29399488913
6.30191116678
6.35855432153
6.36985212894
6.37230537288
6.38622703279
6.432953256
6.48136212921
6.50296249872
6.50626476087
6.51598378679
6.5457975899
6.54992728924
6.55961910339
6.5865789552
6.60183043668
6.60618646378
6.62067633022
6.68356526421
6.72053663705
6.73945200202
6.75722245649
6.75924924752
6.78638061326
6.80674930548
6.82896002851
6.83661934279
6.85922483566
6.91060294318
7.00669446598
7.03489927628
7.05122825634
7.06537294644
7.09432121104
7.10938140529
7.17498347193
7.19145533017
7.21163895016
7.22068846936
7.23295120415
7.25341549488
7.3149404156
7.35627712462
7.36904757529
7.37694330582
7.40994305998
7.43586563633
7.47369404798
7.53924411279
7.57086877855
7.61020311296
7.61316634721
7.65678541679
7.69397962856
7.72357685337
7.76736587767
7.81139183451
7.85947210785
7.88902022108
7.9012934416
7.95226812964
7.9916098938
8.04035615243
8.04530884258
8.09285544765
8.18206888228
8.22866925968
8.24371224726
8.27515337661
8.39774245835
10.8643094502
11.0448872979
11.15249915
11.2791071974
11.307754403
11.3718348519
11.4723880104
11.6024667236
11.7214655548
11.813148208
11.9165879357
12.0566711633
12.1975686179
12.2166565625
12.3185559429
12.7223522974
12.7746129476
12.8224249373
12.9280477286
13.0631698224
13.2194991242
13.3033264562
13.5528895589
13.703809073
13.7407937012
13.8086209138
14.0474326913
14.1701232823
14.3543287913
15.4816264508
121
