6.00843126146
6.01737334547
6.01976637979
6.02176678493
6.06660347448
6.06940955611
6.07504080904
6.07638941504
6.0870903137
6.09044971384
6.10378063016
6.10834689874
6.12136602164
6.13919001336
6.14306293224
6.17505878514
6.18084485178
6.21273127458
6.23626032844
6.23798383755
6.25147030956
6.26274702558
6.34981272497
6.35507134033
6.36932626613
6.37478656036
6.3885722142
6.39784243768
6.41139576341
6.41509455089
6.46134197365
6.47464058096
6.49532799087
6.49634545359
6.5060490153
6.50773309449
8.85965009643
8.91211858124
8.9458155151
8.9620083221
9.03026838401
9.11389157963
9.16358418602
9.18364020333
9.3616100207
9.6677770694
9.68192115007
9.73533155372
9.87417290278
9.90970854761
9.94874793712
9.97503594117
10.027973322
10.0748099926
10.1246133688
10.2224622061
10.2729789044
10.3434278048
10.3849863057
10.4072266784
10.487078752
10.5944066576
17.9691204383
63
