6.00769594515
6.01544025802
6.01984303809
6.02511146196
6.03305274535
6.03649875943
6.06136160934
6.10016651373
6.10867000226
6.10954837081
6.12381915192
6.18922438926
6.20691622667
6.21582689025
6.22564952575
6.24414860966
6.26033466272
6.27421035519
6.27791606535
6.28610556607
6.28720285283
6.29000274486
6.30121093482
6.30830448521
6.31592520792
6.32922938378
6.34028557307
6.34542682309
6.35726821987
6.35986378127
6.36085754553
6.37541403309
6.38781787767
6.38984279504
6.39137814853
6.40392637447
6.41996362816
6.42846064943
6.46466976738
6.48526275769
6.4957628497
6.50076109759
6.51262479476
6.5193594867
6.5205079071
6.55008552442
6.55391430757
6.57749870276
6.68467679046
6.69494707373
6.6993461824
6.71840145779
6.73401861885
6.7583345005
6.78333362148
6.80798447972
6.82436019386
6.85353219921
6.87864963474
6.8947221378
6.91333218086
6.92156555869
6.95297844676
6.96466318092
6.99393305708
6.99791164044
7.01611396759
7.07076805379
7.08836414957
7.09092802839
7.13068023137
7.15942223878
7.20191707253
7.2329529299
7.24244726698
7.27081324805
7.309170212
7.33225631498
7.35575497455
7.36669267359
7.4176416018
7.48360390615
7.51982716321
7.54226923588
7.70864636017
7.73501752162
7.79299248787
7.81462018076
7.8208204086
7.88251966001
7.91936202537
7.94343777471
7.94729235569
7.97657453091
8.04580932759
8.0757436615
8.21091220504
8.22930617618
8.24430538178
8.29735739617
8.32726318328
8.46602822107
8.54227164614
8.55708985373
8.6278591224
8.65458982107
8.6786134649
8.7088287034
8.80345021542
8.87665474854
8.93043341254
8.96138817116
9.11255243795
9.16464778359
9.17094742361
9.21603254849
9.25456922658
9.28702816877
9.29340721017
9.35076286793
9.38394638989
9.49729366551
9.51533761974
9.81311989912
9.95351772684
10.0109344533
10.1573873547
10.2058805839
10.2329260105
10.3136457649
10.4812704152
10.5130884669
10.5548336067
10.6584273897
10.6990977023
10.7763407572
10.8246296562
10.8935182666
11.0981511028
11.2997836677
11.4319977788
11.5049445432
11.652595062
11.762414458
11.8862991446
11.9628031485
12.2851497434
12.3846462892
12.4547716664
12.6393686908
12.8217518109
13.0287528843
13.1481302863
13.464620141
13.4858755509
13.7119191015
13.914759538
13.9508161007
14.021798717
14.5212574175
160
