6.00762050495
6.01231404647
6.0178877864
6.02666083977
6.03212920019
6.03582339224
6.08702882074
6.09571950781
6.10011271409
6.10479566318
6.11721841736
6.11805659901
6.12544936312
6.13676873983
6.1622148348
6.17413842541
6.18134553818
6.19707379912
6.19877701881
6.21133414842
6.2141518999
6.2240814501
6.23506341102
6.24181419043
6.24803497877
6.25877553958
6.27452281415
6.34287837253
6.3494261534
6.37607890349
6.39045497085
6.40904230539
6.41949965505
6.42657641329
6.44560218402
6.45802444193
6.46457744987
6.50047939054
6.53512597937
6.54710157031
6.5932793672
6.60046192354
6.61480330877
6.62219420364
6.63063565594
6.79436498167
6.80577572665
6.8072478041
6.82026134994
6.84924944619
6.86169852442
6.86830335695
6.88746871807
6.92478194354
6.94314800479
6.95605884231
6.98957192904
6.99985549421
7.02773571483
7.06570360656
7.1093501133
7.13371564277
7.15613539594
7.17471998319
7.21102032955
7.25014972874
8.71665058619
8.90212260626
9.09529444892
9.12536412213
9.24968612953
9.29358301065
9.29812395966
9.38981224184
9.46662736735
9.64589949692
9.65057002403
9.66747828949
9.7248601921
9.76426685575
9.79224922105
9.85149622867
9.93715369228
9.98137413022
10.0780979126
10.1953489528
10.2362332635
10.2936557012
10.4493106156
10.5239122336
10.6233808237
10.6741588741
10.7247798218
10.8400836894
10.9844910353
11.1440206088
11.295689844
11.3937690291
11.5782261261
11.7477140033
11.8705812994
12.5399226196
12.6865583163
12.7803625442
13.2541355125
13.3498775973
13.4311720196
13.4931082146
13.7147498428
14.0746278561
14.1947848629
14.3352299044
14.4588567396
14.704981797
114
