6.00348686599
6.02680848385
6.03251545975
6.04832444029
6.0529490334
6.05592103777
6.06795119775
6.06888776414
6.06953240222
6.07743788198
6.08154749866
6.08728469489
6.09875474597
6.10996175374
6.12004528346
6.1275162236
6.13806760992
6.23612931897
6.23846780962
6.24509759798
6.32766013539
6.33639915458
6.35413788225
6.35632990479
6.35728446803
6.37360774986
6.38548508829
6.40364746533
6.40565018715
6.42559771928
6.48003459497
6.48354441107
6.50313697215
6.52319188634
6.54515358477
6.56013468553
6.56552711558
6.57435096025
6.57600365141
6.58938887503
6.60540781092
6.61541201794
6.63137192128
6.65648725276
6.67266174505
6.69297874275
6.7056386907
6.72069022175
6.73404404704
6.74661976352
6.75559267507
6.76279181863
6.79689209804
6.82136759287
6.82882900743
6.83500234019
6.86200081397
6.88445048583
6.89817695076
6.92008844588
7.00168892057
7.03410267437
7.05918176372
7.07969810852
7.11564586672
7.14871652075
7.16838661766
7.17641369034
7.21502501499
7.25300085307
7.28860758929
7.31125625539
7.33253544195
7.48343305657
7.5180108326
7.52452211622
7.58574261635
7.64792554935
7.68994961772
7.72767104777
7.77853728176
7.79174495228
7.83068448376
7.84988723363
7.8794681089
7.90395507628
7.91735809544
7.92181250131
7.93118783631
7.98469439842
8.04681864319
8.1087119885
8.17693097785
8.23760788944
8.26647220202
8.32527091439
8.34334760573
8.36311509092
8.38394579065
8.38689005626
8.41010236153
8.45198494378
8.47184078047
8.50461441285
8.52847750785
8.53919350868
8.5788611724
8.74423592354
8.79598710851
8.87736804837
8.94606275905
8.97846199822
9.03577254078
9.07638263206
9.1604273641
9.18781686277
9.32753302376
9.526262651
9.54541683389
9.58136745979
10.4160351086
10.6572623399
10.7471182359
10.8471026891
10.9408391279
10.9861584861
11.3011242294
11.4610491849
11.5471043301
11.5920002075
11.6766138729
11.9316957364
12.0758838933
12.2137655537
12.3660761145
12.5271927763
12.6641192966
12.695323346
12.9020770249
13.1918078532
13.3777939266
13.6116117033
13.6583528998
13.7323095638
14.3158122984
14.4118659649
14.520872579
147
