6.00553310574
6.00782630666
6.01640724365
6.02197103191
6.02983196686
6.03234645866
6.04338668507
6.04498104514
6.05674984814
6.06324777723
6.06418137381
6.070480863
6.07703359547
6.08076801577
6.09934461449
6.10646279415
6.11549886039
6.11975395714
6.15875193774
6.20975519751
6.22410133361
6.23002446758
6.23629044243
6.24898875501
6.25318838601
6.2609733719
6.27460640517
6.28054747627
6.32462144477
6.34095966374
6.35690862884
6.36991263226
6.3880129206
6.39990932244
6.41521451862
6.41635299822
6.42569471731
6.43434661113
6.43797166472
6.48522406359
6.50016872135
6.52153511784
6.53071068882
6.59921162791
6.60567648901
6.62901498739
6.64554168437
6.66287287186
6.66828650694
6.68245303029
6.74582442247
6.75152677545
6.76889326897
6.77028240084
6.77759597414
6.78723197584
6.81705247047
6.83794893644
6.84961572302
6.86399482181
6.89768345449
7.06304327513
7.09731005802
7.11235084193
7.1233261772
7.20908743983
7.2150651296
7.25041274574
7.26610499442
7.2948769432
7.34570560524
7.37800923664
7.43562260697
7.46587871583
7.48536749795
7.50859701716
7.63242875804
7.71788744314
7.76248855042
7.82842609511
7.83966967974
7.85561250809
7.89394257968
8.07971536735
8.21540835488
8.27856686257
8.29320676335
8.50491347932
8.56509737473
8.62415465085
8.62704228654
8.6312169253
8.69915681052
8.740661574
8.7613609215
8.79468702837
8.87124119941
8.93826392934
9.03199962155
9.06966349507
9.16819949939
9.29200145357
9.43657322543
9.44715778679
9.78758425115
9.79899868713
9.93907139982
10.0483026682
10.1493933962
10.2652408764
10.3224207388
10.3614160189
10.3909933646
10.5026599718
10.5515918069
10.6177888502
10.7060628823
10.8901863673
10.9405918059
11.0919979726
11.2738466376
11.388743035
11.4312726802
11.4912873015
11.5034098812
11.6734268822
11.9458576735
12.4495179018
12.5950306537
12.9984424829
13.1969871237
13.4277885386
13.580613739
13.6443538191
13.7032821711
13.9991278854
14.3082457203
14.8844110523
138
