6.01019349585
6.02011722077
6.03136830933
6.03683518859
6.04034288052
6.05851772202
6.062809669
6.08668193462
6.09092307298
6.11760358627
6.12923374323
6.14015950703
6.14548564253
6.1536530191
6.16093837544
6.16804820657
6.18364970162
6.1915248283
6.19548380923
6.19662065229
6.20100599747
6.20465560987
6.20871076513
6.22974304848
6.24061436035
6.24283428582
6.26014571059
6.27436325554
6.27876408998
6.31646189133
6.32824191226
6.35884434279
6.36239228135
6.37220341084
6.38140617081
6.45098054301
6.46223973819
6.4666115024
6.47644829087
6.48504292243
6.49555751266
6.52489941862
6.54354176993
6.55951345161
6.57567681931
6.58752788707
6.66497404152
6.68714189027
6.71325740089
6.72399247648
6.73663172586
6.75791153804
6.77700637739
6.80114353697
6.81915698629
6.84401263119
6.85509295528
6.86352299844
6.88877539678
6.91694551585
6.91938296741
6.94604637855
6.96165070266
6.96388107675
6.97014196855
6.99464610405
7.02542748602
7.03151429159
7.06446909267
7.11602717935
7.1543130726
7.17879967505
7.19584168945
7.23533622927
7.27077125749
7.2948355872
7.32284475104
7.32647413717
7.33555776299
7.33772816384
7.37103002347
7.39280063883
7.45296788294
7.45639846929
7.48858365697
7.53407044366
9.4867948051
9.49154470402
10.3775579912
10.5042662933
10.5230829574
10.5708503039
10.6756567347
10.8367328977
10.8793927223
11.2167897916
11.3896043683
11.6359370509
11.6680807039
11.8855819907
12.0813381308
12.265912834
12.601549185
12.9008989988
12.9868208656
13.1326106824
13.4107821317
13.5657871039
13.6748722092
13.791326054
13.8619636524
13.9815992051
14.7386892025
113
