6.02585160938
6.03490046014
6.03971147196
6.06331265473
6.1117101743
6.11229518603
6.12556947485
6.13163737154
6.13858745462
6.14618062368
6.15458265271
6.16696957409
6.17664097009
6.19137903973
6.20087477963
6.20565808316
6.24282313703
6.26495328102
6.26570226082
6.26928060859
6.27458489382
6.28936189367
6.29439000348
6.30043292414
6.31197865088
6.33175700598
6.33581580179
6.43706909325
6.45349621276
6.46049130101
6.48610170402
6.48921926731
6.49037855352
6.53739908433
6.54919168793
6.57020220022
6.59087567664
6.68520603471
6.68648852855
6.70535620383
6.7181336819
6.74120231451
6.7483266165
6.76511587771
6.77642760532
6.79277015287
6.79868296696
6.80700533171
6.81003522759
6.83066391191
6.85630734568
6.86475804357
6.91439607419
6.95041586208
6.97540915285
6.98807388883
7.0037908119
7.02396392235
7.15356110473
7.1682937052
7.17931110868
7.20596939949
7.26040517048
7.27228456564
7.32865811941
7.34015726339
7.3774683338
7.43347210251
7.4904773334
7.62186071585
7.62533138225
7.65787993093
7.69201668636
7.75364542366
7.78804733301
7.90205710962
7.97895272667
8.03892662248
8.06941956316
8.09868301999
8.13893150326
8.18598638813
8.21125166121
8.26671804096
8.34096669925
8.37513225298
8.42811671623
8.45149257092
8.51349882416
8.56969573938
8.61471313904
8.66716675799
8.75791752356
8.79771169559
9.2287380176
9.27140252356
9.28990826015
9.38380820227
9.39650003146
9.44462508429
9.46317166649
9.54755362594
9.75914509102
9.78412228076
9.79008257109
9.7959906021
9.95559240703
10.0052580529
10.0810914631
10.1768371865
10.1945100551
10.2188058694
10.2905564965
10.4114219927
10.4495755704
10.6767820942
10.7246589011
10.8390464185
10.9414643797
11.7035538954
12.0289960819
12.1310071636
12.2460212953
12.2784811863
12.3525957907
13.4826291832
14.1343725187
15.0047206853
128
