6.01250733065
6.0226334291
6.02462925642
6.04397198541
6.05771127025
6.06435379973
6.16134318846
6.16927683859
6.17679194778
6.18375281216
6.19298801887
6.2116950435
6.21984336098
6.22685510991
6.23264021621
6.23812845253
6.27120519668
6.27236423105
6.29323081643
6.3107621143
6.31856460097
6.49486438486
6.51935515656
6.62059682009
6.63156000974
6.6552837855
6.71387939061
6.72300192194
6.74170484704
6.74846637554
6.88667303709
6.90713074522
6.92432372865
6.94714225575
6.97871140691
7.01941863295
7.04204719288
7.07985422608
7.10773902877
7.12716940864
7.14720295501
7.19569611242
7.32593853178
7.34079944198
7.70102944878
7.77508414762
7.80508868922
8.11179419624
8.15163965272
8.23622116146
8.24990469338
8.43527868997
8.49305728629
8.53136664821
8.56967782958
8.57712001982
8.69292023141
8.70608319992
8.7974660989
8.82205966181
8.86416315915
8.94589775548
9.03243544027
9.08527489037
9.15203467194
9.24237499581
9.3095279973
9.34386047491
9.41043378469
236.796951061
70
