6.00294787946
6.00639052847
6.02328883264
6.02887292767
6.03229586394
6.04377591428
6.04484853165
6.06195231808
6.07948186109
6.08662495187
6.10048851833
6.10638436427
6.11578812664
6.12559494552
6.17781120136
6.1801168517
6.18626932804
6.20229444359
6.21633687314
6.22942372967
6.25760141988
6.33363763705
6.34420923803
6.35936295236
6.38103828044
6.38550940007
6.39745823449
6.40964381593
6.4293997422
6.45313824911
6.47402956489
6.48738878863
6.50136282991
6.50233502875
6.51125267346
6.522197449
6.68926320368
6.82939700702
6.91934260501
6.95052540593
6.96435563989
7.01548794943
7.04472356424
7.07770187503
7.20896253499
7.22187345956
7.2407014881
7.28642785673
7.31363241874
7.34060875513
7.36883687237
7.45059095977
7.45815903472
7.49505881798
7.55564376976
7.70917304754
7.74052365465
7.76230362783
7.78169943613
7.97863057223
8.01970640412
8.0391384491
8.05244725873
8.07884100858
8.11746691728
8.14425462524
8.21178063865
8.23478709143
8.26808857256
8.30754334032
8.3485612526
8.40424625965
8.42356322545
8.44976095341
8.5105992652
8.5173255841
8.62397747935
8.72997451771
8.85987515293
9.98627665286
10.0971596503
10.1494882475
10.2402476048
10.6884123966
10.6965683065
10.711042311
10.7827049486
10.8127574998
10.9451342394
11.0515074989
11.1693269565
11.2559177246
11.4018931836
11.4454318794
11.6282084419
11.7650170135
11.831160959
11.8435175266
12.1479287819
12.3436540969
12.5587592505
12.5732439398
12.647251868
12.7750484703
12.870453842
13.0662165038
13.1256751631
13.2526806578
13.4012956526
13.4141557953
13.6999452818
13.7394655059
13.7690757686
13.9732022096
14.212672824
14.262104527
14.7024635504
117
