6.00685899526
6.0172012497
6.01903723066
6.24090365911
6.25219954386
6.26178887143
6.49279677849
6.50463967089
6.51704491433
6.51811575627
6.53899189731
6.5591943138
6.61299923847
6.62689404794
6.6439381081
6.65401374173
6.67854594343
6.68577941076
6.70045779753
6.71818149125
6.75031103612
6.75920543918
6.95980022522
6.99749139719
7.01853039686
7.44018314051
7.47375747865
7.54385970722
7.56532161942
7.59435825919
7.67405796222
7.68026499439
7.8771583706
7.89457699944
7.90358092963
7.91590176331
7.95863602686
7.97211023715
8.01434287006
8.09051862642
8.09402494859
8.1019362146
8.13687171537
8.15414732834
8.15843117879
8.20154153617
8.24701776052
8.31332068795
8.36647725306
8.42788347019
8.47261343648
8.4915093167
8.57760236778
8.58181039096
9.40421253458
9.43741760355
9.53725840795
9.54344149625
9.58768506149
9.59299159208
9.6925197171
9.70494550219
9.86855980368
9.97612372319
10.1904285296
10.1960948782
10.2423833271
10.3304982313
11.9285565037
12.1422604501
12.2018260354
12.7728912072
12.9405534111
12.9495372048
13.1696089183
13.2681401511
13.9313330052
14.0440491552
14.490552898
14.7622285398
80
