6.00504459137
6.00802514725
6.01221881631
6.0432439481
6.04550578045
6.0636253648
6.06751035216
6.06849803974
6.08545566007
6.09772718077
6.10259729984
6.16696028115
6.17320331207
6.183772893
6.18519225055
6.21728230448
6.2419606591
6.25312803384
6.27122729899
6.30064244712
6.32241689046
6.33609212665
6.34152054943
6.34269248865
6.35601616716
6.39692975328
6.41352149812
6.41984155638
6.42879053887
6.44350501932
6.45714053888
6.46990296222
6.4930534471
6.53546492539
6.63353922349
6.63857221022
6.66691142495
6.68819914079
6.71341439038
6.73313323006
6.77133144061
6.78079690438
6.79984539069
6.80143746771
6.82113437599
7.42542586905
7.45631828922
7.46913699081
7.74240597884
7.77310112346
7.83332979496
7.85125814753
7.86459739122
7.89879957669
7.93617118566
8.0174425855
8.06539986385
8.10757228776
8.12228749719
8.22349697929
8.25640165935
8.27786433663
8.44611684224
8.51549072645
8.56799553551
8.63635956016
8.80835005337
13.3127577567
13.437147857
13.5838415871
14.1148133506
14.1319702322
14.3444785121
14.3731871878
14.5947137442
75
