6.03519622559
6.05055120689
6.06518275839
6.06609879128
6.06870552051
6.08020833395
6.09093944941
6.10111107856
6.10850545057
6.11351098673
6.12251028237
6.12965340294
6.14113007254
6.14674715629
6.17257996848
6.18058970977
6.198668949
6.2090698522
6.23287394568
6.23887369551
6.24028580436
6.24695307787
6.25191202404
6.27946008942
6.29317583876
6.47522203337
6.48605231267
6.50594515404
6.50890502411
6.70621299964
6.72213018858
6.72640130268
6.73288499312
6.74261026858
6.75570308655
6.78215637201
6.78665501963
6.78777224418
6.78937770135
6.79975573432
6.81784032121
6.83466970453
6.86750745907
6.91062044977
6.9190108814
6.95274888344
6.99781530375
7.0012950074
7.03128366262
7.04745149665
7.06348265242
7.09788764832
7.12251377757
7.14994030999
7.18985283317
7.23088336131
7.26247132616
7.28024908479
7.3022845432
7.50163790718
7.50975727172
7.51372116977
7.58813310666
7.62423395606
7.62684123558
7.65866091689
7.66480043092
7.6837796467
7.7208615169
7.75299251194
7.80360791559
7.9196423152
7.98243788422
8.03717167863
8.081240251
8.28665863011
8.33585152985
8.40473937591
8.42240243447
8.463016297
8.52456605018
8.83006535102
8.98853621236
9.01896522519
9.05992170304
9.11732238453
9.19195579767
9.21249652845
9.2534923236
9.26988573395
9.38473070741
9.43371490718
9.51865198731
9.59869503839
9.6368393071
9.64323912245
9.66768205222
9.72971971598
9.73945547558
9.75822911837
9.83737370327
9.8900585629
9.94360731727
10.4927376995
10.5789252344
10.6430401146
11.2255481668
11.3942438543
11.5357314574
11.7024261563
11.8756014524
11.9040710679
11.9799738362
12.0144282139
12.1980978108
12.4546390309
12.5148295301
12.6084015359
12.7578383703
12.9588658315
13.1856978071
13.2722373663
13.4990892612
13.5802479377
13.6094561799
13.7297880628
13.8361707363
13.9004041034
14.0152461498
14.1587616492
14.4736858121
14.5831342563
132
