6.00794056473
6.017742429
6.02733812392
6.03843064672
6.04482180383
6.05010223601
6.05372120465
6.05802231758
6.06338502848
6.06450033768
6.0800851312
6.08694768556
6.09226588465
6.09903908883
6.10421230522
6.11841934545
6.14887213983
6.15977924347
6.21432349093
6.30133133192
6.31073510131
6.35570676445
6.37727371449
6.38830473024
6.40340724117
6.41493713665
6.4392606021
6.45622011442
6.46814491283
6.4911227635
6.50161942218
6.52675884136
6.54346940658
6.55202564019
6.57487644262
6.58442003638
6.60641248317
6.60796882631
6.62377362539
6.67105591174
6.69741111999
6.69862670358
6.71811867228
6.73545079844
6.82252121386
7.3006600659
7.35330274077
7.36656503227
7.42890006448
7.44471293016
7.52141884509
7.60601580465
7.69134689616
7.95423526577
7.96549389137
8.048235244
8.05363801846
8.08296409297
8.120707924
8.1586368592
8.19395137494
8.20878992545
8.22084598788
8.2995539921
8.32761691671
8.41685688054
8.4977953841
8.51942386271
8.53760295676
8.61052534195
8.61724662749
8.67099492079
8.71771197134
8.8189002514
8.85737864027
8.90876590924
9.02914906864
9.11819478298
9.14816555916
9.30270030437
9.33227235411
9.39042181166
9.45428990565
9.49160129867
9.55122231517
9.60239688224
9.62714277784
9.6481498824
9.72205569067
9.81745722501
9.88998548626
10.3173021892
10.4012008678
10.4539543303
10.489323516
10.5491601822
10.6606533259
10.677047152
10.8671502589
11.2114751847
11.3989268365
11.4496366386
11.662578596
11.6977991527
11.8001639465
11.8360765944
11.9504334074
12.0236222531
12.0352739885
12.3222192271
12.481210909
12.7418407886
12.7967167345
12.9676613881
13.0331631233
13.3584592723
13.4120942724
13.6727037033
13.7662399286
13.9200239192
13.9817879617
14.7017368518
122
