6.0376532071
6.04046690386
6.05448316342
6.06419885105
6.0712120305
6.07663951568
6.09070913442
6.10147258797
6.12213089899
6.13362741151
6.14212754191
6.15752597727
6.16434304496
6.17674954662
6.18445663376
6.1927592441
6.21823070681
6.23800625987
6.24895151644
6.25265106152
6.25777186252
6.29274761648
6.29481579779
6.30077396649
6.31583997984
6.31760620114
6.33293029511
6.33651863085
6.34333046003
6.35960969957
6.36562013819
6.38561623758
6.39437570065
6.4185395674
6.42903949467
6.44104372254
6.45603029031
6.46718932657
6.47760670521
6.49943261565
6.51084775069
6.51362631904
6.53263098828
6.54465310442
6.55662383465
6.5728956768
6.59107016885
6.59776366046
6.60649110305
6.64250435551
6.65495177276
6.67801331107
6.99993435713
7.01496273359
7.03462144205
7.05684752855
7.0765402613
7.11582282394
7.12931522754
7.17326539636
7.20893401525
7.23955116645
7.25142916396
7.25861847669
7.2645479058
7.29840756483
7.35951920034
7.41186051249
7.44327454032
7.53170346153
7.56068150914
7.60645520367
7.63369845056
7.6815133546
7.70027008411
7.72645362059
7.74308116649
7.78091900955
7.84052563641
7.87882879666
7.93398510467
7.96444299849
7.98743484169
8.04807634202
8.11911765445
8.15079846168
8.18628762321
8.2012931954
8.20451366607
8.24675017405
8.31407053082
8.42041818559
8.52078569637
8.59761709905
8.63348512407
9.53675026334
9.97938919118
10.111042279
10.1160074271
10.1664675942
10.2356410686
10.2566052183
10.3068094057
10.4398232835
10.4709142238
10.5299103376
10.6811064436
10.8887039677
10.9352514545
11.0143472497
11.0784834046
11.1705826682
11.2606439985
11.4157793667
11.4404823685
11.4906736155
11.6082587754
40.3325623113
118
