6.0020065413
6.00457152786
6.0115820602
6.01220620433
6.01706713862
6.04163834015
6.04829154904
6.07362799508
6.08266983335
6.09587286832
6.10600316758
6.1223283321
6.12954046834
6.15412638645
6.2031837715
6.20515514499
6.21362131974
6.22763378079
6.24418814289
6.26360371843
6.27266796537
6.28581024274
6.30540467444
6.31509037016
6.31983583918
6.32071644974
6.38688779164
6.4029938596
6.42044961405
6.42386317749
6.44311580027
6.45909324189
6.46843062941
6.46964090228
6.48761477903
6.49675423427
6.49809125355
6.50532086426
6.50921648582
6.52288919168
6.55246496047
6.56865031509
6.59401185707
6.61062817742
6.61898723791
6.62337827661
6.64225974169
6.68829408791
6.69966314966
6.7273742816
6.73370394091
6.75329019508
6.76242705037
6.77689965102
6.78702826859
6.79100572529
6.81677814574
6.81944873066
6.84969622615
6.87362050616
6.93880173697
6.94717723745
6.97081196479
7.04366172829
7.08120250246
7.09252608648
7.09956737282
7.10248804101
7.11886423666
7.1385735686
7.1624676507
7.20657694069
7.27075285477
7.32502512247
7.34251373872
7.36400041947
7.39639761056
7.4716972601
7.50974917611
7.5272263563
7.54601794773
7.58193022408
7.60194589654
7.6680130912
7.6950596085
7.70306972189
7.73115291609
7.76381148065
7.79908035218
7.82735822605
7.84649602793
7.90635726603
7.9150448633
7.97566763767
7.9948680768
8.05489204475
8.10375409634
8.11890277948
8.15887642164
8.17571531315
8.19267444984
8.19874567999
8.25121264168
8.32350884351
8.3782061337
8.39654314669
8.47053980682
8.61219407308
8.6938710065
8.71116755528
8.82287649549
8.84294160511
8.86887735702
8.91814583134
8.96752977561
9.05174636027
9.12370586345
9.32574258494
9.3869606717
9.48160701266
9.51958511084
9.58658251492
9.69266112605
9.88658132072
9.93903386697
10.0433480866
10.0795909022
10.1455282032
10.1759659817
10.2521287498
10.257579089
10.6049744218
10.6307684198
10.6639011259
10.7107608283
10.7631605329
10.7890616507
10.8794754979
10.8890916408
10.9053086288
11.0694339201
11.1629331177
11.1707878112
11.3059585222
11.4697196795
11.4951618806
11.7309628095
11.8795840406
13.5342996194
13.7605528208
13.9601698119
14.1409606257
14.2765430361
14.3002226515
14.4641693541
14.7393023779
156
