6.01788115038
6.01918556326
6.04404304577
6.05136071789
6.06145867107
6.0771704416
6.08972872178
6.10901215613
6.12096989479
6.12648683712
6.13105313898
6.14158198832
6.14972042174
6.16355617812
6.17197691449
6.18239701296
6.50778650204
6.51419245981
6.54846016728
6.62322593815
6.6506835129
6.65225138768
6.72819189675
6.74729706543
6.87865161297
6.90643478201
6.9300374144
6.93358850782
7.00193636812
7.02852156549
7.03663314045
7.06494506977
7.0894832977
7.09989477642
7.11350879087
7.12501181778
7.15029761419
7.21638688637
7.2496952171
7.28154651152
7.30955474941
7.31882419007
7.35520045355
7.37822079704
7.42674575971
7.44008768311
7.45520998922
7.47660325014
7.52793180361
7.5603082959
7.6000665454
7.66017245368
7.69902651876
7.70332830743
7.72585887079
7.73454552927
7.78153116743
7.80934832153
7.85793080334
7.9287600556
7.96720480644
7.99483416929
8.04039318584
8.04678900975
8.06344755718
8.09710600539
8.15246236013
8.2222004175
8.25595752154
8.28201072382
8.32355801614
8.36825572218
8.4087210261
8.64363716855
8.74189435597
8.77268736816
8.84745491083
8.91035842365
8.93281015174
8.96171631184
9.03631564138
9.13233330031
9.19447933652
9.27514644939
9.37666570808
9.42661153011
9.46043920531
9.47820273388
9.48249639908
9.69132434421
9.73524927461
9.79945401487
9.97553602253
10.098530973
10.1547777925
11.1867903642
11.4664083778
11.5366096989
11.6484814748
11.7003100599
11.803246323
11.8520639847
12.1562857586
12.3216153227
12.4986362606
12.6340867566
12.8228644438
12.9107871444
13.1507768367
13.6422379204
14.2248202945
14.23940936
14.6952667126
113
