6.00396822539
6.00895059054
6.02788038993
6.02951753514
6.04374421679
6.04995109318
6.0576008242
6.06073965419
6.06660942498
6.0789911493
6.08677692686
6.1009802691
6.11185633032
6.11703791852
6.13493685501
6.14250675366
6.14901054237
6.15314079424
6.17737347138
6.20838227974
6.21162348808
6.21982091808
6.23219369078
6.24902712858
6.28308944209
6.28555848502
6.3009541773
6.31884690877
6.42422748203
6.43453448778
6.44637688742
6.46648584783
6.50430917209
6.53284249685
6.5557781852
6.57748434144
8.29638084709
8.3429056554
8.40485830059
8.43186784302
8.49508587849
8.53441762589
8.58466177666
8.75400816387
8.8291655465
8.85578519478
8.90567966666
8.96420901833
9.02945945383
9.06612237418
9.28660935711
9.30218322431
9.35026966169
9.37450666105
9.64361894881
9.75958835291
9.80263036083
9.81682918182
9.97623742647
10.02479405
10.1050262489
10.1412276229
10.1908543175
10.4301349456
10.4983530032
10.5062142143
10.5595231648
10.5854443338
10.7753595829
10.8250131303
10.892524973
11.2318918055
11.3169724149
11.3931746562
11.564786338
11.5997931632
11.7109376381
11.7900445213
11.8795501372
11.8990568339
12.0479757755
12.1009688367
12.3468686768
13.055235644
13.1106234333
13.3560611648
13.5852151842
13.8505329363
15.1179267006
89
