6.00640373232
6.01411294876
6.01718369699
6.0289981926
6.02993385315
6.03065210831
6.1907650252
6.20143249181
6.20894118818
6.21010188564
6.24569720023
6.26955856783
6.27179439247
6.28515191198
6.29845025308
6.30257040685
6.32418413946
6.32635335762
6.34052838979
6.34532781356
6.36108174165
6.36816235993
6.369209038
6.37262385448
6.38739576307
6.39607764093
6.49770367895
6.49923703347
6.51831197992
6.54054494147
6.58587473849
6.59609200589
6.61466606845
6.63351329323
6.6602062498
6.68660904765
6.69857569557
6.7028332518
6.73335611128
6.7463482944
6.77362921999
6.89942967163
6.93802127721
6.95511268213
6.97426270026
7.00325201356
7.03813022601
7.07131634158
7.07556205076
7.12612018244
7.1316696262
7.18223487705
7.20303138556
7.23855625981
7.25217501003
7.27537194303
7.78341179065
7.8478172062
7.93079353398
7.96000429993
7.96991560482
7.9754478381
8.02634569517
8.06831044662
8.0720960825
8.10802913881
8.37204241286
8.89067795887
8.91463966115
8.97694389639
9.0268449337
9.06127106187
9.07865944765
9.11258168132
9.19972884919
9.26071514086
9.33593563138
9.49522851219
9.6091029158
10.7066583184
10.7356265273
10.9783957448
11.0668501559
11.7412521441
11.8952285635
11.9869233122
12.1322844962
12.2292500356
12.3701479803
12.5184057888
12.6636119967
12.9034155556
12.9999146925
13.0264138031
13.2424690848
13.2547630835
13.6769129532
13.8130877277
14.20356554
14.5993771297
100
