6.00319746906
6.00528182013
6.01166865994
6.02225200405
6.03105608786
6.06799380894
6.08764787345
6.08928860614
6.09664108058
6.10206389558
6.10665532887
6.11790234648
6.12694239728
6.13666170207
6.13942979025
6.15227818207
6.16545224345
6.16953478068
6.17237433347
6.20215368618
6.20691298332
6.20793640241
6.24628503182
6.25562003444
6.26054357236
6.28312762725
6.29572606235
6.43224095168
6.43726462593
6.51662521925
6.52889124649
6.54006538935
6.54222880592
6.54613706067
6.55745961124
6.56798305201
6.58436894915
6.63092626822
6.63238888831
6.64762161643
6.65941498812
6.66038431668
6.67813146918
6.71177987458
6.71480656404
6.72751840853
6.7718797443
6.79015864205
6.82044144448
6.86866573726
6.88572457014
6.908482532
6.92637533438
6.93964005199
6.94595491895
6.95575573699
6.96167838812
6.97922214626
6.99585388576
7.0388448332
7.05947176321
7.09421068905
7.18547626085
7.24305471418
7.29375628995
7.30576626652
7.41530678484
7.45696114307
7.49766111994
7.50715989003
7.52568780839
7.56179079495
7.58098435998
7.58882133304
7.64910989739
8.17128554542
8.224026064
8.24981942871
8.2729092067
8.36741581817
8.37264278297
8.44312203591
8.50243297613
8.52823926115
8.5800104473
8.59835511644
8.66616017913
8.68540173471
8.71196070788
8.85059728235
8.8791436024
8.90414107906
8.92473526267
8.95236834792
8.96143242436
9.15584633989
9.53617111974
9.54440687554
9.55320251398
9.60144541589
9.611537086
9.69145787932
9.73987475962
9.77013024832
9.79290673253
9.89989551793
9.9570329611
10.1356088825
10.1699967918
10.1961103446
10.4028284275
10.5123802467
10.7014206462
10.7103779421
10.7625733033
10.9430296554
11.006652729
11.109947702
12.1141041269
13.1569078554
17.8085424714
121
