6.00677686727
6.01420662613
6.02338864517
6.02604185484
6.02695590569
6.02783351379
6.03921329539
6.17730423531
6.18345952524
6.18644319744
6.19693657225
6.20863138251
6.2233865364
6.23542935951
6.24089471911
6.3016467094
6.31175875712
6.3291710743
6.33943720776
6.34604830152
6.35865438605
6.36022976976
6.38202307562
6.39249298818
6.40539331979
6.41865446615
6.42798925477
6.44170543183
6.49701489009
6.51645135932
6.51945865518
6.52511925914
6.61569807965
6.62418765089
6.65179429292
6.66398072811
6.68318044284
6.69557938429
6.71037012001
6.73064873728
6.73210168384
6.73944899772
6.74742274064
6.76808366453
6.76973332017
7.64629984359
7.67575525439
7.70560265309
7.73636615574
7.77837237683
7.83371091082
7.94223782525
7.95694728093
8.00645955764
8.02967657413
8.04539771326
8.21813696313
8.26569663827
8.29775469839
8.34300731016
8.35336677251
8.45583077677
8.53195827472
8.59991500989
8.65931559681
8.68623996415
8.90007612718
8.92980686107
9.01286016446
9.06745863168
9.09884924474
9.1191486
9.197610833
9.22062840795
9.2624306835
9.31285148451
9.38274624981
9.74577001941
9.87736142422
9.93273977011
9.98599480476
10.6593931338
10.774440425
10.9068099336
11.1340215321
11.1601527821
11.1753424806
11.222651581
11.3136814922
11.3507430915
11.5936352719
11.6072435129
11.6680923449
11.7182452403
11.9806936054
12.1876344769
12.2905700651
12.3588074803
12.4575553817
12.4743861229
12.5741827647
12.9236881258
13.1270999834
13.3732287831
13.4681546921
13.7407456977
14.1300581713
14.1805243994
14.4594116381
14.597027101
110
