6.0013945849
6.01196802943
6.01255704218
6.02406017947
6.03199341153
6.03343277134
6.04026734586
6.04260729601
6.04867414104
6.05626615924
6.06303011116
6.08167415666
6.09750125547
6.1021549475
6.11743663384
6.12952288199
6.13371341206
6.14287352309
6.1469916485
6.14936713748
6.15553149412
6.16080531213
6.1685940932
6.17739210675
6.1867036054
6.19511478526
6.19574082339
6.19932017348
6.20041289658
6.20577362911
6.20978856482
6.22257593206
6.23824460457
6.24019945803
6.24770459523
6.28330291013
6.28703415722
6.2990024113
6.30573329289
6.31378473376
6.36641847253
6.37576895444
6.3974515759
6.40207441159
6.40687829284
6.4240611224
6.43281137144
6.43863104014
6.45412642062
6.46188046401
6.48724254296
6.50025186799
6.52255579153
6.5235988207
6.58883136896
6.6084394904
6.62379351037
6.63384572822
6.68248051723
6.69050488974
6.70092738249
6.71509029309
6.72348837443
6.75179024882
6.76788138832
6.79103977915
20.1338854499
67
