6.00459407294
6.01102120488
6.01159038369
6.01564383736
6.02117362753
6.02904694114
6.03327430472
6.04580521305
6.04740294003
6.06044220399
6.07399980762
6.08253022373
6.08367499635
6.08626905801
6.09670871044
6.10217847556
6.10925793722
6.12750124017
6.13900341001
6.15698015808
6.16222709059
6.16492264745
6.17174604926
6.20780656293
6.22967186254
6.26835529832
6.29421746862
6.29600811757
6.30596170849
6.31208673708
6.32161899267
6.33861461672
6.50128420312
6.50455903455
6.52030697709
6.53111744503
6.53673567788
6.55073004552
6.56524593019
6.59165387369
6.61245258524
6.62434154454
6.63757203073
6.6639052091
6.67245819999
6.68620492464
6.70383175748
6.72230261526
6.73928063904
6.75173382141
6.76704294037
6.76852966709
6.7723750024
6.78209057664
6.79852969338
6.82100041082
6.84521887533
6.85695528968
6.87713195064
6.89085640875
6.9439506349
6.96131326343
7.01103829332
7.03347903431
7.03715127629
7.30453798531
7.32765286798
7.34375865143
7.38687225356
7.40209990991
7.46145067948
7.4921415775
7.5183466986
7.54962902633
7.65245590219
7.6813379396
7.71699192566
7.74214309007
7.75512580367
7.78143331267
7.80112845063
7.88352771052
7.89144812897
8.02571639514
8.04821329606
8.16639468649
8.24485646019
8.26965904059
8.29493167532
8.34062373723
8.39864284163
8.45426785092
8.49847179513
8.55033764682
8.65749075055
8.70001491717
8.77046568888
8.79358465269
8.86278623901
8.93717602896
9.05799857368
9.1106796037
9.16379388029
9.23693865326
9.29295003597
9.38833401853
9.44897709356
9.48532720928
9.91561314317
10.073410409
10.1292685297
10.2768390232
10.393579543
10.8202475235
11.0316496848
11.0684673966
11.1097218953
11.194600099
11.3190445461
11.4106911512
11.6070404252
11.6820069752
11.6885040586
11.8024351259
12.1137476056
12.2277505038
12.3810585612
12.5412218793
12.5571872866
12.5771610969
12.6822780476
13.0473529738
13.4126915001
13.5437895611
13.8587669002
13.956104297
14.1949199697
14.583855425
138
