6.00909440576
6.01353814032
6.37972834446
6.39247630836
6.41439557618
6.41768994668
6.48408321288
6.5064364177
6.51702896118
6.53967981333
6.55203074634
6.5750225479
6.58273298437
6.62043256862
6.63826117343
6.66909876847
6.68056008916
6.70023299167
6.74344788151
6.76202078193
6.76450830136
6.78694051161
6.90186872926
6.91202277859
6.92803567194
6.96035463327
6.97947062667
6.98195038379
6.99029423899
7.00758845312
7.02168398053
7.02686652885
7.04510522695
7.08189819313
7.08507366927
7.08747325826
7.10055260124
7.12672402744
7.13481546161
7.17328117634
7.18124703209
7.2065549198
7.24470044239
7.26766658301
7.27508232244
7.31520597553
7.35300697666
7.40332770449
7.45813328058
7.47468314257
7.4877253332
7.54218826338
7.70242091763
7.73340158928
7.75621659422
7.79825295051
7.91654815856
7.9346726947
9.02623232595
9.05519659945
9.18770789909
9.22337792686
9.27019608425
9.33329311051
9.5309260293
9.54003563568
9.59230894399
9.67099227564
9.77081335577
10.0179025763
10.1519977803
10.1879277839
10.3059542366
10.315635103
10.3202058591
10.4101150114
10.4357255603
10.4666290523
10.7803665114
10.9072451141
10.9887723408
11.0245527037
11.0595579629
11.1947198589
11.3017781216
11.4476158316
11.5284762218
11.6530154273
11.7397246947
11.9404401968
12.0257362875
12.1976809383
12.3058135588
12.3170788775
12.4450743945
12.5100625798
12.6629744831
12.7704271944
12.8198272544
12.8521383266
12.9543258514
13.0179214209
13.1538138903
13.4001821949
13.5001934688
13.512449242
13.5795861528
13.6702954944
13.8602697826
13.8883049304
13.9183482806
14.3134511164
14.4753263121
14.5346973309
114
