6.00934913836
6.01812039593
6.02652690526
6.03411186802
6.03744974966
6.07299561007
6.10253164055
6.1090055043
6.12580961382
6.13155594126
6.13755153012
6.14200085074
6.2436957296
6.25436808998
6.26436048205
6.26971490765
6.28361302779
6.28831244594
6.30286033462
6.30540255269
6.31422620788
6.3213115356
6.34552435037
6.34848355482
6.35089195107
6.36124502338
6.3637997356
6.37016375927
6.37183883097
7.79879341139
10.1798279009
10.2248078348
10.2850142988
10.3657793437
10.4173104087
10.4535167642
10.4629435327
10.5038896823
10.7449248569
10.9023212133
12.2470621557
12.3932277711
12.4800478856
12.6173860676
12.8194711882
12.8406311636
12.9166331174
13.3962218148
13.4700850881
14.8975457385
50
