6.00405055476
6.01296283019
6.02662736778
6.02962594878
6.0309857513
6.03674511737
6.04319945629
6.05088833996
6.05158706329
6.05348606039
6.05592955731
6.06674668283
6.07121427039
6.07419284974
6.07573215413
6.09017831515
6.12672287435
6.13551620805
6.14166082889
6.14714697251
6.18806735959
6.193380581
6.21070234708
6.21682891297
6.2354497529
6.24270173456
6.25948971966
6.27516364093
6.27912040529
6.30338719937
6.31163170999
6.32007364762
6.32966982363
6.34219364064
6.3569397731
6.37076556235
6.39553448152
6.4038592561
6.42225100278
6.42334317122
6.47129992457
6.4793597688
6.52056256244
6.52144677957
6.53112889586
6.55385241718
6.56972632945
6.73944122473
6.7605633955
6.79332550716
6.80799372858
6.85124781229
6.86150145453
6.86959462194
6.89635305986
6.92737113032
6.93702932762
6.96042550112
6.96927050773
7.1610322826
7.19583744779
7.23188562294
7.25362345084
7.27843661503
7.32617138371
7.36525240411
8.35109397638
8.60734980074
8.80955906298
8.8569802429
9.01526931595
9.06720601305
9.18968829124
9.23179753795
9.32664601616
9.42819737919
9.49462506994
9.55814679357
9.97713388744
10.0051139565
10.0718651411
10.1284886043
10.1480572131
10.1936686195
10.2276277417
10.2425789999
10.3527823774
10.4456187117
10.4898137683
10.5528591081
10.5635608543
10.6516590244
12.306642676
12.4238605891
12.6113107708
12.7431238056
12.846661861
12.940129045
12.9790981751
13.1591630286
13.2719570021
13.5191558325
13.6752585565
13.7675296519
14.0943141397
14.2258476761
14.5412210981
107
