6.00887505519
6.01503848267
6.01830883219
6.02592057927
6.0708035368
6.07136170793
6.07243769667
6.07701747039
6.0868693313
6.10731224977
6.10834432029
6.11598924865
6.12061199089
6.12515588274
6.12606568489
6.13028516446
6.14459651889
6.15208008162
6.15905662874
6.17090371705
6.17477742119
6.19402213087
6.21879717819
6.22460307661
6.22939932725
6.24508864651
6.25917610286
6.27626976539
6.28046682533
6.29027870623
6.30376613392
6.31830742954
6.32632161649
6.33529697114
6.35324009341
6.35916700547
6.36554185354
6.37313913548
6.38542959991
6.40462716421
6.41663339769
6.42410643605
6.44180079446
6.45486110333
6.47363799417
6.48532418149
6.51488048449
6.51766978739
6.55096233781
6.56010733968
6.56630720947
6.58218675384
6.58498486213
6.59112690844
6.60389062551
6.63139601235
6.6633120128
6.67903456863
6.70756591278
6.7170521633
6.73270908545
6.75812017037
6.76030427974
6.78125059158
6.78267209891
6.79608676614
6.79817245658
6.80015900632
6.80363027979
6.82181248235
6.8539484302
6.86591827948
6.90568167328
6.90751882843
6.93731360073
6.93933696589
6.97284356304
6.97523357954
7.00484674811
7.01328817293
7.02569215974
7.04184646339
7.06537346738
7.14462117352
7.16918970693
7.2149818868
7.22453488431
7.2333259881
7.24686370898
7.28586406105
7.30440986652
7.33201238531
7.36888672965
7.43647340724
7.4812733869
7.49858329248
7.53272429487
7.59257108461
7.62525544629
7.66783320947
7.70484500825
7.97700981769
8.05110235567
8.05546032743
8.09318134391
8.20558545811
8.26061433722
8.2647816174
8.2986599321
8.30830066447
8.33153821333
8.33892098875
8.43858815924
8.56654200116
8.57785101662
8.68156780718
8.73103640093
8.75825895197
8.8315912604
8.87179462397
8.93280783491
8.96377456144
8.99891568471
9.01421472597
9.03408964555
9.19286744817
9.24967494263
9.32822227861
9.34317281825
9.40769688693
9.51106972412
9.549885957
9.57515694128
9.93897977182
10.0581029351
10.1137112813
10.2941732745
11.3675041797
11.5320884121
11.5586448244
11.7211593101
11.8641035109
11.9896580044
12.0358461656
12.2298900693
12.3907856425
12.8999558815
13.7560045669
13.9106737673
14.2336088287
14.3051024122
14.4199209616
14.7692364526
153
