6.00662822692
6.00896096638
6.0112796555
6.01862639779
6.02595217652
6.0452771505
6.05992030736
6.06834162927
6.08906420528
6.09778271786
6.10718827909
6.11304739221
6.11686169333
6.14457736
6.14793720701
6.15382986328
6.1715269318
6.17734182445
6.19076041692
6.21069039089
6.21547569543
6.23062202812
6.23971705915
6.25273297415
6.25839372858
6.27092045411
6.27953592464
6.28698484557
6.33029756401
6.33547319715
6.34338880686
6.35938555356
6.36581474985
6.38103079823
6.38765895104
6.39743885608
6.3991421999
6.44691886146
6.46048530976
6.47489233549
6.48325540783
6.49656620274
6.54227047422
6.64732391371
6.65137908698
6.66694379828
6.68636483601
6.70105261973
6.71478337484
6.71827675578
6.74024800708
6.76484556396
6.78695811756
6.80313197077
6.82335609232
6.85175099996
6.88373052265
6.92629838415
6.96315056657
6.97394203888
7.12831611375
7.16750856741
7.23583294897
7.25771518402
7.27071536902
7.31855085133
7.36283086336
7.37321315723
7.37828131493
7.38663802821
7.40320517197
7.40986201064
7.45248112062
7.51925816123
7.54194943408
7.55655221701
7.56003645983
7.58541722505
7.61990325906
7.65883559978
7.71386226929
7.75034269802
7.80244617258
7.86473195332
7.90372717107
7.98912777714
7.99492592337
9.13566853384
9.22775541858
9.29735438468
10.1355236815
10.2508985442
11.9313042095
12.2485290326
12.3344377734
12.5632236127
12.57654839
12.676257952
12.687924737
12.7806474375
13.1726117605
13.2571663459
13.4662251219
13.6673860078
13.7202114137
13.8851824362
14.075986885
14.2799321801
14.3780105273
14.8057863596
110
