6.024313584
6.03201798645
6.03378511717
6.04179249204
6.04605673099
6.05785776625
6.06809524724
6.07909550671
6.08957448259
6.09074776826
6.09810323007
6.10744155808
6.11615402741
6.12442892831
6.13108263214
6.13642823803
6.14050131124
6.15476778549
6.16186624272
6.17598116451
6.18928074098
6.19828039302
6.20086355254
6.20872967262
6.2136207417
6.22625250068
6.2302926188
6.23107233166
6.23521387445
6.24383209826
6.25151900247
6.25877514837
6.26341815879
6.28311651412
6.2867058713
6.29959760671
6.3407754534
6.35622976677
6.39214976725
6.40209872811
6.42561801561
6.44545309827
6.44698271249
6.45318836469
6.46799077092
6.47706953849
6.48534010383
6.48892231573
6.50817745514
6.51704336468
6.54360394534
6.54988761232
6.5746486936
6.58138578528
6.58736712148
6.71729661231
6.74996696183
6.77956899505
6.82140401706
6.83073781647
6.84260434269
6.8444901744
6.92233715087
6.96721693664
6.97801965903
7.15773922024
7.18481797328
7.20946019337
7.23949334364
7.24279473987
7.25918293345
7.27427497779
7.34265424904
7.34753974943
7.38397842255
7.45087072821
7.45618257464
7.45881050574
7.46512319875
7.4807609175
7.6006486752
7.65248129245
7.68221373961
8.46217853271
8.54516711081
8.66115947509
8.81172139827
8.95332610986
9.25801881767
9.31865286982
9.38637748611
9.45796952047
9.53733113528
9.57035522408
9.82670987616
10.0425086103
10.077462542
16.2558662711
98
