6.00369126589
6.00984829587
6.01299214147
6.02069213943
6.02754446006
6.03434491868
6.0426195985
6.05019472518
6.05558416577
6.0565469806
6.06461879434
6.07483982527
6.07956888805
6.08244847243
6.08560371085
6.11121910784
6.11861022001
6.13250321372
6.14639966151
6.16931688919
6.18767160872
6.2685920979
6.28213212268
6.29926467477
6.29990452785
6.47846539793
6.50255592035
6.51060375417
6.513350112
6.52164254717
6.53184244875
6.53678018061
6.54056295562
6.54850221119
6.57613948076
6.58321317315
6.59970451913
7.60922933437
7.63884464738
7.67594250108
7.68769349754
7.70882139188
7.7128041817
7.79267740803
7.87368122073
7.90838559287
7.94075200613
7.96698652539
8.07250464114
8.08740636475
8.10407407609
8.20340308042
8.23954062481
8.39864013569
8.41123833894
8.45774134787
8.5408476795
8.69433458701
8.71838785489
8.80576517229
8.83615133576
8.87154602789
8.94843916012
8.96099456355
9.03170256217
9.04902006938
9.10004167314
9.14557135435
9.16571313071
9.17394919291
9.24729004234
9.32495866857
9.97062856604
9.99553671497
10.0688003668
10.1643065938
10.2133721183
10.2732185943
10.3283412641
10.3763625801
10.4719179989
10.4779532905
10.4830905856
10.5506988925
10.6864474055
10.7811443881
10.8990372941
10.9076627232
10.9506792689
10.9982246399
11.1387272197
11.2742892081
11.419992644
11.4524395813
11.6214370752
11.6873194767
11.7614934872
11.9338419616
12.0678060819
12.1097258547
12.2084159519
12.228467797
12.320730382
12.429320931
13.3811106459
13.4228133487
13.4408945413
13.7491978578
13.998319364
14.1818988766
14.4746203619
14.6414819447
112
