6.00861862936
6.01214342306
6.01941670509
6.02353322149
6.03252849397
6.04319297192
6.04771559225
6.05167650659
6.06514889273
6.07165787838
6.08700015239
6.09121406747
6.09892446739
6.23361038346
6.26917613445
6.27027535898
6.27528851199
6.28650643136
6.30266109775
6.30687172434
6.3167655857
6.32830749936
6.34170044315
6.34539878949
6.36059080233
6.37579464229
6.3915362785
6.39933666435
6.40467740296
6.44798517975
6.46224279675
6.47235673847
6.48487078347
6.49688378283
6.50969333691
6.52442361982
6.53970087862
6.55132319991
6.57006782497
6.59812349382
6.60583600152
6.60788653693
6.60934166312
6.63527383152
6.6437650348
6.67689858258
6.69977884385
6.71774227686
6.76389704335
6.78104938705
6.82049378828
6.88420457299
6.89351647579
7.20685301159
7.40610351992
7.44185363959
7.46765830218
7.48806337749
7.52768011588
7.53936824114
7.54965509239
7.66714626377
7.6900009027
7.69661616739
7.75824661404
7.77267574647
7.81788787881
7.89449428553
7.9000954857
7.95864449764
7.99907664895
8.0126687682
8.06096972283
8.0858713169
8.12409258528
8.15184561825
8.19212272021
8.32489614896
8.42578174178
8.45753836166
8.51637241822
8.56895236181
8.65145564359
8.68711171113
8.73958674784
8.77997160481
8.81461810794
8.89102381415
8.99152959415
9.03827591552
9.05384287091
9.0748334515
9.17184903526
9.18976043612
9.22603347467
9.52497732642
9.55434043592
9.65120505118
9.93122993078
10.0785823093
10.2278005867
10.3294558211
10.8166913317
10.9828596002
11.1052397882
11.1591969483
11.2331460755
11.3287802527
11.3911347869
11.500000827
11.6319856098
11.8035705518
11.8138708326
12.0435243714
12.2304833626
12.4062682671
12.538250459
13.5482027717
13.6043503129
13.8702052669
13.9149706058
14.1349291451
14.5482276662
123
