6.6683831674
6.69642455964
6.75332970359
6.75571628635
6.79562511415
6.80573429033
6.81856109024
6.83271586888
6.83641091804
6.86439500486
7.00762291465
7.0238252643
7.03061105095
7.03924293416
7.11931250883
7.17239278137
7.20010915893
7.21358649132
7.23071474726
7.29033024123
7.32031175308
7.49127189681
7.55420476077
7.73016713213
7.74235118925
7.77757496672
7.78325328403
7.84326493682
7.8573660077
7.9029010945
7.92587871478
7.93673043824
8.00498061957
8.01401738215
8.06348406234
8.10578909158
8.10913159208
8.70244786511
8.70922711284
8.76225865933
8.80104189859
8.90069361536
8.99845659679
9.04142208731
9.1140013322
9.1387973133
9.16304458886
9.1982761307
9.20610868284
9.24007067638
9.93691134242
10.017189787
10.2502464073
10.3001568596
10.4274751999
10.5615845008
10.6230789354
10.7871098467
10.8533459557
11.0960488743
11.2612060716
11.3550109878
11.3611828193
11.4000096922
11.4446703022
11.5096877229
11.6605264508
11.688753503
11.8907882996
12.0524302048
12.1530159834
12.3029790217
12.4877245217
12.584878267
12.6641996261
12.7055927013
12.9149182119
12.9766876783
13.2114330718
13.4155361427
13.4606320786
13.6533555962
13.7687799954
14.0003812112
14.0213054798
14.1671000686
14.2196247725
14.4532943285
14.5148980068
89
