6.13504864132
6.13771659806
6.14286117909
6.15014532534
6.15422541886
6.16862324998
6.18607741354
6.19101539579
6.19439695735
6.20310189406
6.21229400576
6.21369768151
6.21635026498
6.26340578955
6.29273948582
6.30172130764
6.3065071684
6.30895974074
6.3132248835
6.3140612681
6.32627196814
6.33743898448
6.3384918021
6.34904893551
6.36013153084
6.63378917163
6.65643422895
6.66178411502
6.68768005435
6.70987974184
6.75948579198
6.79286087313
6.79536548091
6.80267994515
6.81410431924
6.82478335002
6.84126460531
6.85873339467
6.87448451791
6.91652002979
6.93940110505
6.95656159397
7.00173566089
7.04006436567
7.05601627043
7.10470786526
7.17202510192
7.21302848152
7.21862764869
7.24540702589
7.25717591333
7.27957278766
7.30879892988
7.32343919263
7.33597291526
7.34799250778
7.39508485457
7.43310405281
7.44969278683
7.58715368656
7.60523794517
7.6197743595
7.75086527696
7.77394273499
7.81577939553
7.83088766102
20.6892438598
67
