6.01170047598
6.02397990712
6.02854757918
6.04296729302
6.04417012397
6.14236190808
6.14449342276
6.14746811928
6.15305643322
6.16695901974
6.17682293843
6.18252058061
6.18386334742
6.18481792043
6.19473800054
6.20461069115
6.21199935711
6.22006469791
6.22982469458
6.25227398385
6.25823899907
6.26361459215
6.28416294831
6.29740799793
6.3015134311
6.30695322438
6.30769129193
6.40915204777
6.45693908819
6.47891743667
6.51460475421
6.53518190124
6.53814085431
6.54508031672
6.55290166694
6.55724904494
6.57873752784
6.59296583416
6.6971891372
6.74393548597
6.75473387802
6.76947020497
6.77758639506
6.78841864272
6.79598895143
6.82220087928
6.84599734737
6.85897959306
6.86470432724
6.88834063229
6.91268151477
6.91820508681
6.97049888501
6.97194383202
7.39532600146
7.61020369322
7.70299880699
7.75488165299
7.85330906614
7.88196940919
7.92516904566
7.97020308475
8.01832356732
8.07693309412
8.07957813159
8.1396983989
8.15583512668
8.20776120214
8.26790958976
8.36695733857
8.53509610806
8.584572133
8.6839731234
8.70769412268
8.7353930442
8.75146231135
8.79874702145
8.86820161359
8.90829869354
8.93931772301
9.01538671833
9.0843069694
9.35462232621
9.3689703749
9.4223560232
9.50305056734
9.519487758
10.087874458
10.9389260843
10.96451973
11.0387384799
11.1053352224
13.4077204108
13.7580770454
13.7967680537
14.1751506141
14.3660530184
14.4702508726
124.165351196
99
