6.00434907969
6.02141410378
6.0935693654
6.1053711844
6.17414269048
6.19607196659
6.20691917997
6.4410636032
6.45800913662
6.48542159281
6.50666976967
6.51360954383
6.52896304363
6.53389781375
6.54311740151
6.56494541592
6.58959974787
6.61039414073
6.62088085234
6.64522401581
6.65800988704
6.66701791852
6.66900833925
6.67914650461
6.69593967012
6.70773090433
6.76120681788
6.76294377669
6.77843989203
6.79862506711
6.81596964392
7.28610229563
7.37048217708
7.43572265977
7.49832593915
7.50096555211
7.62179647895
7.65250843563
7.69563671286
7.71187995214
7.76655732473
7.79089095721
7.80875105262
7.85907736682
7.90106687733
8.21223675717
8.248820441
8.29846835113
8.3339176298
8.45213104117
8.47843436079
8.54919865931
8.94448533504
8.95795290474
8.9937278696
9.04573966
9.99275801512
10.0384641926
10.3134331555
10.3952324901
26.0420012754
61
