6.00846605631
6.01942820757
6.03493397046
6.06067301223
6.08342884683
6.10149255561
6.11620443138
6.12196910805
6.13095233076
6.1371446324
6.15019111978
6.15605350317
6.18082101332
6.18189607764
6.19823469096
6.20163302134
6.20453156609
6.21079528577
6.22980966675
6.24408782419
6.25855877199
6.26664235836
6.28721008838
6.30678656021
6.34144746779
6.3557622521
6.38485190912
6.4006460668
6.42780251307
6.43450963677
6.45508447878
6.49606703988
6.50249895931
6.5066527671
6.5151536129
6.52458471266
6.52775915639
6.52920897575
6.53396791212
6.53505276522
6.5447853425
6.56774585044
6.58749361052
6.61764962828
6.62665479617
6.64356663273
6.65503043299
6.66093006664
6.6726899682
6.68402465307
6.70209073967
6.70381738815
6.7311731307
6.75124661658
6.79027707959
6.81486419823
6.83210024198
6.83959678499
6.9141643204
6.94276657834
6.97546853289
7.22290490845
7.25094726152
7.32712823117
7.33832508462
7.37341310192
7.43830998038
7.49894202638
7.50561431313
7.54233014962
7.6045118815
7.62039666733
7.66623392611
7.69830028328
7.72853545173
7.74587834949
7.77807221694
7.80366039255
7.91539026745
7.93690249759
7.98785070706
7.99631238875
8.22901878216
8.2648638441
8.29523689129
8.3177119163
8.35330881178
8.37943038483
8.84624110254
8.8755414263
8.88189655286
8.92998764975
8.9675879497
9.02315824959
9.04166917297
9.20098798144
9.24170736252
9.29193358991
9.40345402702
9.46950046083
9.48147256787
9.51052085077
9.56917401351
9.77993350763
9.83103955249
9.85593768245
9.96006680712
10.0168328055
10.0248207699
10.0464454507
10.0655088149
10.1133481226
10.201830527
10.2709170094
10.3628356916
10.4076927801
10.5068197719
10.5645370608
10.6287612473
10.7167872553
10.9049878079
11.183303247
11.2544644873
11.3679161608
11.400501764
11.6740542893
11.6972943453
11.8022576881
11.9632733539
12.0678524207
12.1604922463
12.86023064
12.9185759433
13.0885146888
13.2727565588
13.5720965163
13.66254529
21.2194527665
138
