6.01472759757
6.02593354019
6.03705573603
6.0513098049
6.07021099124
6.07404327838
6.07875614646
6.08986913266
6.09658263276
6.09720628814
6.10605380452
6.13065079659
6.14610641047
6.15646109409
6.16076316609
6.17099810073
6.18721552246
6.20650299147
6.21711243051
6.22574910716
6.2637345573
6.26962338821
6.28277510255
6.29543907123
6.31779296793
6.32376297463
6.35551246893
6.37660540667
6.37861003706
6.3798878455
6.39538986271
6.40322823336
6.43037800385
6.45028759299
6.47318099901
6.47667725184
6.49965524613
6.52697622172
6.55305022967
6.56552057385
6.58085993929
6.59104485234
6.60898327528
6.61390125173
6.61524503396
6.6261304153
6.65755169024
6.67313475262
6.70154688111
6.7269431103
6.75660929255
6.78124317953
6.79091344971
6.80607336197
6.81000517803
6.85013817148
6.87491026805
6.90984363501
6.93472381538
6.93776768464
6.95383184172
6.99217933037
7.01796609775
7.03078523556
7.05970068932
7.06186190036
7.08312005584
7.09409722175
7.11911930587
7.14797865518
7.18052609999
7.19813504336
7.20423936147
7.82461106041
8.01591900076
8.0188850574
8.05120255444
8.05539592401
8.08999294617
8.11850338818
8.15987460418
8.23860369117
8.31181678055
8.3530599232
8.42012260022
8.47805698138
8.52604812648
8.7297679085
8.81205204228
8.84390679345
8.94239680622
8.98091412571
8.99817803235
11.8000359576
11.9020489986
11.9492172682
11.9936546991
12.1565408476
12.2824920867
12.4940874231
12.6959524823
13.6151407655
18.9874826581
103
