6.00302566306
6.01272808414
6.02783402286
6.0289821552
6.04040234045
6.05196568776
6.06081363993
6.06530209408
6.08882698041
6.10101056839
6.13036289198
6.14316262903
6.2661084031
6.27472177705
6.30425825343
6.31372316513
6.32111589864
6.3322735591
6.34136616902
6.34701540052
6.35240712671
6.36052049491
6.38551711309
6.39234031103
6.40416766579
6.4528325897
6.45701173093
6.46691348836
6.54294559189
6.54430891565
6.55060917824
6.56801964281
6.58730336005
6.61231850277
6.63690567747
6.66632935301
6.68680692646
6.69383985142
6.72258734829
6.72491570363
6.73657238617
6.79651086243
6.81558661424
6.82277716609
6.89666589464
6.9167787679
6.95949039056
6.96173481928
6.98480545847
6.99831687712
7.0276291997
7.03510761353
7.04497876235
7.06750775678
7.10477533255
7.128353387
7.19699426401
7.21750738477
7.36279001534
7.40992203805
7.41317018678
7.46789952887
7.55938608699
7.60793616297
7.65274859568
7.69172994517
7.7492983682
7.75713151396
7.82290105729
7.83621944213
7.86775924879
7.90861562591
7.93382591437
7.99658278376
8.02062027752
8.0264336365
8.08935154146
8.14530499469
8.22660157281
8.41419565671
8.4303656411
8.46123019306
8.70067407002
8.77422120101
8.85336044143
8.85912554307
8.89762232248
8.92014346759
8.94111025008
9.02014761535
9.03590112098
9.07029729793
9.19185595334
9.20903317145
9.29979168483
9.46134830738
9.49961401775
9.58888773931
9.64074295481
9.84458284447
9.9059045599
9.93504117825
10.0417439323
10.1582534157
11.4167041871
11.5332479496
11.811863427
11.8746556672
11.892269226
12.0384853792
12.2983159497
12.3913712993
12.4889158221
12.5307320771
12.6337250259
12.7566129249
12.8524021545
12.9372580536
13.0523112102
13.0646819332
13.2600184791
13.4351147787
13.5154221329
13.5323600382
13.6837107794
13.8765420383
14.0219641416
14.279385937
15.0934603126
129
