6.00469114524
6.02422686394
6.02979861332
6.03822365373
6.04579912757
6.05243507518
6.05517998487
6.05578394451
6.06350637324
6.07419558098
6.08173044921
6.09382675784
6.10263952872
8.21713740616
8.28337998002
8.31999716181
8.38152880865
8.50088726516
8.71716144415
8.79210381108
8.89981533494
8.96161087357
9.05431762243
9.09343025267
9.18900266425
9.35439782695
9.50225586852
9.56638477671
9.99981119523
10.1089879701
10.1827161691
10.243130736
10.2955616202
10.3220282415
10.85253103
10.9803969105
11.1819089059
11.2084397578
11.3419596949
11.4171771997
11.5453627981
11.5774704549
11.7993578639
13.454641724
13.889121834
14.0505768175
14.2800495954
14.3057982311
15.162884356
49
