6.01700481832
6.03310727735
6.0378085138
6.18722241533
6.19261796283
6.20375485172
6.31409682049
6.32177119457
6.34115833938
6.36419638594
6.41633225839
6.41715386733
6.45198921399
6.47985146625
6.48972045171
6.52267870646
6.5818401538
6.5987594971
6.60993230745
6.63251131004
6.63414715553
6.64876115453
6.66228218617
6.67250709371
6.72672303443
6.76277944852
6.79583647571
6.80976646545
6.84494640567
6.8709897395
6.94162606934
6.96166303093
7.05681720158
7.07660256813
7.16711497482
7.17561617191
7.19649910883
7.2278085319
7.28187334764
7.29721622991
7.30947312627
7.32118429286
7.36531090439
7.39278043942
7.40838058664
7.45233334056
7.47258309512
7.4949946815
7.51362115621
7.57790568203
7.57993114256
7.62559056301
8.02958814213
8.05349886118
8.09152041802
8.10699045824
8.13777315281
8.17267421634
8.22777974887
8.23136060807
8.26860225637
8.41570679838
8.48518348446
8.52514540139
8.54137319017
8.63490647271
8.65548578809
8.69289614226
8.71238026499
8.72251881723
8.99422690143
9.09101603242
9.11599069497
9.19718100581
9.29975324601
9.35827876832
9.47109389858
9.47709455302
9.54603523374
9.64526902864
9.7531869702
9.94404741732
9.94983923799
9.99796866583
10.0467728011
10.0798125421
10.1654176712
10.2340859513
10.2522076141
10.3513238542
10.4214469898
10.4825664288
10.5345472332
10.641872679
10.9960685035
11.0904020543
11.1517040782
11.2249314607
11.2999070326
11.4324391665
11.443859577
11.6056859662
11.7951114057
11.8621791704
12.2598249534
12.5643868705
12.623502061
12.6773675618
12.7192456078
12.7334506335
12.9664111589
13.052515747
13.1427117735
13.2177073225
13.2375188023
13.2953818787
13.5148848142
13.540609086
13.8700246194
13.8886948769
14.0243631354
14.0800478873
14.2166040623
15.4969852405
124
