6.01392506525
6.03405808253
6.04426824942
6.04764210717
6.06144469392
6.06658052113
6.0766798542
6.08852860085
6.09791112272
6.10117749135
6.11013778755
6.11991017678
6.12105207315
6.12656906861
6.12972572327
6.13428911942
6.16262389324
6.18067399988
6.183407423
6.19994446636
6.2096056611
6.21355786894
6.2518746647
6.25314000919
6.26276796827
6.26607050593
6.27604091124
6.31925366848
6.34689090072
6.35318860342
6.35439487336
6.37659219832
6.46539728654
6.51548176753
6.5664423513
6.58052741563
6.58454575416
6.62763406699
6.66589777904
6.70126722587
6.7225583251
6.74843915736
6.75088000175
6.76633658562
6.90486686702
6.91697834298
6.95292375378
6.97557071258
6.99771266886
7.01232201384
7.03871740483
7.14055655505
7.1541485454
7.19465318335
7.20215734068
7.21487794394
7.23406545133
7.26563289694
7.26941995068
7.31345726142
7.33146448297
7.3564771232
7.38040078702
7.44428761274
7.4901228792
7.49875388079
7.5283628229
7.56085335211
7.58002732621
7.72790886556
8.33954280697
8.42814118123
8.49487661277
8.65325681218
8.72789709176
8.75672843536
9.04688534296
9.11887848881
9.13687403931
9.18163280865
9.24206949328
9.46326503013
9.69624807893
9.85945269734
9.95193236161
10.0362756115
10.0577450745
10.5794709908
10.6358081828
10.7484100621
10.7931109328
11.3750701071
11.7789432572
11.8799631459
12.0518273389
12.1511665988
12.3365840358
12.4565631072
20.3672854517
99
