6.06483545854
6.24562664397
6.25210063963
6.25335208523
6.28882494299
6.32778345534
6.32870467613
6.35612780885
6.36101251027
6.3798428279
6.38110366397
6.39548900691
6.41517242545
6.42393925624
6.44230135491
6.4497008886
6.46617710043
6.47451976675
6.51249218044
6.51772767977
6.52521297691
6.53971797594
6.55122010064
6.55651161692
6.57559237126
6.60160502867
6.61891426823
6.63562916044
7.04815369693
7.07558648538
7.14088690874
7.18155682675
7.1843576588
7.21948491742
7.24139796607
7.2884869166
7.31850017322
7.35766745736
7.36632327275
7.3764505265
7.65292733848
7.71833470723
7.72515433325
7.75068309087
7.79592349882
7.81100460867
7.83235998626
7.84517964062
7.86884305651
7.88290079134
7.95298782756
8.14889068341
8.17623584931
8.23484261549
8.24536027374
8.295242985
8.3090824002
8.44733091888
8.51007480926
8.53225082969
9.08524229235
9.12136698047
9.17630763567
9.21302816991
9.37003488633
9.42857884134
9.43363156772
9.53341805913
9.65107026839
9.80663045848
9.81386869866
9.93967971706
9.97628955862
10.0260653638
10.100319484
10.1377726473
10.1976781971
10.2414509247
10.2817797661
10.3819789438
10.4783638072
10.6683221084
10.8704131977
10.8997562625
11.036633747
11.1604312229
11.1723719624
11.257138601
11.3630777239
11.442488611
11.5134828091
11.6543162267
11.9551658412
12.0134901748
12.0734473547
12.1031099038
12.1720655984
12.1878425295
12.9143322361
13.142708985
13.2663653096
13.3613148802
13.8214462398
13.9037869606
14.4701030098
14.9742391503
106
