6.00654481348
6.01722906885
6.0314403039
6.03766451781
6.04333530573
6.04759803945
6.05312604515
6.05779469319
6.06491021723
6.07585343786
6.07747376104
6.08797518272
6.10021888171
6.10895761647
6.11401907985
6.12087368468
6.13438776398
6.13916036483
6.13980560931
6.152486185
6.15596888238
6.17163978771
6.17322437423
6.18155126757
6.18712450038
6.19616900152
6.21565594443
6.25637925454
6.27173141576
6.28184290149
6.28752099422
6.29594019137
6.31653606662
6.33278140373
6.34643559789
6.36490625119
6.38525729447
6.38919841731
6.40361319326
6.40472138094
6.41003020675
6.42666990913
6.44127291766
6.6858858432
6.74392029903
6.75005183815
6.7529327481
6.76532990528
6.84717309202
6.86134849427
6.87582316593
6.88868757698
7.12231615901
7.14862155326
7.17902319439
7.18404059578
7.2108092187
7.21386921947
7.21973710391
7.27287886247
7.32115089372
7.36891600468
7.39610864421
7.39851294606
7.42565263123
7.43728702342
7.4817159284
7.53254530861
7.57529245124
7.57888296734
7.65900656581
7.66619400554
7.70976941482
7.72440077156
7.77054425315
7.82062440561
7.85379096421
7.89597728838
8.0436557367
8.04936959529
8.53774962746
8.54720083793
8.58733331422
8.62924785311
8.64291241454
8.64794066897
8.67407074218
8.7160582752
8.7761308077
8.82632369167
8.84503594442
8.84984805118
8.8950039786
8.99652703218
9.03585353076
9.07016245424
9.10753993021
9.12759189071
9.18879612319
9.19512660779
9.2765368528
9.31152132847
9.33885643308
9.38827555487
9.45186010323
9.52526899013
9.53707571836
9.56261092148
9.6290916738
9.68595800774
9.80518283546
9.91384946303
10.0192630273
10.0933697407
10.1370243803
10.1642796412
10.2636465989
10.3387703318
10.4115958752
10.534373514
10.5419287407
10.5795332396
10.6851145351
10.7569647695
10.9251425845
11.1165491059
11.2107563162
11.4482672149
11.7654912517
11.8237885377
11.8921677534
11.9277527493
12.656878399
12.6743045693
12.7757095257
12.9394766578
13.0909974258
13.1161470813
13.2790277646
13.3896021515
13.6966445711
13.8733285243
14.1938169497
14.4236378661
14.5174718869
145
