6.00315788184
6.00616216949
6.00743781031
6.00886477235
6.0269863905
6.03255872357
6.05467761973
6.06489029786
6.07288242121
6.08809101751
6.09760484571
6.10169553972
6.10898888915
6.11481656718
6.15127378976
6.15925022475
6.16165909771
6.16771696616
6.17168116541
6.17234573558
6.17351535985
6.17942791931
6.18466333858
6.26324419925
6.27007298906
6.27479463382
6.28251513157
6.29706428635
6.30744773932
6.31997847306
6.34201866042
6.34609626757
6.35475367882
6.36338248216
6.37842456808
6.38412916594
6.3929399276
6.40630210553
6.41032065083
6.41974456942
6.43061071772
6.44793899989
6.46276522227
6.46520842491
6.47999747492
6.4860159014
6.50089090581
6.51386516022
6.52894968834
6.53157621261
6.54391855698
7.29331075321
7.35805195108
7.36098860737
7.38823402553
7.43470960191
7.47797485071
7.51375512244
7.57509904451
7.57715340226
7.61949569225
7.64439260633
7.76725563665
7.79112953239
7.80375988579
7.81325938745
7.87062125734
7.8995795478
7.93393315579
8.20047210116
8.24743063755
8.34259928578
8.37971808846
8.44750394194
8.47719233488
8.53536916885
8.63806945364
8.66315511807
8.71158259802
8.71513139934
8.78984207155
8.8176397418
8.84451440643
8.91031762704
9.34478244626
9.65789598297
9.75202224333
9.84525812811
9.90457819954
9.99965445155
10.2014202581
10.3545737833
10.459724185
10.5535877058
10.7328713644
10.7688376304
10.8188716605
10.8321064678
11.554676213
11.5888593358
13.085825026
13.4485888058
13.7101242194
13.8068368159
13.9895585476
14.2584397626
14.316456089
14.5203930969
108
