6.00831865959
6.0257982275
6.03443780023
6.06258193629
6.07064436001
6.08087031271
6.08830090528
6.09386020925
6.10424188412
6.10951031799
6.12696048034
6.12949813593
6.14028146177
6.14533881139
6.14790593639
6.1578052208
6.1648763966
6.17199576531
6.17456715698
6.18735798754
6.20725136415
6.2501774692
6.25104700949
6.27852582355
6.28355573982
6.29024282625
6.31739058306
6.32295310953
6.33316531911
6.33956702898
6.36271056052
6.37446309435
6.385782435
6.38722725671
6.40079821177
6.40608914795
6.41144369164
6.43170928295
6.4634506127
6.46923231225
6.50043334209
6.5294429715
6.57804883373
6.60040151719
6.61750544952
6.6277419632
6.65003907887
6.65281657739
6.66424358877
6.68129842459
6.68923284377
6.70132910696
6.71634590296
6.73131002731
6.74108046875
6.75382679445
6.78479569912
6.79178781864
6.81196563404
6.83217685503
6.83617966589
6.86002928345
6.89886130628
6.93650778419
8.06009771215
8.15667281359
8.19724687925
8.22901954099
8.27451400782
8.30739229325
8.35310588039
8.35694656827
8.41500918316
8.47752607478
8.4806761485
8.51223461901
8.64080095376
8.71051970659
8.7238821828
8.77615735005
8.83286612438
8.93849099192
8.96785155595
8.98020090556
9.01907788471
9.10914062512
9.19771246416
9.43405822451
9.48474889038
9.66444775538
9.68743289545
9.73908431773
9.79904765124
9.91770926994
10.002080472
10.1440495219
10.22412953
10.260657776
10.3937738445
10.4557581009
10.5880074628
10.6383012461
11.1292661506
11.1642633551
11.2905738881
11.3804297859
11.5003968873
11.6635454754
11.6994678325
11.7533358642
11.9062066646
12.3478885531
12.3708886118
13.5363412278
22.5807597449
115
