6.0006295093
6.00711962817
6.01717620849
6.02059098727
6.02961903327
6.03227095246
6.03707297175
6.04620053508
6.05648648813
6.067608527
6.08665985474
6.09236305558
6.10412148521
6.1190434738
6.15026794848
6.15704325942
6.16463261529
6.17688716989
6.18853279197
6.19116418251
6.19212481381
6.21496815144
6.23769256803
6.47749551129
6.49767541648
6.49994719137
6.50364639705
6.52600675818
6.54178402703
6.55522567872
6.56054826267
6.56724864828
6.57992850792
6.58154759259
6.59734498379
6.60990123881
6.75199259035
6.78167255383
6.78804385486
6.79755341081
6.85266964631
6.87316049052
6.89060136062
6.90149644298
6.9568680997
6.98306916885
6.98763663034
7.11363288338
7.12658583385
7.17720098913
7.18942862195
7.20699346644
7.22369605482
7.23911988629
8.56296605593
8.58056132145
8.64407819387
8.67976731179
8.70011802922
8.70401593256
8.79998632746
9.04298478682
9.05189077176
9.06913097688
9.10805120799
9.81965159059
9.91857946672
9.96500817241
10.0080630575
10.0391572389
10.1666686003
10.181463162
10.2736002878
10.4092994731
10.6432736147
10.7060036608
10.892244086
11.1053038737
11.2302515216
11.4287099996
11.4392493009
11.5081183848
12.2244324582
12.3600636684
12.6996029036
12.7854637192
12.9529182507
13.0429427218
13.170727879
13.3990661412
13.4730812147
13.7205800461
13.8018272626
13.8219525373
13.9772463505
14.1292111075
14.4092591501
83.9723310297
98
