6.01006905251
6.01191695179
6.02006337666
6.02322603314
6.02407317347
6.03720027511
6.04749878007
6.05787909765
6.06911592594
6.08185885986
6.46371936571
6.4689130391
6.47761397999
6.4852472841
6.49160198886
6.49928384872
6.50043954831
6.53115726743
6.55180378791
6.56278236222
6.57792094656
6.59858315663
6.61766810951
6.66426119742
6.70260555515
6.74962090383
6.76258253736
6.76951596321
6.79244344062
6.80581078482
6.86600431476
6.90793891015
6.92794929997
6.9384603207
6.94325354559
7.02853397709
7.03172265804
7.10265800227
7.11018378155
7.11468134711
7.12703100585
7.13829775646
7.16011088283
7.23323124392
7.24242587564
7.29158955436
7.29561621801
7.34004600109
7.35669461171
7.3800248686
7.4698995451
7.54899557781
7.58379123875
7.58686841865
7.59858220622
7.60162156548
7.65756367699
7.67441592219
7.72405378767
7.7540513597
7.77087456565
7.80946925535
7.84265064928
7.86652280767
7.98948767845
7.99566101115
8.03978766409
8.06446079632
8.15561180505
8.20904464868
8.22023233452
8.24675315733
8.32744806147
8.39516005837
8.45413308951
8.48345592382
8.52814269992
8.53795746184
8.56929239413
8.59252570849
8.61300612703
8.63840206429
8.6815802796
8.76110299268
8.83158039217
8.89780320985
8.95262905217
9.00610202888
9.06578644618
9.15343407066
9.25238118372
9.26055256166
9.28942718698
9.40555455238
9.48550467033
9.53509312767
9.57368201025
9.59454598363
9.67138492128
9.68978547705
9.81655532719
9.87199555032
9.91513823252
10.0533235399
10.155925021
10.2044114003
10.2957813501
10.3997564006
11.0114317552
11.0842670571
11.1377158122
11.1775437482
11.1880098463
11.3004753488
11.336911848
11.4002224726
11.5382407606
11.6192133374
11.7895780581
11.8738685362
11.9730823193
12.0473504135
12.2210792651
12.3191608578
12.3269537953
12.336566173
13.2149074461
13.2753294194
13.4611284334
13.6165999657
14.2948388668
15.0144710054
132
