6.00973492819
6.33954022117
6.34216578074
6.34354595148
6.3510627363
6.35622940243
6.36363097992
6.38809002352
6.38998806423
6.39248522208
6.39712184468
6.40420938223
6.41406590483
6.42306123038
6.49620939457
6.51435514303
6.51907150175
6.53940870327
6.56303013467
6.57628949767
6.6124894776
6.62108339929
6.64795716383
6.67330235559
6.69574857456
6.70900891198
6.7270312293
6.72918868446
6.77871192103
6.78238586959
6.79926639647
6.85379966715
6.8943689946
6.89909194932
6.92324877542
6.93286893323
6.94463004398
6.96335294561
6.99368803266
6.99552221104
7.00092283355
7.05952562408
7.08154567114
7.11177170917
7.1347550135
7.17300070223
7.22877359547
7.23715905134
7.24757121766
7.37625352968
7.44129481935
7.45207807184
7.50772217165
7.55588550915
7.59324292773
7.65703460769
7.67738405948
7.74424122209
7.8083562665
7.85347898146
7.90271296235
7.98086059774
8.12007004973
8.14244534061
8.16894852924
8.20102788643
8.27583345871
8.31962598472
8.35744360343
9.61628459854
9.70461741356
9.77436362653
9.79950112285
9.96383332319
9.96999905589
10.09464604
10.1096125679
10.2380586924
10.3356234214
10.3598852582
10.4678857053
10.5090228507
10.6312890163
10.7550569027
10.7996793004
11.0884496301
11.1520131737
19.2302216263
88
