6.01117809187
6.02153622596
6.03013661478
6.05517016503
6.06277047725
6.06870954312
6.08025159292
6.09180034743
6.09562706264
6.10972113502
6.1167596499
6.12551864949
6.1342812014
6.21045735048
6.22473076059
6.22828157429
6.24918019463
6.26819789498
6.27810056174
6.29029233365
6.30878683727
6.55556092414
6.56506446515
6.6068976202
6.63456384177
6.64544571264
6.65671283349
6.67095337958
6.70653065584
6.71673316397
6.72721347422
6.76143689738
6.77515238834
6.78063440734
6.782254193
6.80133004457
6.80985962851
6.83264260297
6.86109439044
6.86368011151
6.87816133856
6.92372117838
6.96847426642
6.99076011289
6.99614224258
7.03711151611
7.05749939863
7.08636923648
7.13143064738
7.14423359652
7.18423555288
7.25206760688
7.26779625779
7.29460817769
7.29911485164
7.30187214898
7.32225216558
7.37963406852
7.38179206945
7.41166842035
7.43838476363
7.47122606941
7.49902077141
7.52376744789
7.55065375701
7.58582617717
7.8481675348
7.87140482907
7.94143582686
8.00356525511
8.04090365262
8.0637238369
8.34710823443
8.38224187503
8.42601196095
8.51110293408
8.53203522179
8.56192454555
8.58887807362
8.62367671376
8.63706844986
8.64908190456
8.75973106712
8.78698380676
8.85689762951
8.881412794
8.99517918515
9.0266231851
9.12781539151
9.17441412111
9.1811441348
9.21682212755
9.26735226966
9.4606053468
9.55140725963
9.88117914672
9.9540534593
9.98666959279
10.0355080449
10.0514907858
10.0902814952
10.1416472132
10.1601951042
10.2358207102
10.333598482
10.3408267847
10.453926896
10.4618510334
10.5778168662
10.7414600852
10.7824343455
10.8767785992
11.0093594342
11.02139879
11.0797214933
11.2065825492
11.3500510183
11.4261723192
11.5941001781
11.6746287564
11.7490136636
11.9342997295
11.9490252622
11.9601943882
12.0833622517
12.174018076
12.2543752169
12.3650678749
12.4654004457
13.0366804861
13.0934452162
13.2757759118
13.3690988801
13.4080175773
13.4566040743
13.5714511839
13.758712102
13.7830294546
14.2908150307
14.747088582
140
