6.02892984022
6.03553855817
6.04158646878
6.07844159806
6.07954496732
6.08457952585
6.11078040173
6.11959658105
6.12536866212
6.12933402964
6.13561647837
6.14709453372
6.14795324903
6.15791729172
6.16859735508
6.1720342655
6.17908338367
6.18554350529
6.19202291415
6.20137055199
6.20759497738
6.2170238194
6.2213284679
6.22893748601
6.23786954707
6.24530558708
6.26820441076
6.27066986609
6.27195795694
6.2893939947
6.32497051717
6.336717919
6.45362767582
6.46102697318
6.49245585645
6.50618026956
6.51569967732
6.5184267043
6.53611808941
6.54465837577
6.55332492804
6.57536939115
6.60026086859
6.60961572011
6.62668271473
6.63537606677
6.66045155877
6.66639146861
6.68867185338
6.73378464903
6.74699471357
6.76471297704
6.7969878783
6.82156737965
6.82365037772
6.83419181634
6.84480617025
6.86535186967
6.94555160539
6.98637344372
7.02149838809
7.03161359542
7.0348556779
7.04884905258
7.05895013421
7.06875642518
7.09477274152
7.20767711929
7.21472857179
7.24119743698
7.29259170225
7.35418970851
7.3979029653
7.41028162165
7.43232113748
7.4690453108
7.50279558767
7.59600897608
7.60813223175
7.63547660602
7.6575021669
7.68967211226
7.70652747767
7.86196029433
7.8811962614
7.9450327752
7.98113625593
8.04344960232
8.10371939012
8.15162860062
8.24471301825
8.27096920959
8.29689039695
8.315218142
8.34984880826
8.38901273634
8.41165928148
8.45172976476
8.49569121057
8.50177674965
8.53138181434
11.3857665761
11.4334721823
11.5131433226
11.604913061
11.6683935616
11.7385537543
11.8187141255
11.9080026994
12.0988947306
12.1732800791
12.1821086922
12.3224954275
12.4353341281
12.4977957904
12.6320629978
12.7133010468
12.7802823622
12.8249337921
13.0693088236
13.2869504467
13.4197066902
13.6345943182
13.6484449283
13.9119087807
14.0674373589
14.4401945134
14.8459043234
128
