6.01294442899
6.019358476
6.03152967598
6.04470733096
6.04651104621
6.05485077335
6.06552729256
6.06833425102
6.23019557717
6.23425870605
6.25353865059
6.26973403304
6.27061518388
6.27964490291
6.29065406038
6.2972386809
6.30622059099
6.31714800168
6.32781199519
6.33629701922
6.36370916407
6.37712168557
6.46644469095
6.46868026271
6.48778951313
6.49697817117
6.50716221894
6.51894105174
6.53846909705
6.55722148588
6.5868496553
6.59800799632
6.60271351145
6.63305397034
6.86932720845
6.88035881415
6.89506047134
6.91534967217
6.92977512305
6.97330343609
6.9908608494
7.34909398048
7.35994878321
7.38230695517
7.41040236445
7.42941830093
7.47854693503
7.53541483591
7.56922509348
7.60807908184
7.75123612076
7.7545482435
7.75919011636
7.78004265012
7.86803680404
7.89776122471
7.94539970127
7.98655792569
8.01575674921
8.07365380336
8.09224933757
8.15045349323
8.18621398296
8.23564058568
8.2789373928
8.32854688601
9.82235335312
9.86615654185
9.95803166794
10.0190508955
10.2321314928
10.297963777
10.3437802209
11.4880490043
11.6189646872
11.7306351098
11.7764407454
11.9175256156
12.0384276917
12.1449357015
12.207366679
12.2678684058
12.3210392205
12.4215617858
12.7297142267
12.8365631438
13.0363725028
13.1411268566
13.4558634004
13.6593915798
13.8784108865
14.4544146965
14.5104119471
93
