6.01166952383
6.01330332578
6.0264699883
6.03042649857
6.03955149505
6.04895116383
6.04989845131
6.0557687725
6.06029114412
6.06687101895
6.08825106161
6.09825852582
6.10105066786
6.11125117103
6.1156905721
6.12022567433
6.12681047953
6.13169999476
6.14525472243
6.15451217133
6.15790684033
6.1589809642
6.16502863686
6.17566152257
6.18453648819
6.18930824107
6.19639526873
6.20586966833
6.21308097317
6.22204888404
6.229650101
6.24347755328
6.25286570805
6.27899678187
6.28939745003
6.29416878502
6.30251324728
6.31746191631
6.31852614701
6.33244836105
6.3548198325
6.37728833034
9.82994329948
9.86304258145
9.95420836259
10.0118665861
10.2082401273
14.3790618234
14.6971728051
49
