6.00716303259
6.01259537496
6.02183751082
6.03200443755
6.03921177995
6.04294579029
6.08007442594
6.09016491269
6.09917156133
6.10649468102
6.11702802943
6.13400078929
6.13770835671
6.15000772641
6.15844978384
6.16241958242
6.1735206286
6.17721883299
6.18539880898
6.19597718273
6.20200887758
6.20862401524
6.23000910904
6.23537455451
6.25135431912
6.26089907374
6.26764520819
6.27734744484
6.27976325188
6.30543713515
6.31433018731
6.3264336089
6.33495667088
6.36260630224
6.37404309662
6.38958625866
6.39664559473
6.41075297846
6.42163348805
6.42675154321
6.42812612457
6.43422907127
6.4525767653
6.46037238547
6.46810417852
6.50368039066
6.60220148564
6.72189500642
6.7430636143
6.76209117639
6.82001935382
6.88115361658
6.96718980631
6.97357915957
7.02110268601
7.06562556252
7.09067059355
7.10693117007
7.13752879069
7.15745099406
7.15994889773
7.17650727074
7.18947089272
7.21790587833
7.22005352309
7.23479133402
8.15773356433
8.16328047806
8.1783325188
8.20255151675
8.23924282595
8.28059031806
9.41136318859
9.42603124998
9.4327015458
9.44081359396
9.47322053342
9.49998139561
9.61593199607
9.69962089865
9.71313216567
9.82939173449
9.86539082527
9.96792971522
9.9960965374
10.1207810718
10.1725371847
10.2205907272
10.2930103719
11.2346799604
11.2774670658
11.383963992
11.8827698574
12.0140782907
12.070959553
12.3086147756
12.3860940411
12.6050441438
12.9258316399
12.9892933293
13.188409616
13.266170891
13.2800242963
13.4964207833
13.5868981736
13.6084876844
13.6612738978
13.750849665
13.9390619945
14.0639754076
16.1152311563
111
