6.00513813373
6.0157529817
6.02070185309
6.02276435947
6.02659895496
6.03177372446
6.037927306
6.04114503261
6.04253007412
6.0495966351
6.06356874419
6.07584708924
6.09669022051
6.09850245782
6.10708542751
7.77472156407
7.79362912265
7.85837120279
7.90122957412
7.95735027626
8.12047620371
8.16847191261
8.19253494983
8.2308690662
8.28985040831
8.3268536354
8.4669970218
8.54156251309
8.58313221369
8.65182682023
8.75689231548
10.2677451596
10.3255870163
10.4347843517
10.5926664435
10.7883742367
10.8476516672
10.9056889691
10.9632908531
11.0166212912
11.0686743548
11.0844853589
11.1351721591
11.2266989016
11.2729133343
11.3114031693
11.3330714811
11.4225995909
11.4375175262
11.8141574433
12.1938662078
12.4105222947
12.6921717331
12.7872000965
12.8873610182
13.1007234196
13.1746312902
13.2757022834
13.430611328
13.4999795239
13.6902946244
13.919657834
14.2229587465
16.4383715545
64
