6.0019379349
6.00993393926
6.01743850138
6.01817124943
6.02276156869
6.03538685395
6.03660643785
6.04676324195
6.0552205346
6.06447985915
6.06852648036
6.08054109992
6.09384025592
6.10175743936
6.11630334197
6.13114152159
6.13784633415
6.15138171508
6.15532803036
6.16524373741
6.17056485723
6.18735657047
6.18902472381
6.19370809755
6.20776138558
6.24289938689
6.2469675952
6.25895072399
6.26710906659
6.27739423024
6.28085225119
6.29399399069
6.30796719551
6.35122067448
6.3767730807
6.3932683407
6.40411820373
6.42017596322
6.4296746594
6.4498898567
6.45825725809
6.50817886868
6.5189280319
6.54277157135
6.54807781663
6.56603813409
6.58247207441
6.5994467259
6.60118784688
6.91540277266
6.93005055507
6.94728518073
6.98874962001
7.02319742081
7.05794808816
7.06840497781
7.1099309678
7.11362622789
7.11849854798
7.14240658157
7.18966299185
7.1975771267
7.2349576526
7.25794413501
7.27524900275
7.2851193383
7.30172725735
7.33520498753
7.36834954325
7.41874803862
7.42120182602
7.46543261304
7.51398067261
7.52309536086
7.59277521392
7.5964414532
7.64978293461
7.68842126007
7.70301549288
7.72392051855
7.81662783469
7.89499790906
7.96707707507
7.98369089525
8.23128017986
8.30449895754
8.35871433946
8.37163160534
8.44018898353
8.47176164854
8.56871199352
8.59234520353
8.68272631027
8.7061886533
8.82722043144
8.91203030976
9.04764798183
9.09934198856
9.15990921896
9.2097135594
9.24459459206
9.9167541653
10.00721463
10.0954231135
10.1417679293
10.1746737148
10.187348274
10.2725407516
10.3237392326
10.5569437799
11.0435971127
11.1502158981
11.3022014979
11.5152505877
11.9113407354
11.9977659307
12.5529901104
12.7488694363
13.0675602459
13.4220634154
13.5609624365
14.6518437027
122
