6.00115998259
6.01189665326
6.01639171248
6.02401753442
6.03970641034
6.04137370607
6.0479683752
6.07792119228
6.08016407951
6.09627443823
6.10863418663
6.12028365472
6.12124699999
6.12924086581
6.13958317186
6.15175077682
6.16095684534
6.1739565392
6.19382721134
6.19983449965
6.22519130976
6.23317728775
6.23386180152
6.23884218587
6.24424868034
6.25183831127
6.27444269014
6.30443843629
6.33546458104
6.34747591707
6.36604593819
6.36680755388
6.38328904056
6.39799228566
6.41096469557
6.42879592837
6.45694031501
6.47365418559
6.49167000999
6.49326070924
6.50151827672
6.51792395192
6.53659545879
6.54142988432
6.56071705407
6.57934730813
6.63021044519
6.63146808367
6.68811158538
6.69374368135
6.71079991297
6.7301856821
6.75475835537
6.76173914064
6.77459378472
6.82531086913
6.83939192172
6.85262564265
6.86591288611
6.88715027488
6.902120927
6.9431411001
6.96173731006
7.01744578947
7.10357023778
7.11440809364
7.1502838555
7.16520812478
7.33904289564
7.37863909102
7.40636672549
7.42167430892
7.4344799184
7.49360817101
7.5022084869
7.58072436842
7.60732751751
7.62204579214
7.64383136854
7.69350087503
7.70241700044
7.73641241823
7.74076773016
7.78900347992
7.81282855097
7.84498343359
7.87293559746
7.89779402895
7.93606291497
8.10682052767
8.21789487638
8.26001592807
8.31049694612
8.32564524403
8.3804617192
8.42310558731
8.47137059285
8.52825112348
8.61030768734
8.63795978091
8.67039653522
8.70769144681
8.78053347674
8.83377747537
8.93346202801
9.0305506906
9.0394436727
9.17870904332
9.24795029498
9.2870570438
9.31559318669
9.420345805
9.5356285516
9.5448816003
9.60396067768
9.70284264978
9.72894447477
10.7601633921
10.7846101287
10.9207001613
11.0200311684
11.1340722466
11.1585196754
11.235203403
11.3367160714
11.4737955129
11.5596742892
11.7331144623
11.9013753069
12.0531969262
12.1706842807
12.3978781699
12.550072473
12.5898874761
12.7537882718
15.8181642312
136
