6.00439855819
6.02183902504
6.02483705636
6.03397825357
6.03966943004
6.0464920577
6.05673742033
6.06543090878
6.07749455206
6.08012551184
6.09101241148
6.09432503693
6.10019430885
6.10647125393
6.11080255211
6.13260069444
6.13683535298
6.14122884562
6.14953543806
6.16238913711
6.16625635485
6.17463548254
6.18308373509
6.18573517672
6.18670078426
6.20658569841
6.21323859578
6.22002992955
6.23181395051
6.24526889465
6.30438419061
6.34738546549
6.36441897686
6.3759668655
6.3866706626
6.3945923646
6.40892092832
6.41206659719
6.42994182661
6.44137657176
6.45472594451
6.4765626589
6.48241081165
6.51955009348
6.5415489683
6.54345559212
6.54805540809
6.57998149336
6.58919357586
6.60649663918
6.62802024233
6.6389248825
6.64163086403
6.66191154029
6.67622994543
6.70947776815
6.71969222701
6.72543805658
6.73481249401
6.76177928054
6.78935881283
6.79575451227
6.81075516696
7.37246686269
7.42545344736
7.431926789
7.44677077742
7.46236177714
7.48619512564
7.49179773231
7.50816023388
7.51945151631
7.54010732462
7.55208335971
7.60115105273
7.61401375995
7.69379354921
8.14376650302
8.20449350404
8.25792595624
8.31959965305
8.38064881564
8.41508688789
8.6025281812
8.66402938895
8.73486905181
8.81950199578
8.90374723315
8.95692178556
9.0177580533
9.06252959049
9.11171532863
9.23779208602
9.62573112282
9.69666503789
9.72317892841
9.73957943689
9.83494040026
9.91459136451
9.97155549676
10.0042395438
10.0788775175
10.131750425
10.5123144398
10.8681740921
10.8751397028
10.9602843398
11.0504771428
11.1548321339
11.3291392592
11.9921362226
12.0487022167
12.0734068383
12.0816988478
13.8754025294
14.0079563172
14.3744020654
15.0099924677
118
