6.01096613727
6.01799636898
6.02340415646
6.03135055543
6.03542369717
6.03771032997
6.05217309976
6.05980650664
6.0623892059
6.0714229661
6.07729495965
6.087731583
6.09084699725
6.11554571548
6.13016714891
6.13309492656
6.14181545849
6.15200986835
6.157074353
6.16332793082
6.17117265145
6.18539101026
6.19714112413
6.21660688247
6.22154793877
6.23198952385
6.23911798821
6.2488834672
6.28589923876
6.28842723298
6.30809582512
6.32070374068
6.32328414811
6.32764757409
6.32869329382
6.33764341867
6.34168710942
6.37929249939
6.39511107645
6.39934681593
6.41392572104
6.41949151492
6.43666290574
6.44013772165
6.44724575281
6.45844831122
6.4683614928
6.47297612377
6.4750500829
6.49445815087
6.51491525799
6.54032641324
6.55439736828
6.57677959154
6.57879264062
6.59689507828
6.61463735144
6.62127800599
6.64572599339
6.64869932499
6.65013512358
6.67139938317
6.67456683095
6.69779176924
6.7438912309
6.82865087521
6.84978963476
6.94249608506
6.95746876806
6.9603690477
6.96846757962
7.02520917609
7.04235932882
7.07404171606
7.11015586183
7.13289100189
7.15437016173
7.19803783173
7.22180568949
7.26637394939
7.29026669572
7.31171944352
7.32221489036
7.33765855162
7.34557886561
7.39335000042
7.41743028848
7.41995809231
7.50875194824
7.51735850672
7.52985118189
7.55512668681
7.57973027244
8.6643338057
8.72819005184
8.75885833636
8.89508311812
8.97850757006
9.0686511718
9.13128671781
9.18290959818
9.27333156036
9.30308871072
9.30847555709
9.37386347211
9.38045435931
9.44884571183
9.49873511086
9.56129207055
9.78396461104
9.85150654939
9.96930583608
10.0570278523
10.0877394011
10.1568221997
10.2115325676
10.2722758824
10.3453284232
10.3934990944
10.4259025532
10.4667535303
10.5594274991
10.5880493449
10.6423859887
10.824107539
10.8599231716
10.8853422568
10.8980542881
10.9513472218
11.1589786834
11.5806086125
11.6953291486
11.7642632122
11.9230708823
12.5688364252
12.5979833231
12.7914614697
12.937834614
12.9951217669
13.0382467977
13.188689628
13.2756299524
13.4363702134
13.7151046526
14.1324621153
14.3864765292
14.5255625271
147
