6.00277635626
6.01152786415
6.01655237311
6.01960956965
6.02174702282
6.02259616569
6.05778861299
6.06827053614
6.08029368704
6.08402937061
6.0939447492
6.10108092372
6.11149911468
6.13811599942
6.14335707268
6.14695359251
6.15301639898
6.15954584749
6.16412098161
6.17004660099
6.18182016102
6.19667884042
6.19759273817
6.20177659933
6.2073110318
6.26133040872
6.27798104443
6.27966509347
6.29108847059
6.30034972098
6.30902648104
6.31812088785
6.33639377448
6.34643385284
8.12201187436
8.15529834997
8.18510392671
8.26679409749
8.278551251
8.30995584105
8.32761283475
8.38291955047
8.41735449107
8.45017205948
8.49339289744
8.52719401223
8.59916092897
8.63248463395
8.66869185045
8.71916318756
8.75057195016
8.78615406334
8.84711895506
8.88342852371
8.98155691679
8.99728259671
9.06425773062
9.21615743371
9.28853061345
9.3586967672
9.36491923543
9.40140909044
9.46165528277
9.52205937577
9.55547457032
9.60303518521
9.6400835998
9.74519935388
9.84638263234
9.88043778002
9.90949505101
10.0026526933
10.1359990484
10.2342574215
10.2728508332
10.3357626606
10.3848273062
10.5671848
10.5885470543
10.6289628346
10.6727145694
10.7514375934
10.8961415137
11.1155846038
11.1507927383
11.4223777259
11.5940372505
11.6759030697
11.7336843989
12.040097751
12.2407767643
13.4078889741
13.5174638188
13.7062896566
14.0162805188
14.3521905644
14.8592226625
97
