6.00956457878
6.01764291604
6.01877006821
6.02449576177
6.04221997455
6.05189735949
6.06614661559
6.07241058525
6.08282563003
6.08925902317
6.09426343319
6.10222088266
6.11203440451
6.12481624815
6.14338858819
6.1533703859
6.15815757168
6.16225645091
6.16876681583
6.17161373426
6.18295045036
6.18654896186
6.19284127973
6.2078059973
6.20934418982
6.22138793574
6.22854401864
6.22989982811
6.23922948228
6.24515486641
6.26144470977
6.27352857215
6.28391744879
6.29231852674
6.29611711121
6.30902043184
6.31355599875
6.32229549167
6.33708135358
6.35396255457
6.36007271101
6.41049171075
6.42523218482
6.45392600096
6.45718219003
6.4646952711
6.46758270799
6.47917200143
6.50837552781
6.52646119502
6.532997154
6.54021672997
6.55625566973
6.59397170056
6.61139645724
6.64988414734
6.66973050073
6.69255762326
6.71365722218
6.77290685168
6.79984050416
6.81086058881
6.84688266821
6.86492756434
6.87385215721
6.88090245507
6.92254529895
6.96086824405
6.97813881511
6.99885859783
7.03190745733
7.04790123957
7.08110083916
7.69268951023
7.72252427655
7.74667290381
7.89231927422
7.93260745488
8.09281822889
8.14316024953
8.1661007803
8.23643261709
8.25804227587
8.43826988646
8.61961779101
8.68311071312
8.80833737527
8.88674997956
8.93254609433
8.99102171813
9.07106743919
9.12545738546
9.19509747268
9.28169505855
9.2863515082
9.3576822619
9.38414424017
36.3696645799
98
