6.00549349116
6.01574845547
6.02006837939
6.0309091266
6.03927340157
6.04975730601
6.07012547664
6.07381930415
6.07965541423
6.08824201433
6.10971494812
6.11442096409
6.12436867523
6.1458312376
6.15376536576
6.16520871399
6.16842747289
6.17096371489
6.17741335905
6.1886636236
6.19841699814
6.20441509671
6.21064516384
6.2123406177
6.22390133118
6.24789108305
6.25283158141
6.26664150983
6.28287201333
6.29547907784
6.33213106307
6.33841101057
6.34729883897
6.35169326665
6.35908513095
6.36741117862
6.40431974051
6.42623601495
6.43722512882
6.44195084594
6.45447265745
6.47904513037
6.48798722927
6.50480490777
6.61184232468
6.61403081161
6.6151519225
6.62559744998
6.63847406299
6.67840425763
6.70089103869
6.73724310452
6.75174057759
6.758930079
6.76493091365
6.82482781436
6.84663158385
6.86583803461
8.37831183801
8.61153430209
8.651281503
8.67373542428
9.03912046325
9.12968027722
9.21482262379
9.27792742784
9.3148437513
9.47732631174
9.4887437247
9.55355291842
9.87698816438
9.95277202742
10.457864219
10.5102894532
10.5945823529
10.6774984056
10.7267131828
10.8071800758
10.906359445
13.1787940536
13.5121391131
14.1701589416
14.241889684
14.6317702982
84
