6.01000652725
6.01857231319
6.0204418785
6.0210946798
6.02708326874
6.02955456183
6.03295829642
6.03970476704
6.04565834756
6.04752338852
6.05696868214
6.06928528372
6.07745965316
6.08715723987
6.09432007419
6.10070730179
6.10781717211
6.11339513654
6.13047709625
6.14382363742
6.16226696844
6.16682014789
6.17487746806
6.18015938343
6.19254464795
6.20887134069
6.22492570397
6.23635890776
6.35556231192
6.3588021809
6.37046305553
6.37950491228
6.380994615
6.38816094015
6.4198678954
6.44112045667
6.45612886188
6.46370170164
6.47259248404
6.5601765098
6.57662537109
6.61703742508
6.61836863863
6.64065283367
6.65131597949
6.67468131687
6.68536951336
6.71745315126
6.72606444503
6.7776071356
6.78046186578
6.7975670247
6.83393253561
6.83634657061
6.86918238329
6.89326547816
6.92657476198
6.94812610985
6.94983930906
6.95631705462
6.9786662141
7.00228983894
7.00479009098
7.03481978618
7.08453605703
7.1134413418
7.13758038856
7.17528826222
7.20188497693
7.291186592
7.35171147656
7.41579170748
7.44468953038
7.49212899789
7.49483319781
7.50976585467
7.51230041816
7.56817025468
7.57544089929
7.60316026806
7.72041448594
7.83199338427
7.85440649483
7.91475293362
7.91903979176
8.03625241142
8.09824701928
8.13434080999
8.15653206975
8.2844791293
8.29191383818
8.32928851603
8.41322083104
8.42690434315
8.48502570627
8.54512499208
8.5509306564
8.63607446057
8.68805324458
8.83068376324
8.87675624046
8.94240974873
8.97584579798
9.03944371866
9.15784839662
9.18615257419
9.27279184491
9.39331424505
9.52316125429
9.64604546729
9.67038940282
9.70486037869
9.77754433406
9.79645122452
9.84640762385
9.95219322719
9.9900320746
10.0959446222
10.4886417483
10.5522028553
10.6403985406
10.7705745072
11.0075789342
11.1173154739
11.2064805292
11.2923352521
11.3649193985
11.4354366079
11.4980765703
11.6199183389
11.6877031438
11.9751189553
12.1792641658
12.2708152818
12.492357691
12.5519810956
12.6492421732
12.7569930472
13.2970701115
13.3122938913
13.607636003
13.9662043598
14.1171193357
14.2373634627
14.3595089204
33.588645718
146
