6.01051393893
6.01542316826
6.05881785792
6.06620589819
6.07052553055
6.07121296978
6.07309596625
6.0836044413
6.09496925794
6.09610774087
6.1032973291
6.10641219115
6.1254716809
6.12787229596
6.13667798443
6.15021573787
6.15137894229
6.16025417853
6.16532275123
6.16907274758
6.19523526153
6.20169238903
6.2063495747
6.21337361947
6.22214249254
6.22949100405
6.23888437666
6.24420005737
6.25571955618
6.27016218842
6.31087412056
6.32907026789
6.33898526468
6.35709503319
6.36137847706
6.37740392487
6.3848045397
6.6918718389
6.70130713019
6.70936869678
6.71196648901
6.73212734397
6.80491814415
6.81403152607
6.85756833171
6.90327685961
6.92206282164
6.94343121299
7.00159091296
7.11384495616
7.13618379026
7.2133338501
7.23463959328
7.2465917906
7.35486192556
7.37433768538
7.39294019377
7.43821321711
7.45933163498
7.47319736752
7.48353277965
7.50745581002
9.08450144876
9.23808042938
9.43579552956
9.54195259857
9.55112116217
9.671834332
9.70770615853
9.86206097141
9.88807272383
9.93552004193
10.0362740787
10.2652572397
10.4865818005
10.5375230516
10.5549932871
11.6633310078
11.6738244994
11.6874977049
11.9262261778
12.0820291139
12.2301811045
12.5636605411
12.6131411244
12.7834517186
12.8688684631
12.9935475089
13.0786053392
13.2758858391
13.3874282823
13.4637603307
13.4979838303
13.7559738855
13.9497774788
14.2117173304
20.5908133333
97
