6.00417508338
6.00960333421
6.02599734614
6.03320720042
6.036667007
6.0479634749
6.05457480476
6.05803070051
6.06493468198
6.06691454112
6.0723468651
6.08467779439
6.08906705862
6.10096345421
6.11039175846
6.11765665073
6.12285997613
6.15768127492
6.17471018189
6.20164831415
6.21423549117
6.23263044365
6.2499579106
6.25929360031
6.26700574524
6.2687856527
6.27094744111
6.28806790625
6.29268686637
6.30408289313
6.33260846694
6.34258290363
6.35881339001
6.37035903982
6.37195122978
6.4264206154
6.43160124878
6.44312886095
6.44405914258
6.45374031531
6.47957471636
6.48058750206
6.49684046275
6.50239507931
6.53572293192
6.54739197054
6.56229088737
6.57225064576
6.58587566886
6.58796622351
6.59454862708
6.62525639878
6.64980729709
6.68101025443
6.70303262664
6.72095169557
6.76615054942
6.79599648223
6.81923861072
6.87449654165
6.88920484679
6.90719177256
6.95450489183
6.97262967398
6.99041087291
7.01148657084
7.01365022599
7.05987877725
7.06919305959
7.0937188383
7.11004100816
7.13292219978
7.16050745585
7.20495952905
7.21350390599
7.26543743099
7.27701956501
7.30301558097
7.31596464876
7.33578552786
7.3609344991
7.4090754386
7.41582445052
7.43613364343
7.50946902529
7.52766400541
7.57084844549
7.60434345089
7.6472617653
7.68749864926
7.69315783387
7.71093205754
7.7304533867
7.77377868986
7.83808598508
7.87671566606
8.36199602725
8.48286400779
8.57996390467
8.62320872843
8.73742723761
8.79080761384
8.84769627124
8.94499011317
8.96418669312
8.9990005935
9.04661106211
9.07317677044
9.09913722632
9.10537845825
9.23905021684
9.29616908863
9.38456539336
9.46046424239
9.47504142237
9.54775986888
9.65199433294
9.65742494933
10.5556525036
10.5640984353
10.6779505874
10.8566201759
11.0207652484
11.1447033345
12.2223895773
12.3573594364
12.3995180422
12.459363822
12.5179275105
12.5284993086
12.5720514403
12.6522398228
12.7535892764
12.8413565635
15.3106523218
135
