6.00359605332
6.01412988565
6.02825761896
6.03059913751
6.03599405521
6.04107367621
6.04228412625
6.0463978812
6.04981230584
6.05475501267
6.07143966768
6.076584133
6.09176544163
6.11089523997
6.11673102726
6.12467244019
6.12844560569
6.14461638394
6.15067219352
6.15596340976
6.16858544208
6.17297115135
6.18090240944
6.19111749317
6.20915357783
6.21085348107
6.24387862578
6.24515398848
6.25393245045
6.25924806169
6.27904768021
6.29166507197
6.29324861641
6.30678793303
6.31724364884
6.33137392646
6.33806315656
6.35096985955
6.36555637927
6.37086567124
6.39026658788
6.39667851038
6.40700222258
6.41492865598
6.43200071956
6.44785007797
6.46177865685
6.48003881509
6.51110360908
6.54597870206
6.55425233737
6.56682070635
6.5853384481
6.59107005262
6.59727629411
6.69629502629
6.70902347924
6.71968425198
6.72133510821
6.73606962663
6.74245397524
6.76055109646
6.7661695307
6.76851621857
6.77735186101
6.78393406523
6.78578137137
6.78910642074
6.83452392344
6.84208762577
6.85754875882
6.87569796686
6.90791724195
6.9425952262
6.99416723469
7.02320271609
7.03468698897
7.07168427808
7.09725274424
7.12784495998
7.14339510447
7.151285453
7.15553884168
7.30054275833
7.31500341596
7.35592502934
7.37342941872
7.44966470753
7.50198593404
7.53210090458
7.60890074131
7.62836869114
7.63105447953
7.68403051008
7.70687137773
7.79597372156
7.80070285364
7.86400477754
7.86692024352
7.88839327733
7.90962194103
7.92572248377
7.9539479404
7.97277617459
8.02007089196
8.06201009527
8.12002131899
8.13801894213
8.16415948618
8.21983583514
8.25507176373
8.30462891503
8.3166936859
8.36595542165
8.38998450465
8.46663501861
8.50049991105
8.58475833382
8.63166526627
8.64197273198
9.09598271243
9.12365126916
9.18916076208
9.24446124487
9.25962797849
9.26866145061
9.30622397714
9.35467808395
9.38611242985
9.42745933172
9.57471510443
9.63251201272
9.70931184884
9.77404229545
9.82469827395
9.84436723114
9.85802583865
9.95602186524
10.0466319735
10.0945422167
12.5389234941
12.656184637
12.8292688292
13.1483153425
13.3154076148
13.4202899698
13.5276166033
13.7585484876
14.7070404343
149
