6.00581057898
6.02406001937
6.02992675931
6.03130922014
6.03782590008
6.04702465627
6.05880118403
6.06242377061
6.06635036007
6.07191555512
6.07493730655
6.0798601407
6.12476056244
6.14642338389
6.17067757701
6.17689648649
6.18842643029
6.19715148371
6.19810076323
6.20480923491
6.21601854917
6.22411378467
6.22713675613
6.23023484439
6.23667891637
6.24274082392
6.24775012012
6.2581462691
6.2649861227
6.26931328644
6.27996016712
6.29290632857
6.32439409793
6.32814551899
6.34110136744
6.36078919926
6.36213549777
6.38152695188
6.40947824356
6.43186216842
6.44502099198
6.44798975609
6.47381286536
6.48051891912
6.48409461143
6.5181689231
6.531976523
6.61917323066
6.62774424441
6.64906218053
6.6694481746
6.67078930076
6.68003963606
6.69213524757
6.69487217742
6.71953954601
6.93329428962
6.96208086033
6.98155674296
7.00189820146
7.02435925606
7.04982370521
7.07532754216
7.10955293325
7.14408608998
7.18851523028
7.22636937608
7.23754161763
7.25080798582
7.2611775876
7.29417519953
7.61791763307
7.67352441992
7.69409014331
7.71476029319
7.73835094239
7.7847816954
7.8488234811
7.89620188072
7.91200386759
7.92516546231
7.98379865474
8.03924766845
8.06082172762
8.06838847672
8.09457739612
8.563714609
8.60691103916
8.67756817714
8.74613095247
8.82587671537
8.95225342065
9.0449798781
9.10723775582
9.35814292738
9.38077377212
9.39493355838
9.45488016089
9.5495174274
9.62826598298
9.69679179065
9.70539481783
9.79975004866
9.84000398741
10.019776087
10.0424903811
10.0509525657
10.1595665525
10.2218965553
10.3008328087
10.3437984712
10.4194351515
10.5003064979
10.6087968432
10.7841007622
10.8121050618
10.9330795589
11.1774005236
11.1903331683
11.3703129725
11.4112632706
11.5118686287
11.6473891193
11.8015782879
11.9482994873
12.0485228978
13.767630969
13.9728493849
14.2887183422
14.3474859881
14.6877038352
131
