6.01264742861
6.01976944128
6.02652138451
6.03431337666
6.0422316223
6.04375542535
6.04461418812
6.05381558619
6.06400398669
6.07365846839
6.07649558325
6.07959688012
6.08600725251
6.09626111728
6.10316707273
6.11085091225
6.13294054515
6.15165442268
6.1524523291
6.16932962643
6.1738610332
6.18712346933
6.18923856347
6.1987297224
6.19968322691
6.20500106434
7.11863490555
7.13164602123
7.14779559166
7.15250205824
7.19294826612
7.2349846755
7.25829356908
7.27422840795
7.40882597462
7.42925991593
7.44056733477
7.47668897892
7.49597666182
7.5383693547
7.57322793869
7.80088998085
7.86236777555
7.88117722743
7.9120555818
7.94412981187
7.99168483697
8.11543497962
8.12528657716
8.16870514664
8.23169899748
8.30306811402
8.35336390832
8.38683667043
8.42988906408
8.45375396174
8.53148937306
8.5491814688
8.60274236116
8.65958410403
8.75662480442
8.87781641977
8.88133870292
8.89406925931
8.93609568302
8.96850162776
8.99112952933
9.00447983715
9.0629524925
9.10672239905
9.31964961501
9.32618214481
9.45077008227
9.46038876522
9.48192326693
9.5221718762
9.60020933216
9.62556472029
9.65782454119
9.66289243916
9.80586039398
9.92143299391
10.7447855351
10.9025688314
11.1645432538
11.3405500307
11.3751999448
11.4639828617
11.48245819
11.5364095225
11.6395934366
11.6765210582
11.8620622465
11.9376710193
11.9738674172
12.1184477962
12.1375491887
13.0959033144
13.2770644732
13.4080181809
13.4376660042
13.5561063525
13.6402932545
13.6710649655
13.7378796125
14.0707565078
14.2375222454
14.2917240395
14.5842738747
109
