6.01286159747
6.01965736771
6.04244319175
6.0459817469
6.05340106622
6.06183273093
6.06613628626
6.07834397271
6.09052705673
6.10038555381
6.1270004516
6.12792905349
6.13256289606
6.14064094485
6.15475535026
6.16313146995
6.1639934681
6.17840939312
6.17975383485
6.19384451166
6.19533687485
6.20198186712
6.25425815222
6.26080186761
6.26909307027
6.29307775819
6.29849183396
6.30227102062
6.31055957217
6.31167766308
6.35204968127
6.37613928678
6.38898147153
6.40085156991
6.43278163648
6.44603479266
6.45689760506
6.48294454293
6.49760037386
6.58175153325
6.59591402456
6.6097494596
6.65466712381
6.66832757327
6.68139912766
6.96616878783
6.99490952795
7.0281922536
7.04453309884
7.0718167289
7.10080917438
7.15277883589
7.18506019173
7.21210212327
7.22422355664
7.28304334902
7.33386470574
7.36719003658
7.41448780118
7.45161622397
7.51113897751
7.63986093037
7.64797548239
7.67417537327
7.68655212512
7.7290672486
8.31823670158
8.38059709914
8.39721708777
8.46511957687
8.4929162454
8.52420598951
8.57907246111
8.67305589463
8.69961936721
8.74525817356
8.80531346212
8.83020526363
8.83695084168
9.89932466749
9.9194263376
9.99386397543
10.0742312288
10.2097181172
10.3120293717
10.3331280803
10.424922585
10.5318464016
10.6626399378
10.7305425008
10.8877406821
11.0872883918
11.2040598936
11.2405578479
11.3805919622
11.5726166498
11.6583989826
11.9876958637
12.6483980502
12.8698931194
12.9909941132
13.0349532583
13.3007926699
13.5458363075
13.9251957825
14.0591407017
14.3536093324
14.5231165554
108
