6.00619177181
6.02730408064
6.04949201974
6.05498925898
6.0659809437
6.07947743113
6.08421903999
6.09719434946
6.10764982153
6.11398332703
6.1150403567
6.11973155363
6.12164600106
6.13329759979
6.75979463365
6.79860948893
6.86710170082
6.93075719934
6.95296927352
6.9697401685
6.97164905269
6.98228745864
7.08129271465
7.09695028335
7.1102199705
7.13276650639
7.13581887787
7.15344098007
7.18160382209
7.26316177342
7.29004827826
8.61067246546
8.64033813046
8.68606742596
8.70679767672
8.75057877025
8.75425127054
8.81256245775
8.8373342491
8.88379989219
8.97746829355
9.0625021312
9.1251555864
9.18149141535
9.21958617159
9.30242137598
9.51189134033
9.54370568433
9.66481983549
10.4044295484
10.5158113507
10.6112367274
10.7605858952
10.7726389073
10.8690684934
11.23619393
11.2615816906
11.3210335412
11.5898945555
11.696510189
11.7923181324
11.8681355476
11.9994710394
12.1166474796
12.1671459448
12.9088064139
13.1685344206
13.2953651852
13.3620121414
13.4734546563
14.1597638954
14.3672444365
14.4341328053
14.7048126446
74
