6.01433832909
6.01627316108
6.0227609913
6.03159532709
6.04266613313
6.05357651466
6.06004917871
6.06493782522
6.08189707485
6.09315098664
6.10633222504
6.12388577672
6.12723320903
6.1389416176
6.15386549646
6.18985300544
6.19133092204
6.19730328986
6.19957832501
6.2057221844
6.21193206561
6.21676320916
6.22869787591
6.24515964576
6.260391314
6.26688736301
6.29095846344
6.30304790911
6.30976811803
6.32371512634
6.34123706157
6.34949651344
6.3617438113
6.37309529332
6.38982012746
6.39326637268
6.40537761841
6.42199657624
6.43302837795
6.4539876006
6.46816435458
6.49707732688
6.50308957928
6.52965363364
6.53506748082
6.53644042146
6.55487344247
6.56190883813
6.58517888922
6.61753744938
6.63987978206
6.6512005392
6.66283550911
6.72210786594
6.73464293988
6.75764884499
6.77780456812
6.79821363549
6.80865966665
6.81405455232
6.83117499891
6.84212750194
6.87548167786
6.88009618263
6.90907613342
6.91741443149
6.93349777883
6.9478900852
6.97947594168
7.00368792263
7.03756746213
7.05591731172
7.10299880587
7.14716195567
7.19111784132
7.25725047403
7.27243205642
7.29631759599
7.32821086942
7.43946606902
7.47011377131
7.52057743921
7.55314816699
7.56878148879
7.58365585548
7.62277448272
7.63648068056
7.64247084376
7.67631581106
13.9566898421
14.2306492498
14.4322501492
14.6028472291
93
