6.00600272765
6.01391691382
6.02217802349
6.04401884429
6.04862810921
6.06387347976
6.06884506613
6.07868483127
6.08527607973
6.09155346731
6.13417219573
6.14834203284
6.1649221513
6.17736479266
6.18023930681
6.18118675269
6.18652753353
6.18785574216
6.19762827273
6.20241882889
6.22075727975
6.22851234372
6.27231356452
6.28924911916
6.2921769478
6.351553814
6.3626143742
6.37761526145
6.41740380961
6.43378194452
6.43818841308
6.45811918895
6.48458991956
6.49922027488
6.50345595413
6.52838269464
6.56507816097
6.57576313695
6.58225266714
6.59608355498
6.61667929429
6.63122418761
6.66477863768
6.69455249489
6.72960712997
6.74981285989
6.75510461415
6.87163331628
6.93210575216
6.97847136267
6.98521296294
7.00562153224
7.04218710763
7.09581454405
7.1169449251
7.15043979773
7.16081147507
7.19570129188
7.19867338677
7.35066089194
7.39397913189
7.43205505432
7.4651923445
7.51910683106
7.55482446699
7.60469517138
7.6244151731
7.65680859438
7.67929399355
7.76248696018
7.8038589924
7.9651018348
7.98969271549
8.01544969035
8.03955220265
8.33072621931
8.36021775421
8.3773040943
8.45231234709
8.51005255171
8.53521042836
8.61871519415
8.64424392541
8.68132617099
8.72254455388
8.78447190249
8.80980453637
8.88860799544
8.91984386763
8.96252006757
8.97749079078
8.99343534997
9.05289968716
9.10438159193
9.16875013673
9.20772194919
9.25154198217
9.29687762303
9.36722245405
9.45601937256
9.53415675861
9.60311836981
9.81683238713
9.97394321789
10.0373578098
10.0697832581
10.5650063507
10.5721916357
10.5988277149
10.7164528121
10.8152034947
10.8375621722
10.9196190168
10.9610623101
11.0629466386
11.1063692057
11.1920788689
11.6353472944
11.7718214924
11.7792031203
11.8336330124
12.0931184178
12.1852091715
12.2963411143
12.5652409259
12.9333569377
13.0475328114
13.3546056536
13.5393165896
13.6855206379
13.8721785864
14.0353755373
14.1344782218
14.3895450179
14.894702305
135
