6.00061338078
6.00194635894
6.01244851092
6.05293577936
6.08410507225
6.10806855691
6.11602615103
6.11674744023
6.19526103188
6.20619781896
6.22644487502
6.23159792539
6.23586378854
6.23671638389
6.25727172479
6.28026849741
6.29624877788
6.32944386451
6.33131605971
6.33697466016
6.34561975012
6.53038527982
6.5416352987
6.56136429081
6.74466841919
6.81097124848
6.82848273728
6.86585255773
6.87474793729
6.90416398366
6.90599102607
6.90737482637
6.95176025737
6.96530548811
6.98299718806
6.99490405168
7.01774575834
7.02032696293
7.03771096005
7.04045438646
7.05957325889
7.09774705396
7.11963531586
7.15105898643
7.18595019467
7.24394690945
7.27270090244
7.2819368205
7.33311040429
7.42608726215
7.43836766995
7.49268189003
7.55168732627
7.57487379845
7.62092943502
7.6253424613
7.66293250872
7.66878862331
7.67376485804
7.68523043585
7.70098865938
7.74506510834
7.85932690089
7.93823656743
8.00342657073
8.05760646661
8.06890053115
8.13594591219
8.53593471615
8.53990831264
8.5509709805
8.61132852753
8.65961834065
8.6847715
8.73669939712
8.76584557683
8.90482047909
8.93798832451
9.00684465886
9.10550745093
9.17283151519
9.20265921111
9.23595953591
9.24230108328
9.25097747469
9.35153615163
9.40289530686
9.44622342972
9.51144957219
9.5287017193
9.58562301961
9.61767283271
9.67828080165
9.77134608016
9.80303138096
9.83468400583
9.86071058294
9.89347588247
10.107907603
10.2351451865
10.3320554237
10.3886947435
10.5007822029
10.7144017298
10.8367119835
10.8632440764
10.9781054602
11.1222667929
11.1644566356
11.2152481599
11.3618868477
12.314299051
12.7119068883
12.8819075081
12.9725885412
15.4060066053
116
