6.01029329403
6.01939656941
6.020963366
6.03436428244
6.03921702539
6.06421935826
6.07417656998
6.08057033851
6.08211061001
6.0827794467
6.09250540816
6.0999480985
6.11611944589
6.13388016557
6.14551731579
6.16704991791
6.17793073987
6.18474424839
6.19959701114
6.213449083
6.22709942515
6.25725513916
6.2643729023
6.28056150448
6.34038928246
6.34480349044
6.34602343976
6.35885261945
6.36533376543
6.38166825428
6.38794508637
6.39415396667
6.40132277775
6.41170237126
6.41284810986
6.42131521047
6.45467522921
6.46202317676
6.46362017149
6.47051121655
6.47854041274
6.48910425323
6.50301973467
6.51767639231
6.54356247763
6.55529271627
6.56117937514
6.57959611527
6.58870096691
6.60405688094
6.61444973557
6.63191048439
6.66544135419
6.71151182443
6.7356126625
6.75827867187
6.78589355876
6.82320890098
6.83918109019
6.8925050851
6.90890725302
6.92661333214
7.0236425845
7.04811215786
7.06476699748
7.07194613182
7.11653881529
7.12845024622
7.13780225557
7.14990760964
7.17309370096
7.19537809747
7.1978643378
7.41248484199
7.44128214084
7.46591563113
7.47148149926
7.52627524026
7.57570900792
7.60684619612
7.64265630817
7.68677252582
7.72490812722
7.77848156141
7.78421219218
7.82591075969
7.83750268446
7.85026703008
7.85424647804
7.9924318766
8.02323812307
8.03720363263
8.05996153631
8.11968806566
8.19942662883
8.28445158397
8.32936048628
8.4142161
8.46472266792
8.57142344999
8.61869483058
8.68881390076
8.72839332171
8.81556694419
8.84458130952
8.86962113491
8.90495630469
8.92738614068
8.9588357643
9.02598275452
9.06209918615
9.14595169333
9.18798550432
9.20970999658
9.21413613909
9.31613468939
9.34484123572
9.37631224005
9.57224134092
9.61130821917
9.68192173102
9.81842317403
9.89175764832
10.0590347838
10.2032060568
10.3356259129
10.4699848026
10.5243643674
10.6676804457
10.720734658
10.8014311762
11.0748373241
12.1157613269
12.253519833
12.3330761243
12.4158797067
12.4725075351
12.4926076414
12.5772421418
12.7017590428
12.8111179626
13.1439626351
13.6645384962
13.8474858709
14.1421005284
14.4643903838
14.6062378023
147
