6.00804822241
6.01118044464
6.01987642001
6.02595796117
6.04303304995
6.04664499995
6.0495011642
6.06240769948
6.06718737211
6.08879466006
6.11172635975
6.13853487135
6.17037356024
6.17972352219
6.1889563352
6.19531730846
6.22010181295
6.23691537978
6.24125823335
6.26609302788
6.27262761493
6.27670734883
6.27778856806
6.28157885789
6.28281821866
6.30702811408
6.31427631197
6.32331053672
6.32976111253
6.34341364152
6.34819507606
6.36151710318
6.36726937779
6.38277441829
6.39506833952
6.40226078764
6.41219517544
6.42452140859
6.43107869232
6.43278954031
6.45225282503
6.46168599975
6.47400485523
6.48518770048
6.52784749319
6.53974155409
6.56872895472
6.60919433618
6.63294630627
6.64728982074
6.6501788737
6.73905077864
6.76645027146
6.7748375754
6.78878524856
6.79161476566
6.80449792266
6.86654407297
6.89216935284
6.95245446849
6.97756071769
7.00785331742
7.03164689993
7.08473712447
7.15613354069
7.1651155675
7.17780932294
7.20382119201
7.25776973169
7.34599182114
7.36462677611
7.36698399597
7.41038159255
7.43655371019
7.45302422349
7.46747520331
7.51599125173
7.5433273847
7.60062947576
7.65555590776
7.66040170064
7.69787096124
7.71762413587
7.74389635227
7.74675743104
7.76551499146
7.80168649841
7.84106955112
7.87025933642
7.89293114984
7.95442676081
7.99118208375
8.00428917159
8.0731783896
8.10476423847
8.18879244991
8.21009812936
8.23659808804
8.27918594131
8.41333629152
8.4316629757
8.46715805964
8.54190287672
8.59753327068
8.63436497653
8.65543879996
8.68105976402
8.72740848926
8.74919167484
8.80552218259
8.82545352478
8.85872778125
8.89925636058
8.97521439035
8.98075048565
8.99126103843
9.11157202638
9.1922726327
9.35390574126
9.39038840263
9.43104987133
9.64901174483
9.71721244017
9.74520071867
9.81074361228
9.84628652436
9.91093336613
9.93401144767
9.97691068036
10.0129396563
10.6151704324
10.7842732157
11.2874294507
11.3886950467
11.3952572945
11.40393241
11.5720608864
11.5825645778
11.8646086361
11.8817709593
11.9102112293
12.0406003015
12.4513796516
12.4879887182
12.5099195757
13.4800797987
13.6136741758
13.7381082875
13.7555390925
14.0612418292
14.2839786705
14.9978521875
152
