6.00980954151
6.01299230669
6.01697064701
6.04686114375
6.06135995642
6.06212472655
6.08251383786
6.08539908117
6.0900256774
6.0970554117
6.1108743816
6.11681436926
6.12217193514
6.13855652097
6.14605152606
6.14989566615
6.16643505626
6.22606128487
6.24244742542
6.24388562951
6.25133688324
6.3096198096
6.31604767063
6.32031098588
6.35951197356
6.3713456091
6.38474812391
6.49908951684
6.50861899445
6.52203647684
6.52439088066
6.53773559066
6.56691223951
6.57615294133
6.58357830066
6.59749305157
6.62057984872
6.63624186423
6.6539389959
6.67522762636
6.694563031
6.70913288437
6.72600025365
6.76847899171
6.91684739785
6.94656043616
6.96016369307
6.99429481087
7.02829346774
7.03170823154
7.05973783771
7.10010659317
7.11344198518
7.20609745605
7.27091935395
7.28678965236
7.29063269605
7.31003473787
7.32835594774
7.38168323969
7.42749223367
7.43560809692
7.53476205495
7.56005792222
7.60704249255
7.65349850648
7.70539134011
7.76076416228
7.76967242419
7.82986520102
7.86211015497
7.87687308944
7.94943701638
8.01142859913
8.02814348583
8.07714866546
8.21540241243
8.30220972117
8.30826070966
8.33946803158
8.3578994169
8.53285660459
8.57038965067
8.64986535022
8.70631564248
8.72923924016
8.79734354994
8.82521282699
8.84297056111
8.87077614621
8.96670485695
9.01876939414
9.0840382314
9.10145544571
9.11430165594
9.18014080032
9.21438908129
9.25374795956
9.2876221484
9.39705687161
9.45091077587
9.49191153186
9.50839448434
9.53402968898
9.55396637981
9.6079330413
9.6637815443
9.82143936537
9.92643680521
9.95052264569
10.0405037668
10.1806292346
10.551690487
10.6031160436
10.7035277537
10.787123302
10.8276309894
10.8527843122
10.8847231063
11.0211439362
11.1515892016
11.2270317662
11.3053393306
11.3426297716
11.4676039255
11.5920846623
11.6786300769
11.7463462904
11.7709718596
11.9349116441
11.9759769112
12.2534062481
12.3745284383
12.5282199308
12.6445778136
12.783632173
13.0357528488
13.1555678173
13.295656215
13.4074394946
13.5088141152
13.8635823879
14.6905848656
143
