6.04920417061
6.05046316375
6.05832242825
6.06245603563
6.06680142527
6.1056106667
6.11182126711
6.12131689146
6.24041834896
6.25423597516
6.25575986727
6.29498648065
6.29592736335
6.3021209626
6.31798147505
6.32305941673
6.34075232464
6.36720609809
6.38457197514
6.51503826245
6.55841827552
6.57294605617
6.58298773545
6.61485514413
6.62272738253
6.63757810686
6.6459913868
6.65132888262
6.67466985801
6.69562061192
6.70128123386
6.72252005912
6.72882674213
6.74245001629
6.80474261852
6.82088722101
6.84103934929
6.853177731
6.90340066527
6.92182987745
6.93825955016
6.94797394176
6.98668336288
7.01189478111
7.02489730531
7.03259200455
7.04432755619
7.06000688173
7.09505111729
7.11466790819
7.1685931042
7.18731255458
7.39806359438
7.42459703715
7.44672918705
7.45757786477
7.50392151031
7.52321325589
7.57125568453
7.59084949311
7.60067386612
7.61354701735
7.64478872653
7.68107773441
7.71727884055
7.72847500242
7.77267147773
7.80503570313
7.94950016835
8.04559750059
8.05824594283
8.1044393622
8.14212829357
8.17060219858
8.23161885266
8.29238571919
8.42024121122
8.4388069132
8.45361861136
8.47156234704
8.5144316432
8.60520124039
8.71732922669
8.73064703028
8.75631451507
8.80068494393
8.85936408307
8.87795094297
8.91875471215
8.97499898912
9.00486370571
9.12675012803
9.18014784705
9.26408886806
9.30554678145
9.56151541558
9.67702420269
9.75188804215
9.82418479529
9.89585645285
10.013836231
10.0483020653
10.3619675308
10.5354298537
10.5785368621
10.7365079792
10.7801979285
11.0376463364
11.0600759966
11.2235022857
11.3744278156
11.4419425435
11.5525299069
11.8527342633
11.9715224747
12.107534291
12.1218246884
12.27275836
12.3639699593
12.4126271961
12.4681342306
12.5485272834
12.6253750234
12.7230035596
12.9171142226
12.9626015686
13.0758596908
13.3445638287
13.4586581341
13.6338474082
13.7878265863
14.0842715325
14.213509312
14.5525368451
134
