6.01219428102
6.03605617437
6.03795703851
6.06002442647
6.07440644678
6.08004344204
6.0983279522
6.09907324907
6.10417311014
6.11667951348
6.1216543886
6.12743461204
6.13209352981
6.14341256015
6.15192939537
6.205675514
6.21392614221
6.2283919189
6.27179004
6.28070259744
6.29855486774
6.315995213
6.34715868279
6.37673104196
6.38223855987
6.38384751877
6.40094187305
6.41119179722
6.41782309858
6.42461253155
6.43347733441
6.45754523311
6.48001875045
6.50769991473
6.51769178897
6.53563452407
6.58270308588
6.59831731
6.62358403919
6.63697711827
6.64571023961
6.66032103701
6.66492781862
6.67046875614
6.69515058204
6.7009687722
6.76333478659
6.77058837681
6.78316441233
6.80827272922
6.81752671917
6.83061882391
6.8408674851
6.87126432181
6.87577184596
6.91436076723
6.91768936187
6.9336530408
6.94408217143
6.97499966152
7.27324551604
7.30230680414
7.3492957282
7.39595528488
7.41064725416
7.42456328934
7.47428863906
7.51716802013
7.53950409578
7.78084779481
7.82219427751
8.05757928001
8.11777651389
8.14479008223
8.2164566921
8.23426900069
8.26414103408
8.31155618886
8.35047670998
8.41357057768
8.43078636648
8.49070624623
8.49736943061
8.67371663288
8.69999823041
8.76952461221
8.84358425123
8.91298082375
8.99923419579
9.10914618524
9.17350044761
9.29943077296
9.38877774174
9.43048767621
9.46874916761
9.78573696622
9.81959711818
9.82405855036
9.89750811381
9.93316921462
9.94165784564
10.2396257334
10.4471249349
10.5323240145
10.6544337398
10.6853196577
10.7557809021
10.7679043519
10.8045983974
10.8304886185
10.9453454637
10.9666207543
11.0132203895
11.0269780351
11.1282898219
14.0277570824
14.3666783172
14.5362403314
118
