6.00178207183
6.0067861156
6.0125670167
6.01783307308
6.03684929677
6.04333830642
6.04807535763
6.05706020577
6.06171850473
6.06732759618
6.07404668344
6.0753859291
6.08698380641
6.08953160866
6.10495973741
6.11468936561
6.12589399488
6.12909171638
6.1366533508
6.1422036218
6.17212602905
6.17812668928
6.20088914578
6.20744669542
6.209474687
6.23739631672
6.23896961815
6.25552975612
6.25700225905
6.25861346132
6.26781676342
6.35167258781
6.37107970628
6.37366099507
6.37829083882
6.39034420256
6.39485803536
6.42461843393
6.43585433775
6.44054211947
6.45201597641
6.47499210749
6.48455425575
6.50161278204
6.52124356841
6.52739857309
6.54040578665
6.55227755745
6.56160755571
6.57552373758
6.58712009395
6.5956042505
6.59790659957
6.60374538994
6.61067046167
6.62028918817
6.63288430264
6.65656181649
6.66173474169
6.69470073803
6.71080012757
6.7221420245
6.73488305666
6.76106913495
6.81751961584
6.83943085426
6.84453688807
6.85697335531
6.87328915996
6.88694775025
6.90586752207
6.94191972653
6.97158651266
7.00053946274
7.02446719391
7.08902081038
7.12804414488
7.46992045374
7.50083235983
9.14060938263
9.14560808114
9.1732088953
9.26559565281
9.40426857536
9.4655179891
9.513618615
9.60396131335
9.6188935817
9.8324335702
9.95294348489
9.9880705052
10.0363780111
10.1195102087
10.191001193
10.1973558028
10.2629103009
10.3073081956
10.3913375018
10.4001049423
10.4569277465
10.4941596192
10.5392368192
10.6308672624
10.644235087
10.7812126752
10.9855518757
11.0153410311
11.074148627
11.1511760946
11.2645890453
11.2871601924
11.3013818298
11.3391789385
11.4367422264
11.5302395998
11.6801618168
11.7743183704
11.8516685998
11.9415563053
13.346676221
13.5925311478
13.7557519893
13.9002178354
13.983899553
14.7398600934
125
