6.02777845215
6.0502128303
6.06406967068
6.09418150709
6.10825242077
6.11910516872
6.1196244486
6.12491550036
6.13176878693
6.13534261705
6.142161828
6.15371356239
6.15886343747
6.17266240405
6.17859406222
6.18801735699
6.19578711132
6.21096417478
6.21908319034
6.23309085188
6.24649927137
6.26912765476
6.2748570903
6.5733716509
6.59178969125
6.59296868186
6.60444204392
6.63315203175
6.63429426632
6.6498280037
6.65326313258
6.68549748089
6.70917935833
6.7363047535
6.74280080021
6.75629622168
6.77126696603
6.79009803937
6.86795168859
6.88344580404
6.89018734799
6.91548281142
6.94047339202
6.95147528809
6.9624173789
6.96764021023
6.99282459958
7.02544835255
7.04338298757
7.22163967465
7.23946470631
7.28496839573
7.31698428064
7.34020266628
7.35799022186
7.37861613507
7.4513596089
7.4878066085
7.55844368114
7.57341011368
7.58966168277
7.62308393844
7.66316790106
7.75997480668
7.82835661024
7.8486127374
7.86195836706
8.00864636316
8.08350478228
8.13372659942
8.13666714518
8.16669565215
8.18580387285
8.22822589182
8.25942993123
8.30442254361
8.32280406867
8.37577999783
8.75181698633
8.88765340197
9.04097634266
9.21474154186
9.22752083168
9.28873996264
9.29572798132
9.38219514426
9.42234434593
9.46251248701
9.53590347552
9.55319039426
9.56507039263
9.76426634262
10.0736944129
10.1571356673
10.1649736902
10.2148870282
10.2722734722
10.3421158883
10.4350354091
10.5632232796
10.6572132195
10.7759201201
10.8696828261
11.0455348829
11.0611856986
11.1053905439
11.2148052786
11.2673874907
11.3689824955
11.6123236252
11.6341157117
11.8323172471
11.9356325667
12.0777112494
20.1341404708
115
