6.00738143039
6.0106533736
6.01647982814
6.02111351608
6.06285829104
6.06713743586
6.07427410345
6.08753191722
6.09254904873
6.15429024695
6.16192205991
6.1722639203
6.17705589686
6.18570466431
6.21151148815
6.21890976853
6.22889346606
6.28576492849
6.31206313247
6.32439117626
6.32920378776
6.34462693436
6.34977645509
6.36484743578
6.3696713606
6.39619091421
6.41265855783
6.44046306438
6.44810199074
6.45830225025
6.46349727756
6.48177647716
6.50349251384
6.52353932594
6.54468664931
6.55837884726
6.58255505197
6.59093538512
6.6121928285
6.62775974264
7.01401466775
7.04432528008
7.08214880097
7.26341920258
7.30572314131
7.32450392276
7.35889245508
7.37061890797
7.39737658842
7.41718652197
7.42270203682
7.43059823257
7.48827261209
7.53967241437
7.56966732276
7.62813954091
7.67135406532
7.68393816371
7.74628242584
7.77212027116
7.81393235268
7.82856651985
7.8572756647
7.91846877998
7.94212011502
7.96463940233
8.00968797779
8.04210963515
8.05737127592
8.08318114179
8.11155362776
8.13658904331
8.23589561065
8.23994993795
8.27215688146
8.27965836012
8.28877855529
8.33472143977
8.36518842214
8.38583282528
8.42281012651
8.50259939111
8.61036299127
8.65533442087
8.65985232683
8.79646858443
10.3245995351
10.4555297504
10.5793835366
10.7327491922
10.8047871015
10.8946746218
10.9447570882
10.9600116985
11.0041074885
11.0396625024
11.1320386917
11.2369776962
11.432536824
11.5218452304
11.5315630419
11.626833688
11.6985149332
12.2481866585
12.3686004734
12.5066302819
12.7687224779
12.9307462492
13.0610416592
13.1990406759
13.4388486925
13.6246010633
13.8488033346
14.1390216887
14.2417972945
14.5393694958
116
