6.00718556287
6.01579539842
6.0814427188
6.08533307269
6.08844992175
6.09516656897
6.09898169971
6.11062145731
6.11310639577
6.11436925253
6.11950917157
6.12583395808
6.13792466517
6.14292787988
6.14892329529
6.1514786976
6.16208138829
6.17272307094
6.17431124506
6.19954650885
6.2382954582
6.23999282767
6.24752183994
6.25275041334
6.26369540854
6.2699692703
6.27475635125
6.31038957807
6.32049511113
6.32225053421
6.32684525996
6.33063365341
6.35857645899
6.36749490737
6.38917446464
6.39601410774
6.4249657436
6.42970910171
6.43865265854
6.46863615974
6.47353873572
6.47784330453
6.47973666193
6.48441023428
6.49525750676
6.50870252549
6.51871673836
6.52790419015
6.53950463279
6.5466541838
6.55931854428
6.58246758866
6.62098805391
6.6328372547
6.64909881974
6.6745256377
6.6976053136
6.71005596223
6.73316359891
6.75952729722
6.76302694121
6.77089948827
6.79691147075
6.80632003379
6.81914628241
6.85766871588
6.95174313958
6.95462212564
6.96333340078
7.11070063085
7.4416828301
7.45825714611
7.52246353031
7.57266558499
7.5973773516
7.62160314962
7.65767700684
7.69312079575
7.7093429493
7.91590323219
7.9313629725
7.99236673107
8.06195278599
8.09219674254
8.12355433948
8.14989821471
8.184335968
8.21933987927
8.2526102414
9.34800688684
9.39399240499
9.446300222
9.47328037639
9.68195204651
9.68870469688
9.72997590883
9.76981149938
9.81561667343
9.86831672287
10.2085768711
10.2373497337
10.2659169627
10.3427670058
10.3940471499
11.5244301492
11.6142727706
11.8724125751
11.9948283237
12.1879451069
12.3176032162
12.4215361569
12.5287110361
12.6112498496
12.700060256
12.7519299304
12.8608947908
12.9556195625
13.8881801603
14.0158777597
14.1801613883
14.4070121333
14.4819732785
14.785157213
123
