6.01341084556
6.02094931964
6.02999413926
6.03159242278
6.03659132943
6.04096059879
6.06486011361
6.07377358409
6.08102061093
6.08576024716
6.09171487421
6.09285838089
6.09999636575
6.10067197188
6.11531023431
6.12067510581
6.13130036709
6.13654456188
6.14601133338
6.15422602753
6.18334741071
6.19242990065
6.21449098056
7.8770599918
7.92248378492
7.92677475795
7.98378366834
8.0434195713
8.0559562906
8.17230019612
8.20933394482
8.22658473486
8.28870564795
8.32397399999
8.39328823516
8.45906275612
8.4788825584
8.53133660981
8.57583678352
8.62356105254
8.62772832759
8.67789984677
8.71230788436
8.75174160369
8.76114295601
9.01685641402
9.15298171172
9.15748971285
9.20814763134
9.27537573273
9.29349978149
9.34340979913
9.36871006046
9.47884438605
9.578022776
9.68628039866
9.71705383136
9.84555251467
10.0824290872
10.1525094691
10.1827240389
10.2832398879
10.3518551212
10.4276615035
10.7793305592
10.8493116112
10.9135776732
10.9328280593
10.9971043801
11.1116319398
11.1377800402
11.3960052143
11.4353494702
11.4690909653
11.6059133247
11.7604306106
11.836974765
12.0928433419
12.394621621
12.6344287913
12.7079076852
12.9741707812
13.1653767343
13.3020484227
13.5301211497
15.3135314904
86
