6.00396400729
6.00926950968
6.01702339842
6.02495758819
6.03826712923
6.04222022793
6.05194819182
6.05902122822
6.06158633812
6.07895295729
6.08326839875
6.08507987227
6.09331416486
6.10284716913
6.11349097813
6.12447845424
6.15372298315
6.16733682616
6.18589946024
6.19037076575
6.19954026347
6.21119373334
6.22272958405
6.22900825717
6.23203010588
6.30438195119
6.32164084763
6.33668545515
6.34011470203
6.35794826485
6.65528950326
6.67406290729
6.7428053248
6.76257496053
6.77534859292
6.78992938317
6.81235041554
6.81976005738
6.84142583205
6.84659374246
6.86204510841
6.87676208277
6.90936797692
6.93080952078
6.94135139101
6.97541075151
7.00299733515
7.02713075928
7.10557699598
7.13984307386
7.16431826321
7.17170751359
7.2291398174
7.28266289319
7.30903720264
7.35334090988
7.36932649671
7.37159221739
7.50494653261
7.52141432483
7.52399920559
7.52736153628
7.53436445044
7.55186668731
7.57544308698
7.57828593804
7.61692210369
7.62939925289
7.63585370771
7.66713783756
7.68544089331
7.71325493685
7.74582203744
7.77997807952
7.80446795898
7.86190749382
7.94688489067
7.96658851517
8.00397375086
8.0469839362
8.07883008847
8.10455206987
8.21433963457
8.28316256515
8.33307516763
8.35972139321
8.4003754376
8.41936998502
8.45165160913
8.523513124
8.57905227905
8.60915940059
8.65254024329
8.66367125594
8.75174322531
8.78547909971
9.26270935451
9.29419160847
9.35254919049
9.40909102295
9.47287616633
9.52197645846
9.58327687632
9.81327777026
9.89250209874
9.91227255738
9.95092046546
10.0478785587
10.1459621263
10.1579375037
10.1977751157
10.2151895361
10.2261744491
10.32945073
10.8546694979
10.9456190193
10.9622822179
11.1414531765
11.3268477957
11.3766461051
11.3896501296
11.480329279
11.6225106663
11.6819635997
11.8184637462
11.9058595896
12.0872977768
12.2717192228
12.3741251246
12.5466030201
12.6140316175
12.6535236673
12.8284966295
12.9325841766
12.9574343239
13.2068263032
13.3014232724
13.3654598474
13.5966833225
13.6167080446
13.7461240741
16.2257438516
142
