6.00483549346
6.01601711622
6.04381875519
6.04797685591
6.0535808726
6.06008276782
6.06262862756
6.06910012751
6.07721774021
6.08226786486
6.08640579369
6.0983186022
6.1009152341
6.11304644323
6.13276592065
6.14349552506
6.14814310532
6.14925074547
6.15253330191
6.15339638917
6.16073575758
6.16255818498
6.16319332288
6.18496932995
6.18794707195
6.19977453527
6.20765896969
6.2205766373
6.23495277923
6.23763241202
6.24344875186
6.25573132366
6.26511113775
6.27455688529
6.28448742707
6.30042208522
6.32958771341
6.33590082177
6.34615442588
6.3509408423
6.5216789817
6.5506442894
6.56663278578
6.58054367706
6.58365927819
6.59028545425
6.60063365653
6.61617721482
6.63872857615
6.65629603135
6.65854125474
6.69744546472
6.71400168335
6.74354575307
6.85326259915
6.92908007892
6.93509475942
7.13122867085
7.14001091449
7.16596361476
7.217343512
7.23437264938
7.26476318015
7.26780170161
7.28852607806
7.31508698537
7.32477224886
7.37275351329
7.40264516918
7.44992810637
7.48221615939
7.5190185522
7.54589615153
7.56476403652
7.59230651547
7.63109036098
7.77328847353
7.79263605851
7.89776788402
7.91878352454
8.20082215103
8.39473783876
8.44493502367
8.550454189
8.62062402522
8.68600604718
8.73591524712
8.90234307288
8.9484552197
9.19144560033
9.31980369471
9.38529999516
9.56401181698
9.63135523583
9.67058851285
9.72100541938
9.95072189417
10.0228958131
10.0617318973
10.1428941368
10.2692819814
10.60706438
10.6149379895
10.6844783859
10.7675983611
10.7926686917
10.8471419653
10.9013434905
10.9980791842
11.1142952679
11.1880937472
11.2894630423
11.3762018306
11.4367232566
11.5712384567
11.6474009519
12.0742132443
12.430169035
12.4661489496
12.694399912
12.7112618056
12.8898260368
13.0593178904
13.5231410698
13.6639263195
13.7650220253
19.9332231652
127
