6.00843691625
6.01742051999
6.02686266754
6.03366958868
6.0412513164
6.0677250923
6.07777253503
6.07861837131
6.08875416675
6.08932909353
6.0919874182
6.10197957528
6.11944353721
6.12304027791
6.12375532989
6.12500711307
6.12940535628
6.13845359477
6.14188640823
6.15400950912
6.29868527993
6.49977094506
6.51986150439
6.52889261295
6.54066571049
6.54682203486
6.58503031744
6.58643816539
6.60021127185
6.85988562733
6.86929423646
6.98424188094
7.0744791052
7.08062233828
7.1553673451
7.18801553779
7.37216918564
8.49726875349
8.53697621081
8.56260029062
8.59678862608
8.62064700515
8.68935525691
8.75092637829
8.76849725462
8.77862047222
8.8192841928
8.85470578641
9.04553439199
9.10234226043
9.16054949731
9.19182991225
9.24635824024
9.28372586128
9.3625683668
9.63805132751
9.71067358792
9.78625953926
9.83479782587
9.85548815981
9.92428476828
10.0072870414
10.0239551098
10.0463052592
10.1719249593
10.4583486627
10.5045324009
10.5760627219
10.6009089449
10.6241885492
10.7671902651
10.802057584
10.9421909277
11.0540486659
11.1403007408
11.2145087189
11.2610261992
11.3278392378
11.3686306738
11.4106219952
11.4407011128
11.5731808505
11.6466812196
11.6739972091
11.7821879254
11.7972692988
11.9829302179
12.1299134161
12.1997598517
12.4054762698
12.5070123738
12.7428708692
12.8059920462
12.9302929052
13.3837026997
13.5156651972
13.625565001
13.7443433851
13.8876746861
14.1142794615
14.471174736
14.6425425851
102
