6.00525178915
6.13441388011
6.13533336693
6.13907392526
6.15110752771
6.15506593006
6.17127929085
6.17822961084
6.18676545594
6.18979376785
6.1957950787
6.20966559673
6.21671044971
6.22963341205
6.23872101527
6.25341115651
6.26033153788
6.27191345086
6.27795016957
6.28319117504
6.36340986717
6.37581782281
6.37766684451
6.43458643767
6.4422855204
6.45363025027
6.47116925085
6.49331642949
6.50795635315
6.53355161097
6.55827641386
6.58108306357
6.58821227112
6.58919306761
6.6012550455
11.1468599958
11.1892051713
11.2038135314
11.9041489478
12.5667764414
13.0509609136
13.1739986018
13.299731277
13.5471535933
13.7602321762
13.894634399
13.9998785547
14.1322963235
14.6178925159
49
