6.00789127573
6.02132486133
6.0270210738
6.08271273272
6.09659403827
6.11333691849
6.1184411174
6.12665423611
6.13697364585
6.1530258987
6.16446640644
6.17764423781
6.18426213769
6.19392429479
6.20344035646
6.21008859165
6.56304093268
6.57940571912
6.59468796769
6.6048068347
6.87424298278
6.8836449299
6.89965437049
6.9135926741
6.94211713563
6.9579501286
6.96756661806
6.98802271291
6.99349079139
7.02186074688
7.04509957541
7.05546398031
7.06939766599
7.08660224886
7.10034262804
7.12407525295
7.1411228584
7.15042490868
7.15635923859
7.17959581214
7.2282291081
7.23875133012
7.24313992766
7.25807148717
7.29733804749
7.34434196759
7.36637384592
7.38259538812
7.40624750479
7.45445485475
7.49345322074
7.64231259045
7.67011968948
7.72342038204
7.74356583123
7.75972268796
7.80525831983
7.84318076989
7.8649871832
7.89042433087
7.94391188962
8.01948453534
8.07790840349
8.10582057384
8.20233597038
8.23074462625
8.29521436436
8.36003475521
8.39105716971
8.45210258712
8.46189518636
8.47177968916
8.5106781302
8.56364548264
8.59153457784
8.69855073261
8.71318511375
8.77629227258
8.83283686812
8.89704194276
8.96274054033
8.98210804572
9.02213566567
9.03573532132
9.04156989034
9.06605717039
9.47427247207
9.52526854301
9.56612013714
9.66845892954
9.74243635525
9.90940646903
9.91536354165
9.93617544332
10.0005597997
10.0333383182
10.0699003285
10.4153450739
10.5343795595
10.5421478868
10.5952622041
10.6490911229
10.6834020941
10.8880782942
10.9129495965
10.982411747
11.0083103564
11.1663382573
11.2551764351
11.2953812025
11.5404003481
11.6366001163
11.7159704136
11.8751171904
12.0511790575
12.0843360093
12.2573291186
12.4777580223
12.6937039583
12.7248711697
12.7656928159
12.8790548779
12.9011731647
12.9881924264
13.4855486285
13.631334888
13.7841818029
13.87659153
14.0264922922
14.1849701313
14.3031381214
15.5887743691
132
