6.03174710791
6.03900337604
6.0394543829
6.04648805624
6.19772871973
6.19874747104
6.19930289731
6.20350888372
6.21521401682
6.21647187219
6.23344455246
6.23951888868
6.25431300007
6.27279275172
6.28081647052
6.28443604721
6.29825144532
6.30611955936
6.32888536403
6.34529489953
6.34984361641
6.36430664826
6.37076906175
6.37604189633
6.38765973808
6.40184244924
6.40367955401
6.45811529831
6.50176795138
6.65878887386
6.69100060861
6.70125329817
6.71070066707
6.71907352318
6.73403079764
6.75411757901
6.94190278803
6.96052783922
6.98599962453
7.04988964606
7.07534287889
7.10474941987
7.11688449192
7.12612517868
7.13020821308
7.15127079263
7.18021052133
7.20966569585
7.23017125661
7.27337973312
7.30850893423
7.32581049409
7.34721268561
7.56134068644
7.59286089397
7.64564552085
7.67608717285
7.68303136587
7.71296393993
7.72109068489
7.79813985044
7.85188227355
7.94702636661
8.00291149383
8.38725259056
8.40886336296
8.452032843
8.50827268506
8.54525210396
8.55286192352
8.57586779912
8.62655216506
8.68831376423
8.69716810327
8.7266117811
8.83069228488
8.97325486655
8.99189936416
9.62318245224
9.64674194719
9.70913172786
9.76414457237
9.85612218987
9.91479502581
9.95456567976
10.032813734
10.0865562971
10.1126391752
10.2170153253
10.257285558
10.3101319865
10.3167324631
10.4566093724
10.6122136709
10.7052581518
10.78913027
10.8967075633
12.0832886532
12.6021209573
12.7572138965
12.9237800911
12.9447750628
13.0142975734
13.2161353692
13.3904059822
13.6133177918
13.8415580438
13.9299647988
14.0463591495
14.2178207151
14.4929105033
14.7266130599
112
