6.00605449599
6.01139359348
6.01559122648
6.0207080225
6.02713260878
6.03881034551
6.04901818169
6.05549940898
6.07413319429
6.07646843693
6.0794105122
6.09204549684
6.10053168034
6.10186111851
6.1140857248
6.11507431924
6.12189412176
6.12619874308
6.13398430559
6.15423194218
6.16488078001
6.18246053755
6.19087981237
6.19761983557
6.21083614667
6.30295580456
6.30873331988
6.32318576372
6.3277374851
6.33692333452
6.35821559166
6.37114455023
6.38073094249
6.38167333382
6.38306541694
6.38826402928
6.40634827685
6.42617616853
6.45702248838
6.47159114616
6.47553372829
6.49705359314
6.53591748016
6.53755501916
6.56636136147
6.58833512849
6.5981745389
6.60970145281
6.63141710011
6.66036724422
6.72286390604
6.74871278436
6.76419181585
6.79042413827
6.87544131999
6.88759260757
6.90324621007
6.92900591547
6.98213496505
6.99534874468
7.0136849826
7.024373527
7.06055476866
7.07376565717
7.10979723108
7.12013147503
7.13850270224
7.20681449275
7.24572429518
7.27669207128
7.27984280552
7.292718598
7.39511685227
7.41842114259
7.47376973478
7.52312019619
7.68680516504
7.71393009576
7.73905251297
7.77276088487
7.8039698869
7.85087134373
7.8620016703
7.87891803329
7.90854381081
8.06363784351
8.09171393305
8.15675161874
8.17240819675
8.18950068381
8.22313666438
8.27122810066
8.33055372575
8.38509728334
8.40098172567
8.40457759158
8.43762619622
8.53264072309
8.56017867697
8.5670201312
8.57129228615
8.59781604828
8.64103154548
8.68298222016
8.83926067256
8.94150471795
8.96616523767
9.03989088914
9.10816383667
9.24600031466
9.42017660682
9.5164507343
9.5757743084
9.7730585822
9.85481925227
9.9403826162
10.0039220412
10.1035707467
10.2137968054
10.2859388564
10.41349372
10.421952551
10.5364281736
10.5857352595
10.658514563
10.8522525625
10.901134245
10.9816377604
11.0788822698
11.1311755379
11.4776907105
11.6206240758
11.6341833147
11.7294931545
11.9136035797
11.9824344179
12.0516810178
12.2081426357
12.5547129856
12.6200601497
12.7966541429
12.840255817
13.0383864944
13.1892955751
14.2564977878
14.5298539856
146
