6.00243811826
6.00329048195
6.01554420621
6.03249132668
6.04577420368
6.05386151302
6.05720073719
6.06878752341
6.07795721549
6.08446934999
6.09360395667
6.09804232457
6.11635539609
6.13029322252
6.13796257875
6.18828231196
6.19254861698
6.19799558884
6.22560134768
6.22972652419
6.2368803611
6.25035952749
6.25547264345
6.32162320278
6.33098836147
6.40993680903
6.41610432159
6.43875603918
6.4510468537
6.46998141373
6.47865482138
6.49396395098
6.50772633419
6.5140223788
6.5161187908
6.53729315057
6.5382643612
6.57734644718
6.59386778479
6.60257443177
6.6199543486
6.63566605316
6.65492008471
6.79529231
6.81132687188
6.8214379078
6.84812232459
6.86163212498
6.88196363246
6.88636812639
6.8994881378
6.90202327458
6.98052738774
6.98483960503
6.98789118173
7.00486207453
7.0249919704
7.02972766421
7.05555403238
7.08538121452
7.12571705093
7.22702365817
7.2810736808
7.31004155986
7.32570396092
7.38691790468
7.40267831455
7.46442957039
7.51134898996
7.56908872832
7.6241150703
7.67067037166
7.71204422953
7.74543347401
7.77684719507
8.0676641879
8.10499036332
8.11437063436
8.11733398683
8.14412015849
8.16517768956
8.25177054967
8.27292034596
8.34912709048
8.39184500923
8.4401010352
8.47108885735
8.62723969682
8.65559721612
8.65960319616
8.74298771899
8.78210281133
8.83487790927
8.98278274789
9.04232947308
9.12518621121
9.35173040569
9.43470950126
9.52580797127
9.59008419711
9.64963013178
9.67597408033
9.78641224444
9.83789467624
9.90516875764
9.93272810342
13.1423198191
13.2566330568
13.4116655188
13.6176993537
13.7519541176
13.9348478542
14.0672669393
14.3976593597
15.2410853013
115
