6.00619956914
6.01089978673
6.01190615661
6.01790664993
6.03697174208
6.06421574634
6.07233016898
6.08025912267
6.08589544131
6.10185519894
6.11227094685
6.11859455794
6.12732456203
6.12830285651
6.13169610221
6.14280773328
6.15240327435
6.16024481204
6.1628011516
6.18926190144
6.20387844802
6.20628137735
6.21141169115
6.22608664519
6.22729099836
6.23000717087
6.2691900545
6.28485495873
6.30832516211
6.32392977873
6.34457793146
6.34939660454
6.35843439066
6.3694019576
6.37769510317
6.39493667285
6.40192438345
6.40583968497
6.41592375559
6.42493766118
6.42626419678
6.43058553819
6.43570544846
6.43938202478
6.45283297802
6.45704798842
6.46446894844
6.46760483026
6.47686574657
6.49091893858
6.49966465803
6.50323820692
6.50772420652
7.62811994655
7.63989259777
7.691306415
7.70538604708
7.75725384362
7.77828047502
7.8087235309
7.81225900842
7.83965991983
7.84246241205
7.84612134884
7.85970206435
7.90831267319
7.97936868186
8.00089713882
8.04151002034
8.06921988722
8.08020459858
8.14006261221
8.17825748438
8.21598510763
8.233834535
8.2887145969
8.33418058117
8.43055949265
8.49501538392
8.50657818864
8.70162690554
8.82458370499
8.95025869209
8.95370822924
9.13332616433
9.24219469773
9.32934862322
9.40961986119
9.43658978555
9.54928836184
9.70999599798
9.79361412285
9.88604647375
10.1490439142
10.201381103
10.3354615597
10.371212518
10.4130879256
10.5841303916
10.6245126274
11.0315740859
11.1432365763
11.2361136832
11.2482533672
11.3448542648
11.4650013946
11.511085591
11.5210601555
11.6523184133
11.9128767774
12.1114411193
12.2040797997
12.4091264202
12.5944518494
12.6575676381
12.8184218903
12.8939088782
13.0133506287
13.1436599403
13.2665686603
13.3226695002
13.5047683073
13.6484348463
13.920993359
14.1516530712
14.9637300989
126
