6.00390573349
6.01715335784
6.03940461364
6.04625043072
6.11699712098
6.13145540094
6.13322248565
6.1470124923
6.15043114324
6.15600595984
6.16935266803
6.20404343608
6.20952548938
6.2459220959
6.26907753818
6.31412408287
6.32608141849
6.33007802351
6.33114096017
6.34399679955
6.35705713847
6.36350847662
6.36472067716
6.47073142908
6.47859483587
6.58148935482
6.60170272884
6.61278210476
6.63438076551
6.64567879389
6.66059818277
6.68753759379
6.75349093867
6.7735972711
6.78325494749
6.79312088869
6.80482305572
6.85201015099
6.86824211563
6.88729065586
6.90860247542
6.91232680094
6.9223198637
6.93573677684
6.94809954933
6.95910657274
6.97188227415
6.9796993651
6.99720899798
7.02595549817
7.0723612101
130.834487501
52
