6.0010335748
6.01739248279
6.02244692411
6.033871427
6.05211689273
6.0665528396
6.07226004511
6.07686776505
6.08206340411
6.09132324138
6.10100123105
6.10557682486
6.11063604175
6.11667041661
6.11743063457
6.12706569227
6.13038540782
6.14348182268
6.14862868532
6.1521987212
6.16498166821
6.18524277047
6.20674399621
6.23000679204
6.23974706902
6.247571638
6.25779210956
6.27241804029
6.28623556431
6.28766051098
6.30465865619
6.31551578197
6.32411950389
6.33812408052
6.36244219132
6.36662043377
6.37958454428
6.38538303401
6.38630941264
6.41748007573
6.41892967314
6.42373563101
6.44717845756
6.45710862301
6.46377144904
6.47279601613
6.47967221983
6.48950484302
6.50101937105
6.5018470364
6.51064488028
6.52976875107
6.54199778443
6.56126554942
6.57398860713
6.5897820521
6.60422049494
6.60810773157
6.66003745875
6.67877814759
6.72142808187
6.73050058059
6.7588689083
6.77960064091
6.79246486152
6.81282398419
6.83071170693
6.83576355579
6.84845264896
6.85420043614
6.86113110136
6.89183070312
6.90990874389
6.92173224983
6.93988073554
6.9949092701
7.00240109259
7.02452596148
7.06150922234
7.25746834354
7.28672929594
7.36129631621
7.38862523355
7.39639582291
7.44963380596
7.46740150536
7.4826961554
7.49397159942
7.52253913242
7.55200440298
7.68264327725
7.73784622899
7.76111798463
7.76382191021
7.81743246284
7.84707053128
7.90015660965
8.0288685057
8.18476295175
8.24991275368
8.29216046367
8.33896414028
8.37870700352
8.41591680781
8.46539466249
8.51208574668
8.67183107327
8.69560668377
8.7776103064
8.8801645477
8.93810206969
8.96846643623
9.14689832143
9.498645435
9.61416878374
9.76264830339
9.79846046684
9.85700769079
9.86278323777
9.94876511126
9.9889600487
10.309458661
10.4428864176
10.4523731893
10.5856618024
10.7820288065
10.9154927634
11.0338466763
11.2639113168
11.3833571524
11.5275146855
11.8161921036
11.9138517477
11.9927284163
12.180676954
12.3207942549
12.4428543632
12.539246363
12.5479713614
12.6377308659
12.7051354353
12.7499138848
12.7870217227
12.9780370498
13.1848917103
13.2034269631
13.4722967535
13.5316461544
13.6938037095
13.7977611998
14.056961613
14.527973909
152
