6.00657218203
6.00983363521
6.0369324092
6.05278250065
6.07108125304
6.07642517345
6.08401562667
6.08745567936
6.11055615841
6.11786717353
6.12962462982
6.13733028929
6.13978053119
6.15701911968
6.16807074556
6.19883293486
6.22092549423
6.23155351089
6.24399739518
6.25137299001
6.25587675706
6.26747299859
6.27703945955
6.27848930655
6.29051704118
6.29155838318
6.30050778643
6.3267136562
6.33941716685
6.34775032786
6.35524791757
6.36257147582
6.41636553603
6.4256110133
6.44132611009
6.45955884313
6.48435499916
6.49156277086
6.50113130378
6.54491128562
6.55144917976
6.55308574972
6.56217635246
6.56884354437
6.65451022704
6.66851101848
6.69338203841
6.70102867384
7.28681275037
7.32716452916
7.40719905831
7.439167307
7.46277114512
7.50951289551
7.57632669643
7.85153936366
7.85961416811
7.89299846214
7.98833035479
8.51466959267
8.55773333972
8.59995265772
8.64508901519
8.68617832446
8.75304765888
8.76389665442
8.79708136172
8.90340896657
8.95820369512
9.03566003567
9.14801588127
9.24783228259
9.37588035657
9.4562564721
9.52378480284
9.79229745623
9.82075031537
10.3473041517
10.408820933
10.6207380604
10.711384181
10.7205317189
10.816256951
11.039080371
11.1429154551
11.2678569345
11.4562059888
11.5281688621
11.5759706483
11.6134810257
11.6859405043
11.8568063349
11.9176908378
12.0920727921
12.1551452853
12.2810353611
12.5974002372
12.8957229268
13.496560241
13.7089995844
13.9492731176
14.0487856123
14.1714105924
14.2949524739
14.3146611552
14.3789341527
14.739288223
107
