6.00593728958
6.00678215124
6.0093375082
6.01926162144
6.02304433446
6.02696993447
6.03557217725
6.05674458282
6.07337951532
6.08469437795
6.09497079155
6.10121268743
6.11482922588
6.13893504367
6.14624264662
6.16186351043
6.17468736273
6.20064878135
6.23342883034
6.36077863516
6.37513544375
6.38770906968
6.38959732962
6.3993646199
6.40726237413
6.42082883159
6.42464255881
6.44007816824
6.44779366793
6.5024559813
6.52071252768
6.52183911826
6.72902782036
6.73747846176
6.75817985404
6.78568702522
6.82267627363
6.83351079013
6.86196725649
6.86394422519
6.9062450654
6.93777237005
7.0224183519
7.0381071246
7.06347060362
7.10631440836
7.11606502777
7.13941975488
7.1770090577
7.23472655742
7.25036281431
7.35144278282
7.37106769465
7.40594380988
7.41874285759
7.49832577916
7.50028286907
7.53024831089
7.54698259024
7.56842115453
7.60497862872
7.72632933808
7.86496086558
7.91580655031
7.96341255529
8.66868278671
8.69052809656
8.69756970381
8.73013595658
8.78979114016
8.90954185703
8.95159583481
9.03912387405
9.09780685578
9.22702389404
9.27453267242
9.34134269114
9.47292164324
9.56287456799
9.65775054233
9.94535127704
9.99433810539
10.1113057821
10.2097336428
10.3445225073
10.3973037707
10.5569245836
10.6626461876
10.7816814603
10.788709166
10.8921935166
10.9370459635
11.0150969143
11.1161700976
11.1526403555
11.4793532218
11.9574868185
12.2499247065
13.0621426504
13.188448498
13.261502178
13.3819019567
13.6743197782
14.0475419613
14.1786038808
14.6399496306
106
