6.00115505098
6.00206658868
6.00439318536
6.01143006064
6.01617840024
6.02461783786
6.03318039956
6.10463387843
6.1162672637
6.1168662761
6.11907010552
6.12261283235
6.12742771713
6.13185668846
6.14225991963
6.15421536783
6.15613764942
6.15984933198
6.1696553352
6.17218947386
6.19270950522
6.22121018953
6.22501089549
6.23615809755
6.24183419377
6.25085308181
6.27369530092
6.29054491133
6.3150872621
6.31603603977
6.32579588021
6.34348488332
6.35468165559
6.35890522332
6.36694330401
6.37279702316
6.37854532747
6.38986326242
6.40112055206
6.40194397432
6.41961201936
6.42822273158
6.43646800363
6.51087824635
6.52299322248
6.5261230518
6.53844157463
6.56188993285
6.57019176879
6.58014160497
6.60074598176
6.61876443953
6.64240065261
6.65511625051
6.77525112493
6.78810383072
6.78955326119
6.79578691423
6.81196112129
6.81732568441
6.84236033061
6.86218634069
6.9171941852
6.94979935388
6.95189646463
7.05527115336
7.1079585523
7.11775738132
8.73396440553
8.79554137037
8.80961629881
8.83815946763
8.85100998219
8.9339986985
9.01737114663
9.04714747805
9.05097677499
9.08807031799
9.15917719834
9.23102058414
9.27555079391
9.30714045996
9.34115252303
12.0174731924
12.0247671739
12.2071402381
12.2555027542
21.1025341945
88
