6.00460903014
6.00696749435
6.01903202799
6.02869847703
6.03217882418
6.04179874942
6.04444048963
6.04619089217
6.05781971222
6.06218035686
6.06531862976
6.07157501419
6.08274641455
6.0898284095
6.10084276436
6.12551228762
6.12607340863
6.15019044902
6.15379637932
6.15767266941
6.16591234882
6.17287559474
6.18088254691
6.19431066782
6.19960099642
6.21811444236
6.23521491546
6.24473632485
6.26357662706
6.29945623529
6.30087960854
6.33414025649
6.34775611094
6.37160528678
6.38582174978
6.39947086816
6.41202111451
6.41428296931
6.42703813524
6.45167577449
6.46728295692
6.48158393425
6.50139999053
6.50652528664
6.52001754115
6.53269113647
6.54279390883
6.54673575261
6.57489432919
6.58777568184
6.59648139222
6.61490544219
6.63710501051
6.76641107359
6.77579061453
6.80380817705
6.80923164774
6.83282488895
6.85638540263
6.92015223404
6.95912499109
7.11526870925
7.13721683891
7.14080298432
7.18151327663
7.2554896281
7.26691798602
7.29647040675
7.33781582737
7.34990479051
7.37306757979
7.38511782059
7.42586788571
7.4965836891
7.54657667624
7.59791513198
7.61858139115
7.64963821694
7.6805836966
7.69869632852
7.80224525106
7.82485271559
7.83281840505
7.89330033556
8.11058575863
8.1802632807
8.2195366059
8.24985224827
8.39703793551
8.42118007792
8.55651448699
8.66120145924
8.69882724412
8.77216454962
8.8238287999
8.86577965567
8.86971999128
8.94940532051
8.99545281142
8.99876359197
9.00904740311
9.08439422295
9.39802989638
9.44739562514
9.66538736515
9.69568352179
10.1176075873
10.5039839419
10.5633926665
10.7078104358
10.8922644681
10.927316129
10.9949699049
11.2140055535
11.3110578331
11.4087735261
11.4237342778
11.525658105
11.5682777941
11.72181415
12.7683225277
13.8572467904
14.3701525099
14.5900590585
124
