6.00719408461
6.00831754366
6.82434390798
6.84273619261
6.89485329553
6.91168516355
6.92616327425
6.94156602745
6.94428112132
6.97590961479
7.03060600345
7.07342081113
7.08545780627
7.08854728574
7.22763932762
7.24103191086
7.32179571737
7.382142334
7.44729785967
7.45185879037
7.46461736159
7.48620095293
7.54863301819
7.58238621204
7.76913294677
7.95419408632
7.97884637371
7.98785444893
8.00298226325
8.05465433603
8.08006381802
8.16149899272
8.16804933211
8.19721037314
8.26345448188
8.28882430828
8.35677631254
8.38549156565
8.69730709832
9.27906762079
9.38120678463
9.4817221986
9.51253054055
9.54235049627
9.62568327456
9.67980878827
9.68486452114
9.90267169185
10.0375217602
10.0790155342
10.1720160447
10.2394066892
10.3107661989
10.3506889082
10.3801408687
10.5186852596
10.5263946166
10.7315710385
10.9866893632
10.9928709213
11.012241891
11.15719384
11.2693002071
11.4138974878
11.448106929
11.629869437
11.7776631329
13.2383726453
13.3590256268
13.4736868489
13.5925806082
13.7159583088
13.758895205
13.8475712655
13.8652535135
14.3057911732
14.421167119
14.6571795808
78
