6.01112679958
6.01864302987
6.03051638856
6.03893742226
6.04749778147
6.05138886281
6.05931545249
6.06148125982
6.08145424709
6.08552883915
6.17001860944
6.17777401896
6.18056718376
6.19203847108
6.19538251292
6.19810259534
6.2060059604
6.21111934328
6.35552462803
6.36488969409
6.37568278505
6.38395674035
6.40812894317
6.4214426599
6.43314848424
6.4519812701
6.45513091863
6.48099255935
6.49010483301
6.49773624935
6.50888442001
6.51953915069
6.52806188059
6.52904373136
6.54109171918
6.54310194791
6.60583802874
6.63166864146
6.64945877572
6.67060783744
6.92018627348
7.02182265717
7.04094673477
7.05882757406
7.07248466704
7.10579973824
7.12531529393
7.18527337922
7.20493754478
7.22478239842
7.24193664172
7.28252123353
7.5470183438
7.57418729927
7.5984575427
7.60804729496
7.63616234336
7.69560903592
7.72884810888
7.77397561367
7.83322132336
7.88080683551
8.01753960373
8.04476239731
8.1007042107
8.27761809876
8.31291618255
8.31922828528
8.3763994568
8.38708560003
8.39624590605
8.40016882095
8.41670519797
8.42750092677
8.59590850256
8.68261584448
8.748508736
8.80992480781
8.83713390881
8.86409845465
8.94974435381
9.06162855779
9.14738979078
9.16110670795
9.24798849901
10.1156179083
10.236254929
10.5641657591
10.6602738976
10.7631547112
10.8149869827
10.9613749098
11.0893029359
11.2214826841
11.2508768774
11.3458311928
11.4298996473
11.5220891208
11.5308088776
11.7743281216
12.1213570673
12.228563523
12.3417334737
12.4363194154
12.5574004381
12.6037257672
12.7171148421
12.7922520284
13.0092219367
13.075649785
13.2003370816
13.3947077711
13.5006358988
13.6926163899
13.9203258435
14.3046688858
14.4871784417
14.9421409794
118
