6.02157812851
6.02315112135
6.03317195882
6.04955497625
6.05303696998
6.05534890025
6.06252265137
6.07519191133
6.09299528204
6.09469281028
6.10510901724
6.10677160509
6.11919711628
6.12056452612
6.13657444792
6.14409499329
6.1598350712
6.16602587205
6.17239156256
6.17998554737
6.19090210472
6.20233047374
6.20318771222
6.21256330253
6.21788877442
6.26897801588
6.28625706417
6.37660960193
6.39518982629
6.40013233351
6.40976417774
6.42093406893
6.43167873662
6.46227311127
6.65675884055
6.67352653435
6.69629762579
6.79974956437
6.87728813992
6.90162852617
6.91950938866
6.95985198682
6.99512307542
6.99675445439
7.02961047523
7.04831288714
7.09161187697
7.14092571592
7.15747077722
7.16032740016
7.19687693866
7.20501772486
7.21718241216
7.27937693899
7.2927263348
7.48895336905
7.4917994999
7.50473221762
7.52657919244
7.5826530738
7.61901522766
7.63338898804
7.73411701175
7.74527147882
7.76888121383
7.83362351603
7.84662983192
7.85061709321
8.14726902822
8.18613460641
8.21695924754
8.31411557272
8.36409795602
8.44008581841
8.45936825217
8.46980841903
8.58404901365
8.59900618768
8.8641016417
8.9507191285
8.99769112455
9.03472662944
9.09948120327
9.2536475912
9.29332294242
9.39921153523
9.43571541185
9.4634328121
9.60454117312
9.68694963693
9.82695406407
9.83611581328
9.84481412185
10.0654821916
10.0934767755
10.2859866759
10.5152075261
10.589080818
10.5986364227
10.7094418727
10.7163251853
10.7578161046
10.8355950465
10.9436451989
11.059696835
11.1613987485
11.1953629368
11.6579871695
11.6856307299
11.7690039499
11.866489336
12.0571019415
12.1527217061
12.2823236771
12.3938730669
12.4683004798
12.5212571022
13.0818840393
13.1427451139
13.2737955592
13.4462951983
13.6614325327
13.7729169057
13.837587137
13.9797751675
14.2317060814
14.3836407901
14.5209822278
128
