6.00956261241
6.01061254617
6.01713013338
6.01788426245
6.04968285206
6.05495870768
6.06459610192
6.07143423164
6.07618588778
6.07939010847
6.09213978293
6.09947554018
6.10848162538
6.12079636309
6.13727828408
6.15136134906
6.16103398184
6.16503458109
6.16630379928
6.17334748167
6.19676725735
6.19747341726
6.21840046728
6.23294142018
6.23538431128
6.24010838357
6.24771666027
6.25737072635
6.2714810665
6.2746877951
6.30119974668
6.30502249242
6.32823268221
6.34057179855
6.34853641487
6.36092513611
6.36591451204
6.3766777428
6.39089415215
6.4208155746
6.44006754958
6.44895733786
6.4732998644
6.48777454998
6.49115314112
6.499870308
6.51749869075
6.51950491586
6.52897530725
6.53757914395
6.55212481276
6.58524511467
6.58780235112
6.60056622999
6.67899855746
6.95615772546
6.97181560517
6.984326072
7.01859119295
7.07325195227
7.47650618694
7.55220835267
7.56474643834
7.73896191791
7.76806517504
7.79167095269
7.81541890483
7.85191637399
7.89933300954
7.95467491682
8.01371239333
8.08455536406
8.35387814049
8.40684248292
8.49218907873
8.52558290882
8.63182329047
8.72094903128
8.80729302846
8.84703419799
8.90827036928
8.95401640604
8.98444881969
9.02073851844
9.02577034947
9.14066741288
9.17122033281
9.17863084112
9.29832810958
9.60188767837
9.62710347748
9.73900719848
9.75741614569
10.0118492155
10.030055521
10.0887518582
10.140171934
10.1735579254
10.181496144
10.1927006146
10.9159677842
10.9435836901
11.0160881229
11.1013739726
11.1734805765
11.4400142703
11.5908982184
11.8325044598
11.9136867558
12.1369005186
12.2353511137
12.3886685098
12.6246283387
12.7211376633
12.9136532853
13.0190683339
13.1715391963
13.2510581779
13.4970440946
13.6970996578
14.2160664177
14.2367356219
14.5081381566
123
