6.02622287744
6.03308593738
6.03981224729
6.04730976547
6.0549446146
6.06461571823
6.06625493734
6.07382700208
6.08113473258
6.08699559485
6.09111571751
6.09950019723
6.10801944886
6.11661704628
6.12627609102
6.13721335748
6.14380927696
6.14713574237
6.15308860494
6.15389986059
6.16508104683
6.16913821641
6.17458631657
6.18421730244
6.19971225514
6.20180669503
6.2458517144
6.25554602641
6.26527086968
6.27578908663
6.31529534114
6.32214207695
6.32837593845
6.33726173802
6.33857935139
6.342978911
6.3760476259
6.41672621109
6.45546569841
6.47542158587
6.48435555136
6.50128857807
6.5142455973
6.53688667712
6.54198101381
6.58825622698
6.61600544565
6.64097705686
6.6638140161
6.66827217198
6.68766523852
6.71461128925
6.74738625325
6.84061138988
6.84673182499
6.86261038538
6.87791193389
6.88856085699
6.93031792915
6.94963586459
6.97089810353
6.98731351776
7.02937419382
7.12160422118
7.26491519235
7.30468199353
7.31676997893
7.32641348818
7.3434237381
7.36999254468
7.39529199776
7.45560662304
7.48945037905
7.50687298872
7.5123250038
7.53072833245
7.56045252863
7.58706728169
7.63281855914
7.65246063251
7.66340961989
7.66808080128
7.7010252505
7.71152761029
7.73752813369
7.7442604009
7.77253477902
7.79466108948
7.84609656591
7.92087968669
8.02287647465
8.08497606541
8.12071899348
8.16459073098
8.17368116395
8.22534843882
8.52051782862
8.57880007073
8.64677821925
8.75790034653
8.83334712705
10.0758422535
10.0948411576
10.2286403401
10.2958923677
10.4000663881
10.4401057051
10.5801472799
10.6143899361
10.6940267362
10.7514456656
10.8359677308
10.8521507426
10.9284211623
11.1013294421
11.2046724088
11.2866340563
11.3970347445
11.5098145276
11.6286547608
11.6631368727
11.7174178285
11.7731412396
11.9543506958
12.1804105586
12.1873800796
27.8190206517
127
