6.01264779558
6.02012770508
6.02712065595
6.0594273187
6.06405006282
6.06908308871
6.10373011838
6.11407635933
6.12124163926
6.12730497256
6.12900812937
6.1387603397
6.14814050885
6.15696097235
6.16227838481
6.16631872132
6.17146842408
6.17358799594
6.18229736899
6.18721671364
6.20323102326
6.21505907567
6.22158254439
6.22935436499
6.23937833857
6.25336240452
6.26828859815
6.26902323486
6.27650048571
6.29176646825
6.3011807781
6.32352369933
6.3334343333
6.35177315182
6.36296948933
6.47413882192
6.48135765848
6.48748809255
6.48856835629
6.5113820202
6.56142763693
6.56374909078
6.61812413781
6.7974834956
6.80138660595
6.81674180417
6.83061170401
6.84201117611
6.86632446382
6.90911423529
6.94454101907
6.95166160071
6.97417641849
6.99627267662
7.0005659251
7.01852568295
7.02235879529
7.0397089753
7.05275897135
7.08520903846
7.08830247016
7.11456004678
12.5411777212
13.9383803217
14.0926321681
14.2615367492
14.3869898364
14.4593906032
14.5552001097
69
