6.01086102171
6.02069219607
6.03053229328
6.10555883677
6.11621470246
6.11918803018
6.12582468458
6.13171896911
6.1417272587
6.17064470839
6.17840736345
6.1870127731
6.19424469525
6.30715233282
6.3322677494
6.34695472064
6.3614661737
6.36967080106
6.37076140597
6.38818097792
6.39238346101
6.40220317692
6.40458490234
6.42527282729
6.43500122873
6.44026128072
6.45868086355
6.46626235923
6.48302426409
6.48836435005
6.4964765824
6.51651486177
6.5320296905
6.57308611533
6.58170618261
6.67830363481
6.70421494211
6.71969895613
6.7396542995
6.7511592611
6.77258483914
6.78026365005
6.79392352504
6.81490220425
6.83290759568
6.84124295453
6.84282488109
6.8572179728
6.99258712432
7.04851882403
7.07785643527
7.10794497075
7.14720251105
7.27175233133
7.28396825106
7.31555499079
7.32452064876
7.36357095106
7.36644510365
7.62081273118
7.66373007474
7.70821256243
11.1209072829
11.2533643717
11.3087334291
11.4471784893
11.7263188889
11.7829870435
11.9186075646
12.024870501
12.2028062595
12.288627036
12.3209210238
12.5129754683
12.7987504182
12.8688479827
13.1328171488
13.2224872718
13.3978045625
13.7443790063
14.1184480366
14.395501411
14.5052538843
83
