6.08321395078
6.08735925181
6.08871846786
6.10544977125
6.11173915711
6.12110761909
6.13078070223
6.14300691874
6.15517122874
6.17467962197
6.17569399815
6.18280593949
6.19757019084
6.20992747444
6.22435123435
6.23637371268
6.97036130474
6.99917573312
7.03699708976
7.09757016512
7.11308337771
7.14600316759
7.15550922938
7.16381051186
7.18226876092
7.23230051384
7.24315091736
7.27595898829
7.32369892243
7.3393427651
7.39957045992
7.42385378867
7.50549093191
7.84645554886
7.96127777791
8.02727132579
8.08705181465
8.10409180565
8.10950271071
8.15636240476
8.21643342033
8.25938511735
8.27004506376
8.32195820424
8.3620105695
8.5463522613
8.56660916447
8.57398964175
8.62971417289
8.79226781611
8.82474867636
8.84720976428
8.89039598447
8.95133367266
8.96500866029
8.98152127787
9.0390455559
9.16303683396
9.20641009227
9.27291964087
9.32023085425
9.36000316629
9.37747108662
9.42709930307
9.43828787187
9.47446344279
9.48140846967
9.53570451156
9.55950936265
9.68142330864
9.72582758671
9.75739675015
9.78504242667
9.82480424555
9.91501320047
9.95387375508
10.0203541001
10.052960617
10.3798251545
11.3864356568
11.5104353709
11.9083378693
11.9982645863
12.0291238804
12.8254525456
12.8425010128
12.9285847496
12.9765190775
13.1182265317
13.2435512072
13.3188239388
14.1188285464
16.5294099097
93
