6.00913004878
6.02580320068
6.02894732713
6.03784137169
6.04252481766
6.04749808698
6.05310354805
6.05699424624
6.06291245516
6.07404132667
6.0779743254
6.08662653339
6.09720458672
6.1043521564
6.11293816791
6.12716352745
6.14568580474
6.15936366493
6.17129724895
6.17691753749
6.18205072136
6.20125348968
6.21396761742
6.22081465656
6.22789106633
6.24248428118
6.24684946215
6.25479081076
6.31806060731
6.32415527471
6.33068431443
6.35128390774
6.35505931074
6.37272032101
6.42157558155
6.43854672984
6.55341487038
6.58006161375
6.59156289103
6.60568215019
6.60684500276
6.62929205646
6.65753974101
6.66473089482
6.6854708656
6.71903319397
6.73922179729
6.75546370503
6.79132722465
6.97225073955
6.99789323297
7.01754941464
7.03246588911
7.03997231368
7.08357453671
7.11533821745
7.12972669365
7.13756472799
7.17009603472
7.187862656
7.19153155126
7.22364863286
7.25077861239
7.33526833732
7.34976371222
7.40461754447
7.41900574648
7.42260688743
7.45074019588
7.47951208558
7.5861935925
7.66491133305
7.66813617763
7.69007225603
7.72992305638
7.74226485235
7.75227489275
7.81794201597
7.82109321466
7.8418972001
7.88439185243
7.90305623548
7.90637315152
7.93433409374
8.05099620933
8.12078100075
8.20517537907
8.30561606445
8.4061835003
8.41226830917
8.44226364538
8.56172084545
8.66220466821
8.7250894946
8.78914115538
8.79288383689
8.83495858576
8.90140167156
8.97861994576
9.09058659866
9.18949371184
9.2805993266
9.3136769704
9.35987091858
9.43616307026
9.4715452851
9.55881898021
9.70196321376
9.79593389343
9.84133608564
9.91361716799
10.0426591151
10.1876162878
10.226126614
10.3412989305
10.3880577087
10.4085691771
10.7219641888
10.7952331203
10.9272555025
11.0381634486
11.0820901876
11.1194268669
11.2644103093
11.397986199
11.4338570868
12.1173676884
12.2098961089
12.2845527921
12.5512765715
12.6749656164
12.7427236195
12.8819607215
14.0266344403
14.0473044368
14.1778138493
14.402815902
14.6081332445
138
