6.00317525937
6.01119916699
6.01405402941
6.02129138375
6.03100554204
6.0371099167
6.03913491848
6.08574400252
6.0868208481
6.08739097372
6.09073695178
6.09127649571
6.09680137149
6.11770106157
6.39329397519
6.416431013
6.41740246464
6.42456298163
6.45668910252
6.46445368172
6.47376972305
6.48243574268
6.48870694713
6.5019580954
6.51972112247
6.53324070965
6.55525031875
6.57474303481
6.58289609512
6.59412679813
6.61408016317
6.63128198607
6.65230653116
6.67103388952
6.69488306749
6.70223098914
6.73644392554
6.78027381767
6.79353720184
6.8036862232
6.81973834694
6.84336073272
6.87447309502
6.89303719055
6.90424894114
6.91648649857
7.00974494509
7.03214016613
7.04689651184
7.10273742811
7.11826919633
7.12698826649
7.14076509265
7.17411635055
7.1863281528
7.2009179945
7.28280358646
7.33689060058
7.36431133789
7.38014920496
7.40404856912
7.44679132789
7.45349142465
7.46617102656
7.49420415288
7.53730554529
7.55149688004
7.57661418673
7.59260461987
7.60375650922
7.60878409858
7.69164488112
7.73270360791
7.76529031623
7.80587615214
8.05349752305
8.11315476207
8.16561972538
8.21927878325
8.24547500521
8.35322119537
8.39409603098
8.43934070412
8.50682949286
8.53796925609
8.57509089915
8.65868932188
8.71567491602
8.75694063664
8.83079732747
8.84311384032
8.89010030293
8.91521290408
8.98752725659
9.01887988121
9.10102514539
9.13678686838
9.24946149101
9.2560726382
9.37269227885
9.41491518188
9.48101805227
9.486245187
9.51090822424
9.54880954949
9.57452109199
9.62264009159
9.74500519626
9.83963072281
11.5547616618
11.8791620074
12.0412944167
12.3052943456
12.7085060522
12.8082933376
12.9406652599
12.9603266824
13.0142520725
13.1749633956
13.2427173065
13.4540486315
13.7247510821
13.9766637524
14.0060583006
14.1825949526
18.70404875
126
