6.0119039046
6.01379209329
6.02541781341
6.02882513121
6.03387126976
6.04471173834
6.0552174779
6.06074318149
6.06452235681
6.07417464964
6.08083297458
6.08548180305
6.09063390799
6.09843808949
6.11718672769
6.27755551737
6.2845717931
6.30291039362
6.3198445828
6.33271611165
6.34322923376
6.34922489341
6.46683671576
6.48080431766
6.58037160212
6.58158036927
6.59451609182
6.64062712741
6.68246003887
6.69447862167
6.79387578362
6.8345078105
6.84204699603
6.87342920426
6.90496250499
7.50188650498
7.54088678633
7.60075386201
7.60681653857
8.05361923243
8.11424057595
8.25310997872
8.28636813204
8.31647789267
8.36760865324
8.41132962742
8.45207415763
8.52838218574
8.57176014919
8.57575159339
8.64937104055
8.71154683413
8.72858061651
8.79869166597
8.84551236609
9.03341043222
9.20133795661
9.26805210608
9.33354300957
9.3529456621
9.41633751937
9.43018796933
9.54378566392
9.61939025909
9.65074076588
9.65665459456
9.81160104184
9.92143735681
10.0187323096
10.0278965275
10.2490564976
10.2643747298
10.3527861845
10.3624065129
10.4390240807
10.5435866272
10.607089024
10.6927208437
10.8360465639
11.0079881546
11.040656369
11.1329780385
11.3540748613
11.5201693209
11.6595542027
11.8310133905
11.8876399092
12.0658192231
12.1640467969
12.2835937475
12.431505821
12.710015012
12.7586110777
12.8090549078
12.9004032763
13.1334987367
13.3203759532
13.7406846491
13.9447526906
14.1699282114
14.5380057805
101
