6.00589834892
6.0093299177
6.03017051759
6.03093999187
6.03570318113
6.04737189444
6.05531021974
6.07024713458
6.09079551009
6.09556882638
6.09814699188
6.1029554419
6.1330646351
6.13979836272
6.1473717995
6.15899577085
6.16493955263
6.17870703213
6.19150984883
6.19930392882
6.2133675703
6.22753497419
6.2356324376
6.24250258085
6.26105162421
6.26845772898
6.27286230652
6.29037496574
6.29637340201
6.3053264941
6.37531317297
6.38887555728
6.39443014025
6.39847794716
6.41519740558
6.42207033627
6.63541575523
6.65242016234
6.6825549059
6.70032837761
6.71878772011
6.73198466736
6.74915276516
6.76988479423
6.78006216123
6.80680261568
6.82394287088
6.84870452709
6.85631260878
6.86781030446
6.87763980769
6.88801983212
6.90482145035
6.92958859366
6.93273025664
6.9568357924
6.9722148421
6.9761643393
7.00010487011
7.02837936079
7.05388403327
7.08182357053
7.12726385606
7.17871694964
7.21976282397
7.24815332987
7.26537974933
7.30277067026
7.36489336162
7.52623918627
7.620384592
7.65325965882
7.68171679774
7.81598896295
7.84138274019
7.87318405731
7.89123220724
7.92857580369
7.97011568243
8.06801758211
8.07707994664
8.10502688789
8.12991540994
9.14361343345
9.15240401926
9.23170183054
9.3037340059
9.43345259658
9.50362035122
9.61091982274
9.65803195212
9.70788682004
9.75705855674
9.8996139058
10.0159341497
10.125137734
10.2735523979
10.2989313799
10.3710030588
10.5824292652
10.6624581954
10.9001547773
10.9217675811
11.0077703859
11.1294079439
11.1796167922
11.2688235451
11.3543778179
11.4183750306
11.480464492
11.6681253741
11.8355811
11.9153344136
12.2559239862
12.3163833888
12.4092077787
12.5515699967
12.6504885054
13.4941202087
13.6051149008
13.6647790109
13.990577451
14.1503128774
15.5410872937
124
