6.00536767409
6.25028675527
6.25744764047
6.26362954036
6.26894902918
6.27787110469
6.27913939684
6.29326798992
6.30366862508
6.34217277441
6.34697891816
6.3553214943
6.35802039334
6.37188090499
6.39817602661
6.41071640148
6.41501878644
6.42944430956
6.45464291639
6.45915066042
6.46748304983
6.46972042488
6.47512655192
6.49769224268
6.50262442832
6.53494291904
6.53939985959
6.69088000819
6.70297178194
6.75409546886
6.78780418013
6.85748471652
6.90691061347
6.91158480446
6.94205567408
6.97044301431
6.98410473731
7.01545977831
7.03380799207
7.03987807924
7.0514265294
7.07617849895
7.11177444777
7.11425262289
7.13326132744
7.16756414592
7.18498787937
7.2005720143
7.21280281323
7.24416498613
7.26425868114
7.35003210152
7.37086088974
7.39729816717
7.43996832542
7.47838066634
7.51337890973
7.53078111171
7.54073375821
7.57636199083
7.60833215316
7.61619312806
7.6668036291
7.68311917449
7.7542297389
7.81059484332
7.84299342024
7.90478321794
7.94542230876
7.96074848747
7.99881605418
8.07569860768
8.18161199428
8.21815170822
8.25921726443
8.30441874181
8.35473723607
8.39658634393
8.41326271446
8.42365863392
8.50410693787
8.5606263164
8.58261212521
8.62217132547
8.8020028729
8.83153948893
8.85958668973
8.96954546928
9.11387920522
9.14765163376
9.46913654264
9.52089711769
10.1288538425
13.5105351724
13.6515278859
13.9168758039
14.4665991039
14.5173386465
98
