6.00640439007
6.01720276185
6.05041686581
6.05647182262
6.05937408913
6.06505172409
6.08073761992
6.09191059121
6.09864943531
6.10239664402
6.11322611265
6.12174312879
6.1316745355
6.14518617174
6.15444156904
6.16523180683
6.17067722632
6.17218711848
6.38382128407
6.39895165423
6.40202861523
6.49446891711
6.50964413737
6.62045604376
6.64399079282
6.74125755862
6.83944007685
6.84103980219
6.85783087514
6.8727163111
6.89118362768
6.89835562141
6.90846980883
6.93514629208
6.96539033822
6.97418117809
6.97850946547
7.00427822877
7.07757091315
7.19804248738
7.2054556735
7.23655098687
7.24275266461
7.27515979987
7.29646492856
7.32266127331
7.35310760588
7.37690970977
7.41209389334
7.43298686738
7.45904354231
7.495267012
7.58361950057
7.61649281184
7.83969968994
7.85894873855
7.87693793134
7.9202349438
7.96866121144
7.99116292148
8.01940855512
8.35624171695
8.58778145081
8.62299183803
8.65691888858
8.7435169022
8.81394964228
8.83713269986
8.92911806588
9.00559404257
9.0774828699
9.12916026028
9.14474703627
9.29057418543
9.44269590147
9.88782987749
10.095761533
10.110933092
10.1822482045
10.5055065921
10.6601213092
10.7696025551
11.4795744224
11.5717763845
11.6094792814
11.6829786472
11.7168250371
11.7284730161
11.9224289128
12.0376940289
12.1169991239
12.1993744752
12.3730513884
12.4948168044
12.5402897588
12.6905827147
12.8416198864
12.9529144465
13.7106076494
13.9832458653
14.0906921972
14.1207018322
14.2818280423
14.8297067803
104
