6.01369419649
6.02634224917
6.02929790453
6.02976996622
6.04099557236
6.04943125507
6.0631186146
6.06686170697
6.07110294159
6.08466492788
6.09108666498
6.09716039074
6.10403956971
6.12073714707
6.12738433839
6.13464867484
6.14151254261
6.15820832956
6.19116304855
6.19555870042
6.20650634646
6.2229008437
6.23487974778
6.24837957927
6.25877703781
6.30398847436
6.32961264669
6.39948738388
6.40728109401
6.41275096521
6.41808283629
6.43509501761
6.44121856075
6.45869973574
6.4715055425
6.49443829553
6.50013682124
6.50533060133
6.53465617686
6.55862301858
6.58949619932
6.61463177678
6.63529866305
6.64911384322
6.65641305721
6.67170038097
6.69303030209
6.6946198497
6.70511638689
6.72838051169
6.74449256949
6.7760519274
6.79231605937
6.79586417182
6.8071238113
6.82714292576
6.84467407294
6.86101037375
6.87888817498
6.88728646444
6.88965380958
6.93982224647
6.94219373171
6.9662922363
7.00720998178
7.04906057502
7.08071890743
7.08415071129
7.13199037371
7.17373325288
7.19748449445
7.20156329106
7.23953187655
7.28602830486
7.32595959957
7.36296847056
7.37691679354
7.4070620974
7.42761387109
7.45678520231
7.52001749009
7.71278201487
7.74586374003
7.79866419928
7.8200927503
7.89295841463
7.93715736631
8.47649845413
8.64235570299
8.66873338723
8.72950746655
8.82900300695
8.8647563069
8.89097126827
9.517082196
9.56690408408
9.61005380428
9.65860966781
9.84700247764
9.9009267259
9.95033484207
9.96206647788
9.9715985699
10.0096782874
10.0823270726
10.1061916492
10.1487405928
10.432595099
10.5650356974
10.6598838019
10.6909561577
10.765785685
10.8008280646
10.8623855139
11.11417515
11.5072220811
11.5333272287
11.6545195452
11.894958244
11.9482819518
12.0458696551
12.1587493362
12.2096031416
12.4102986937
12.5935874694
12.7296084576
13.3423932266
13.4479224326
13.4881055483
13.7906323439
13.9643841922
14.0822918859
14.1784766333
14.2402331597
14.363559156
14.5862976151
136
