6.00696375786
6.15128921199
6.15425671635
6.15802445066
6.16787414813
6.17976479632
6.21272516244
6.21404266246
6.25855815564
6.26010898208
6.27317326814
6.27876232889
6.29858957435
6.30893064166
6.31973085329
6.32107170714
6.43941537141
6.48627251954
6.6353720209
6.65095947378
6.70671351984
6.70808224125
6.72353507689
6.74134525482
6.91670502615
6.92942016216
6.9621575686
6.9847614915
7.00814626244
7.04501286851
7.0533572334
7.08378484755
7.11837018721
7.12916114838
7.20239022702
7.2079345974
7.2135939614
7.21888601893
7.26007155559
7.28502732599
7.30674869722
7.31215486354
7.36372306663
7.36617215119
7.39674158785
7.41197972295
7.44913551135
7.46129307417
7.49839465617
7.52260210526
7.55231296929
7.57162160545
7.5740862024
7.62332652414
7.70460877037
7.73859151768
7.78066585842
7.79261515816
8.03620441305
8.04769680876
8.08015340362
8.13366227871
8.15387895685
8.250998516
8.31569698499
8.35072300662
8.3554248845
8.41473744196
8.43884638714
8.46465506859
8.58134502347
8.650862555
8.78756004527
8.8491866879
8.8937165786
9.3057323764
9.34285932952
9.36409060906
9.37997992062
9.43885125503
9.51889091828
9.84800198517
9.87104874063
9.92955188986
9.98700684677
10.0295577638
10.0932226076
10.2177966466
10.2474300537
10.2811082154
10.3271343159
10.4255581787
10.7097211816
10.7467704151
10.7909262017
10.8175132132
10.9206975626
11.0340175426
11.1132571482
11.2630890301
11.4145446463
11.5419229872
11.6985388681
11.8269935681
11.8624787721
11.9223783771
11.9313013929
12.0595309995
12.1902700961
12.2761725287
12.4628946923
12.5595491903
12.6359654684
12.6708725092
12.8852168701
13.0265480929
13.1599519412
13.2842037205
15.4100844053
119
