6.00209237211
6.01507619502
6.03112354215
6.05126003838
6.05569592019
6.06155411759
6.07069663331
6.0747757891
6.0900717185
6.14285069578
6.15479573635
6.15594789913
6.16069875665
6.22863096829
6.23816378745
6.2749304993
6.29176191617
6.30881931194
6.31413999739
6.31818864752
6.32285417928
6.32956679937
6.35341647798
6.37152771926
6.38196695998
6.39106629271
6.39734309277
6.39810715627
6.43132421162
6.44249937744
6.45336347832
6.47530099416
6.48455125909
6.5206146002
6.54000962923
6.5531112428
6.57181383541
6.57368655626
6.58824164974
6.62030741379
6.63510288986
6.64208336527
6.65661349145
6.67028204211
6.68252922998
6.69787522971
6.70820151729
6.73971835199
6.76447171205
6.77955525389
6.78640569892
6.80830285514
6.83087621727
6.85613663652
6.87955289939
6.97742783686
6.99181749358
7.00865426569
7.0641808652
7.07772683661
7.08497397818
7.11881648579
7.13216291524
7.18448655718
7.21573192528
7.27667378546
7.29443905374
7.3133076118
7.33313428497
7.38268857988
7.39539905058
7.42201776438
7.50618186469
7.52192375315
7.57516522799
7.60195420006
7.63331613473
7.68066850747
7.75508376523
7.76853306062
7.80694320945
7.83697614704
7.85270237691
7.93474852681
7.94485260717
7.95349692211
7.98559456953
8.03318305159
8.08750898953
8.12382440035
8.15366570501
8.18405930411
8.3139045917
8.3845224365
8.59245932087
8.61283326818
8.62086713136
8.67108706022
8.99294706574
9.01639908647
9.04133995232
9.04680846079
9.08735994394
9.17302798791
9.18725556548
9.21769504152
9.29686077616
9.33120871937
9.35516887509
9.40925736162
9.46723501924
9.5792147072
9.65325622835
9.66119911661
9.6969060234
9.85207090014
9.91057799141
10.0441086544
10.1163759442
10.1607163428
10.2273152255
10.2661310611
10.4914904279
10.5166238278
10.6195562169
10.7307359384
10.741560922
10.8192926334
11.0200031018
11.0583651573
11.1098012216
11.118054318
11.2330424807
11.4851181444
11.5503305609
11.5927622083
11.7377628785
11.9006949483
12.0580105012
12.2961019986
12.7762322412
12.9611515408
12.9737556538
13.0717995699
13.1600858105
13.2370289633
13.30644219
13.5004968979
13.6542323466
13.8459559336
14.9800276821
151
