6.000746787
6.05482298868
6.06482155727
6.06590198908
6.09716364132
6.1086826961
6.10941832544
6.11250141581
6.12281344128
6.12386788853
6.12757250989
6.13699093504
6.14322695649
6.14831728184
6.15434674582
6.17717421721
6.18188371857
6.18787895938
6.1959573596
6.21773948466
6.22420158737
6.23339662362
6.24103493444
6.25546897743
6.27902547019
6.28847699893
6.29404334578
6.3115763354
6.3204742889
6.32982667006
6.35971593937
6.36978197849
6.38305622673
6.39570874862
6.41477370027
6.41876950479
6.43059712688
6.447419879
6.45784388372
6.47128972815
6.47816701558
6.48656962974
6.50571788728
6.5364137088
6.589386738
6.60115056963
6.60827405794
6.63284610327
6.64107393014
6.6451941627
6.76049932717
6.78337491054
6.78755378992
6.80271575151
6.82101092103
6.835351086
6.83673493127
6.85438184566
6.87433468158
6.88346657981
6.91119042554
6.94207035475
6.97582129117
6.98154875087
7.06828543713
7.10044428064
7.12405891512
7.26533483025
7.29654570765
7.32495632639
7.32804830141
7.35924350542
7.38982270849
7.40709401463
7.4404063029
7.47160525942
7.50044838221
7.64202883378
7.65935068741
7.7097803
7.76596842314
7.79095068703
7.86087004399
7.88127638723
7.90574663162
7.95940989217
8.04789874919
8.09587323277
8.14520466799
8.19965808046
8.22343187763
8.24657925626
8.26868290949
8.46704249498
8.53530214071
8.5954457196
8.62947838202
8.77377928963
8.84478400721
8.86743382597
8.94233870227
8.97616697433
9.02508460159
9.2088538192
9.25095673286
9.30524345832
9.35351099162
9.39931857184
9.44600732775
9.48366093731
9.51713632308
9.54629008411
9.75162001979
9.84819170831
9.99670774433
10.0320055851
10.1701453974
10.2335761705
10.2438416672
10.3509780684
10.6394094466
10.8521774918
10.9657703575
11.1137556634
11.1889192989
11.2757669065
11.3670594453
11.4953823869
11.6280625528
11.694350816
11.7050402504
11.8383915142
12.1220947599
12.2827253056
12.3411934875
12.4096080957
20.2890725588
137
