6.00560134011
6.00727306739
6.01595413623
6.02008401134
6.02469311418
6.03531168413
6.04188433597
6.04604573582
6.04938257167
6.05697786517
6.06436492671
6.07281421811
6.09446464646
6.09517375316
6.10115217376
6.12172673128
6.14672820723
6.16134195419
6.17665336532
6.1804369398
6.188104104
6.20213807925
6.21198874144
6.22605139927
6.23811205106
6.23993001461
6.24344064433
6.2465188277
6.25711485567
6.29303202948
6.29855194744
6.30481354342
6.32786625687
6.33208717941
6.36602664454
6.37871515687
6.38980176781
6.4019383222
6.41194389016
6.43234725068
6.4513577167
6.46700991066
6.50283982567
6.51737845653
6.53482668918
6.56128252112
6.59100464871
6.60465177107
6.68613264413
6.71557280983
6.74794103673
6.76778818868
6.78963820382
6.80906402943
6.94390114239
7.07126706979
7.08437581406
7.10352506339
7.12847419398
7.16313196536
7.279929827
7.30496491397
7.34471552818
7.36573534159
7.39224651062
7.45667868282
7.50562510919
7.54366306385
7.5516584148
7.66164189602
7.66558861484
7.74500655299
7.7613602161
7.82223241207
7.8899689287
7.94529284643
7.96959653402
8.00907272237
8.11060575522
8.15993701214
8.23467899024
8.2715239152
8.28101653162
8.33177895577
8.35536278771
8.38479938511
8.49451944072
8.70762552013
8.75171759569
8.80942795404
8.96733204458
9.13420626061
9.15009474352
9.22733902161
9.30741327634
9.31439075473
9.42020342381
9.49932865545
9.57313076961
9.62208474706
9.65511412973
9.74311995226
9.89610073075
9.93614263515
9.94906819144
9.95792313689
9.96328443953
9.9919158364
10.0843445701
10.4526529639
10.4955975647
10.6376384594
10.769154386
10.7751814037
10.8501155686
10.9445816006
11.0494181265
11.1338110086
11.4481285305
11.4900118416
11.5934698274
11.8085429874
12.8746066889
13.0271632384
13.1248129445
13.3170286894
13.4850916213
13.566761624
13.654301445
13.6761969854
13.7170472621
13.9007978888
14.2618094739
14.5446974594
134
