6.00932279395
6.01539434364
6.03791024535
6.07082842704
6.07637208909
6.07901616269
6.08729324052
6.09028620302
6.09876925289
6.10867536573
6.12422095
6.13086121896
6.13294983872
6.14238965299
6.18035208942
6.18488688253
6.19122504534
6.19486588458
6.2001998501
6.20494800662
6.23836839684
6.2521900866
6.26456377776
6.27236377387
6.28772858082
6.29319765354
6.31471452773
6.31577650123
6.3205200717
6.33589852673
6.35761885223
6.36047975244
6.37281385516
6.37861201956
6.38206517348
6.41264292446
6.41701969218
6.42189912899
6.44025405069
6.46153673139
6.47130535338
6.48069244871
6.48933939925
6.51089275722
6.52457947741
6.53626897443
6.54106385134
6.54491631856
6.56798019564
6.58070144195
6.58369972743
6.59821213046
6.6028905049
6.61994328431
6.62431627725
6.63144480261
6.65093630771
6.65265321634
6.68055122982
6.98910051831
7.00098172789
7.00748086747
7.00972745209
7.0540574406
7.05582666048
7.05820423272
7.11330114188
7.14189309551
7.17325920909
7.19185501943
7.2060954415
7.23499735868
7.34239339529
7.35966329468
7.56575875852
7.70321727809
7.76017753293
7.79653104279
7.81274984739
8.01314508111
8.06860295055
8.19336420615
8.2298551399
8.28012735387
8.34001580129
8.3443195193
8.37453411399
8.40913103626
8.42976883127
8.44881266543
8.46639752587
8.57292039288
8.61691858936
8.76574390776
8.85458051128
8.89637848326
8.90182622381
8.933203121
8.97735018312
9.02617088384
9.07867791795
9.093805585
9.15573916754
9.26991391527
9.35671763522
9.39890170102
9.40789902243
9.46568395608
9.54076836433
9.91879386062
10.0226647163
10.0362167538
10.0625737866
10.111534935
10.1228690215
10.174935738
10.23712551
10.3475060549
10.5704407294
10.6592985958
10.6924951848
10.7593333121
10.8668524324
10.9596056171
11.0795563668
11.1297184352
11.2177398745
11.7324231863
11.7672063184
12.0654011105
12.4507038185
12.5750955842
12.6650938555
12.8513472384
12.9520647671
13.05472499
13.2332713647
13.2946140568
13.5153656862
13.5521140913
13.7860488049
13.8850366257
14.2811592235
14.4779294227
14.5430549154
145
