6.00299790318
6.01104362284
6.01402126608
6.02044670533
6.02318567826
6.02754912872
6.03617794712
6.06568637745
6.07422420219
6.0844860104
6.09485925092
6.10327498863
6.10978462863
6.12774583303
6.13957330657
6.14064872247
6.15609472214
6.15783640812
6.16369905241
6.17225602102
6.17904940579
6.18882524935
6.19151074731
6.20055870953
6.20539170373
6.21156957817
6.22583987958
6.22813556251
6.2360094528
6.24309091961
6.24935625261
6.25383379229
6.28256310636
6.29142210941
6.29534235576
6.31310117077
6.32932485728
6.34683796201
6.34908093916
6.36243261983
6.37797094101
6.38263856943
6.42073935389
6.43458296765
6.44043035486
6.51812870472
6.68718456569
6.6986029345
6.7149443311
6.74199096478
6.75907827455
6.78495520367
6.8074465877
6.81575988059
6.83558527331
6.86165214188
6.88128113454
6.88336552333
6.88848782608
6.90556890721
6.92448009014
6.94758107919
6.96690271406
6.97619061205
7.00526642393
7.01185511764
7.03823126388
7.05003479554
7.06512571701
7.07241198637
7.10812469861
7.12052233809
7.12677189457
7.22302418646
7.23294685102
7.24139811462
7.24956764492
7.301674641
7.31428123645
7.35726508754
7.40538192275
7.85604124375
7.86189386232
7.88955386855
7.9495834124
8.00882991016
8.01673787392
8.04498836087
8.07931666294
8.09881862376
8.10869444038
8.135364229
8.15574851346
8.16081186897
8.20643743772
8.37757931726
8.42088965165
8.44462448909
8.53698675477
8.59486003343
8.63695629598
8.65855530033
8.69728406985
8.80917086394
8.89943487704
8.93925218748
8.95019512235
9.00595044733
9.10935561622
9.21786278121
9.27207773416
9.34499035292
9.43798031578
9.44433269643
9.50753242591
9.59153495199
9.76629698831
9.77654267016
9.85658200232
11.4145770203
11.5829047444
11.6588486197
11.6938916946
11.8391221264
11.9711390136
12.1282000335
12.2980233856
12.4755178363
12.676426588
12.7748451337
12.830023352
13.0475901208
13.319606805
13.4622118973
13.6301452695
13.64678741
14.0899669355
14.200462809
14.2817755831
17.1844333123
140
