6.01062054062
6.02757655499
6.03909007388
6.04748007399
6.04810322567
6.09685223426
6.09751029993
6.10262525117
6.10773770739
6.14257061473
6.14338279092
6.15478836622
6.16086779068
6.16679404154
6.1690020911
6.18328751536
6.18896007324
6.19936605996
6.21013590338
6.21405977139
6.24947078863
6.25459557551
6.25823156671
6.27675291535
6.28144098118
6.31284959294
6.32150361569
6.34908073951
6.38831797685
6.39321488476
6.41924777922
6.43355622921
6.44384007608
6.46229346259
6.47670668661
6.48312262159
6.51532659618
6.52040334693
6.53669637042
6.61001358216
6.74346290326
6.77763661048
6.80599450332
6.82826006805
6.86229294109
6.93319160897
6.93493615261
6.94331645887
6.96577206929
7.04564809442
7.06917806937
7.07778278119
7.10365278041
7.10616859335
7.13095848153
7.18624767638
7.21498183322
7.2354258896
7.29124329538
7.30809332782
7.35657828624
7.38037908244
7.38838756812
10.187356838
10.2518109704
10.3342163277
10.5111674303
10.5413625779
10.5726516138
10.6881242204
10.7881050438
10.8974429307
11.0734468627
11.1909391453
11.2863044997
11.36447345
11.4211742494
11.4893556555
11.6118556573
11.7031146317
11.7728739654
12.0534296881
12.2495971042
12.4743233735
12.6394805919
12.7884168534
13.0224775979
13.5753160769
13.6256273663
13.640994955
13.9866993763
14.0866949956
14.1644615859
14.6425188409
94
