6.00832863176
6.01879642185
6.02995666344
6.03401687266
6.04038618363
6.06797498285
6.07592620795
6.08018783936
6.08393723964
6.10307546755
6.13071492221
6.14678468557
6.15390625378
6.16499541058
6.1774491489
6.19819888085
6.22779808482
6.23365623612
6.23497739053
6.24944676284
6.26201444297
6.2676475799
6.27853913248
6.29373976688
6.29646690812
6.29760060097
6.30923651377
6.31134049818
6.32639735189
6.34008991794
6.34804622477
6.35163295598
6.36513751462
6.37631700801
6.41415186983
6.42902885854
6.44272527909
6.4535239871
6.45526375643
6.46446685536
6.47853546645
6.48605119661
6.49294672394
6.50365431919
6.51521051038
6.52965026606
6.5329782613
6.53452414532
6.54613877989
6.5494024844
6.60669963673
6.61766550134
6.64252505798
6.65472413327
6.66363667858
6.68354342303
6.7097856497
6.71545978394
6.72229972818
6.73209901003
6.75111212111
6.75694545925
6.78152658569
6.79760266732
6.9840011577
7.0087586759
7.01757765114
7.02760590575
7.06462373075
7.07078766228
7.09741209193
7.11427905819
7.14463921597
7.18906895717
7.19406612866
7.22502720467
7.29591480359
7.34448548727
7.35740704521
7.38554360441
7.41854031342
7.44260022816
7.44756078981
7.47362613184
7.5297588824
7.55253359792
7.56708551374
7.63413307626
8.13729402265
8.19302909811
8.19994279819
8.20903345934
8.31265188523
8.3901370447
8.45271905811
8.48738311233
8.49121201727
8.51098123671
8.55838562672
8.60098840036
8.63131305394
8.64772425358
8.70609131114
8.72296645442
8.78853948381
8.79594661326
8.82561970572
8.84614669691
8.88881075535
8.96112739593
9.0162326921
9.04592279789
9.08115748302
9.17121843855
9.20818025684
9.23753522524
9.28802885469
9.42085305945
9.47349395594
9.57295343427
9.63995699097
9.78104583985
9.97373785198
10.0161091432
10.1219318857
10.2640044524
10.3610702525
10.4627285595
10.4929468012
10.6365539476
10.7299261944
10.7353260466
10.7570384239
10.8596388799
10.8941712758
10.9810940168
11.255891284
11.2633013161
11.2976469598
11.3878801472
11.8784453192
11.9063403213
12.0403689443
12.1168783808
12.605657361
13.2875327043
13.3046096465
13.4598276822
13.5507700558
13.8753192306
14.1858475498
14.430306346
14.5727734009
153
