6.02353869807
6.02745880358
6.03352124662
6.05092638702
6.05487913746
6.06624435596
6.06945738306
6.07359877186
6.09092863406
6.10122477474
6.13134145905
6.15455611985
6.16331653895
6.16923081132
6.17019864596
6.17578199636
6.17632059218
6.19792224272
6.21928860971
6.22921329779
6.23875802286
6.24309979968
6.25284703263
6.25689106228
6.25907367691
6.28541343271
6.2899322428
6.29863959597
6.29961953896
6.39655105646
6.40686359931
6.42594765023
6.4270848818
6.44376409467
6.45045877187
6.4580896093
6.47302698072
6.47898803246
6.49007478857
6.49626293732
6.4990032156
6.50644353884
6.52094159149
6.53782064619
6.55504967114
6.60749720218
6.67349024188
6.68735754217
6.69035453059
6.70731949115
6.72686492578
6.73819431149
6.76527793203
6.77213609085
6.78022104323
6.91236073512
6.96073643603
6.96579448143
7.01555334177
7.06705998076
7.1088632155
7.14600545258
7.25338158763
7.26556289869
7.30294390573
7.30497521055
7.39054103138
7.42923745648
7.44767253385
7.49174112723
7.5559298238
7.57473216122
7.6324659581
7.67406018899
7.72752162362
7.761598483
7.83140969619
7.90352283059
8.01012394693
8.04745716334
8.10392216875
8.13441359143
8.19978928785
8.28195018749
8.33835854817
8.35533473014
8.54252638266
8.59527586453
8.66253010322
8.74371672964
8.77262726127
8.83436339364
8.90525662903
8.94713313164
8.97315662859
8.98301121981
9.04280708302
9.12431781046
9.15616367457
9.24495289213
9.31475982032
9.43783333307
9.51635810057
9.58421077
9.75171126507
9.79473307772
9.84357243529
10.1246056489
10.173133106
10.2053283111
10.3397894213
10.4650070635
10.5117074681
10.5764743228
10.6986794989
10.8381490215
10.9336252116
11.0450299357
11.1396621592
11.3297307206
11.4604655698
11.5431685805
11.8932698697
11.9475972135
12.1455625711
12.1841012963
12.2169391482
12.3420171825
12.4835879094
12.5314802606
12.5711397013
12.877945023
13.0761128404
13.4919272431
13.6566699536
13.9087162465
14.008248219
14.3374839647
22.0022055817
139
