6.01027456958
6.01686547258
6.0252828101
6.03041596969
6.03919720738
6.04005324324
6.04080352621
6.04296522278
6.05423632592
6.0650290742
6.06571686753
6.07527170531
6.11916567022
6.12724222215
6.12792158177
6.13040250616
6.15654369
6.15991222336
6.1616450467
6.17131851913
6.18362185691
6.19265386975
6.20318612736
6.20667568507
6.21487077107
6.25958529335
6.26387221928
6.26687770562
6.27692439476
6.27907866071
6.28322220205
6.29080637926
6.30635582548
6.31439065595
6.33972531005
6.34083223201
6.34648808234
6.35200540342
6.38507547836
6.38903417452
6.39230017958
6.41052819268
6.41681500123
6.43616351466
6.46481799774
6.48661220999
6.49475299168
6.50037661998
6.50986247763
6.52023899136
6.54196918539
6.55121116382
6.55404892787
6.56170536915
6.57044328288
6.59335156788
6.60334445749
6.605715876
6.63785476203
6.66179452563
6.66719249551
6.70487297103
6.75736319227
6.76808572941
6.81833014319
6.82764164651
6.84506074
6.85835020453
6.87088671956
6.89465941683
6.93870176852
6.96877110151
7.03837190944
7.05599127702
7.06932734008
7.11027440199
7.11669655005
7.14531666924
7.19089991576
7.25401169293
7.30121057948
7.34952052544
7.36953271632
7.43301251415
7.5100751228
7.57361896396
7.58339174149
7.63459144062
7.6868267104
7.70821885527
7.74763947115
7.98665532348
8.02481061626
8.08858107644
8.15282827026
8.1966430674
8.26583543158
8.30738262708
8.31247172871
8.32008254017
8.40193939236
8.44538807321
8.4861191945
8.50896527517
8.54181447463
8.61356811014
8.71995312856
8.7487872299
9.58299510515
9.71220512289
9.74673298739
9.92014606561
9.96498480774
10.111669566
10.1394231191
10.151564101
10.1892225992
10.2381449334
10.2870033315
10.3132833697
10.3573977768
10.4129600468
10.4672055535
10.4900235207
10.5091735473
10.5579080289
10.5653856243
10.6160578717
10.6920079233
10.7668994922
10.7965116052
10.9137560915
10.9595354681
17.881170339
134
