6.00191194751
6.00637744112
6.01756263481
6.02175243834
6.02793837211
6.03269311339
6.12609607268
6.14270046801
6.14842254184
6.1585806393
6.16568350867
6.16885660207
6.18107129537
6.19207337803
6.22634762678
6.24175520966
6.24792341418
6.26063689041
6.28025722146
6.30285746228
6.33446150717
6.34297266045
6.35907561675
6.40103073594
6.46637916941
6.47480101268
6.4923486375
6.49473295077
6.50665226115
6.51849348844
6.52866428981
6.57524720898
6.58007970103
6.6036468468
6.65483235945
6.667660262
6.6834874189
6.69457059843
6.70839853346
6.73217239083
6.77251750747
6.77410195367
6.78846292178
6.80080153052
6.81322744216
6.83252577172
6.9614888314
6.96422842088
6.97524975574
6.99387195345
7.00351298892
7.0089698547
7.0199177379
7.03831418536
7.10467400258
7.13216208301
7.18878573918
7.21346915354
7.24132454085
7.27293235152
7.29170895718
7.31053611003
7.32414223959
7.69151414463
7.7215822288
7.73304162188
7.77644089192
7.8016403468
7.84446721131
7.88798589804
7.92050843615
7.95030128326
7.99919599477
8.01499271949
8.09184176568
8.14242654272
8.16004714216
8.22307895296
8.2864489613
8.29992641986
8.36603188881
8.41741188301
8.43807925329
8.45502972419
8.6407334018
8.71941251522
8.74310763544
8.82579700393
8.86251537836
8.94279989587
9.02034232525
9.06310636696
9.17689923324
9.28255139838
9.32783089717
9.3593037405
9.61820469355
9.75592105714
9.89169444521
9.92892222022
9.96921239013
10.1008559071
10.115648107
10.2066139172
10.2464267376
10.4341454764
10.4510864156
10.5503942146
10.6146753095
10.7650653853
10.8187729844
10.8530850672
10.8818549429
10.9295985492
10.9764463502
11.0168607312
11.0380324631
11.2174328233
11.2632847284
11.3930230722
11.5481764588
11.6463112933
11.8512718176
14.016824343
14.2656041137
14.544302486
126
