6.0012526634
6.00207846271
6.04461295095
6.05332817323
6.06410085525
6.09032396987
6.16933996029
6.18895658738
6.19129217562
6.20259440506
6.21467151015
6.21617549723
6.24254951721
6.24567625163
6.24885656823
6.26013623078
6.27371623559
6.28621833198
6.29638964364
6.31153295769
6.32160665608
6.33508221338
6.35319240827
6.36298191051
6.37516869307
6.38949488634
6.39184330124
6.39815895788
6.40409616725
6.41223868444
6.42084368855
6.43122611584
6.43935271083
6.47274395985
6.48739138176
6.51474674208
6.54157925054
6.54816602429
6.55244141047
6.56371251287
6.58359844183
6.58526756575
6.59227676703
6.60380127424
6.61965260145
6.64865657906
6.72027554294
6.73002645823
6.76790399102
6.76972223009
6.83686818037
6.83857583692
6.85350929507
6.87670547589
6.90170082805
6.90846171645
6.9242863768
6.94664881398
6.96661834194
7.14076182048
7.17539402098
7.18721364921
7.21897957333
7.2551740124
7.29077549253
7.31877612439
7.34010102709
7.35928841223
7.39562189093
7.44669028989
7.51442864261
7.53942131615
7.88858759801
7.91792554699
7.95287508647
7.96692051671
8.27055931825
8.32334214326
8.35777104639
12.0365495137
12.2578871605
12.3859677227
12.6144799235
12.8093123611
12.9684787954
15.520601835
86
