6.00773109902
6.04655465204
6.04891262296
6.05835113208
6.06906089012
6.07423696412
6.08434567614
6.09047822293
6.10519942237
6.16363560514
6.17408214385
6.18235696717
6.18678055767
6.19593990588
6.20233529824
6.2078398844
6.22492226535
6.23260897805
6.23402794266
6.24476519963
6.28087884901
6.31491722022
6.31782784251
6.31914888127
6.34421201553
6.35756720768
6.36778577095
6.37985415648
6.43361311284
6.44027876252
6.45284058102
6.49988833338
6.5130092163
6.54997690866
6.64712940716
6.6631387547
6.66701855877
6.66857989796
6.67743960878
6.71224685688
6.75365807938
6.78696172397
6.82211644205
6.83900332924
6.84100053691
6.86146048206
6.90358129339
6.9051812587
6.93178105847
6.94874895135
6.96855685948
6.99021321591
7.06585448093
7.08704551158
7.08869414106
7.1008502759
7.1507322014
7.16473789501
7.19960660882
7.23019777899
7.24378137246
7.28835519719
7.31515979698
7.35761803085
7.41668077203
7.43253928299
7.48883392159
7.59353251479
7.60268837763
7.68855941869
7.73337495689
7.74745694369
7.76993942268
7.79790246521
7.84537480958
7.85546734938
7.89276944234
8.12320555366
8.17103489076
8.26947625805
8.31752628454
8.54217590713
8.5766952491
8.59967412142
8.64125992832
8.65617320534
8.76039715129
8.82860265739
8.88718465154
8.91972309297
8.98709044029
9.06267790993
9.16879133862
9.24704982871
9.29853675232
9.33027255079
9.42145826429
9.44698435392
9.52652243449
9.53115712413
9.73677409996
9.81336297843
9.83063143092
10.012213853
10.0222157375
10.080893997
10.5352292081
10.5662869109
10.6913378677
10.8402396294
10.9357650405
11.0215226206
11.1394774499
11.2029175874
11.259446852
11.3581384376
11.4414042792
11.4886915872
11.7492396866
11.8663977721
11.9529098819
12.0276800727
12.2951034818
12.4257841107
12.5499751043
12.5599641639
12.6838027148
12.7669104242
12.9395913254
13.0505901768
13.1086377281
13.3876940721
13.5339812106
13.729229147
14.4694583317
14.8450313891
136
