6.00935494168
6.01648705418
6.01903085282
6.02324078789
6.02929083923
6.03363105033
6.0418324944
6.04257861187
6.08340028989
6.09380679457
6.10554535018
6.10820929178
6.11989835929
6.13384096007
6.13641352139
6.14682577405
6.14776752885
6.14885836158
6.15258056272
6.16762162128
6.17782122911
6.18924100622
6.20102888548
6.26964383254
6.27413172322
6.27500092503
6.2785968711
6.29212275469
6.29301118463
6.30654519638
6.32898304633
6.34109783198
6.34543595004
6.35522998044
6.36229570132
6.3785452378
6.39194338282
6.4413788897
6.44774226888
6.47267300084
6.48934775383
6.49861822317
6.50705065255
6.53064899839
6.56735965932
6.56836986531
6.57830080115
6.59770361012
6.59991712993
6.61656980792
6.65625387579
6.6642151099
6.68328072838
6.71608441144
6.72002699455
6.72141459504
6.76110683944
6.78216017829
6.78908347885
6.79228483939
6.81154297547
6.86523615281
6.89033550669
6.89267826782
6.89859196757
6.92721296914
6.92920191653
6.9886890195
7.00625306777
7.03426160942
7.06224875311
7.07789781398
7.1181983194
7.13416394351
7.15239045876
7.18141827823
7.20265998931
7.275788884
7.32478138884
7.34243727454
7.40587014602
7.45000036375
7.5086489214
7.54209436448
7.56030282154
7.60517907254
7.72593031449
7.7655742987
7.78767780126
7.84119174159
7.85597739777
8.33530106226
8.35886183966
8.41063821193
8.4211478079
8.5532284621
8.60601905114
8.63376162492
8.69978816984
8.71811870509
8.75106479679
8.84802540132
8.88282463096
8.97820798207
9.05989454673
9.21485950628
9.21959827968
9.34514420065
9.41156857379
9.48835192858
9.56306668033
9.56813477023
9.59211649607
9.6039439882
9.65603416119
9.70820542724
9.89943579313
9.98398056042
10.0534829995
10.0596926944
10.1231226165
10.1549637041
10.2463350926
10.3301718167
10.7399014531
10.804492563
10.9143336184
11.2374685131
11.3302324386
11.3967210514
11.4149027918
11.4976640826
11.584838071
11.8368696279
11.9228909669
11.9700058802
12.0948578744
12.1737035777
12.2963345713
12.3105129044
12.390201156
12.4420855782
12.6513979716
12.7426758911
13.5278021949
13.6045968465
13.7084778319
14.2056311924
14.6070746869
149
