6.0072513997
6.02555313606
6.03675737593
6.04577508794
6.07809308824
6.08488591919
6.08585791962
6.09002181085
6.09373373804
6.09950663894
6.10871669221
6.11016047864
6.11329388134
6.11986918649
6.12628831115
6.13130022272
6.1349235044
6.1494680725
6.16545915586
6.1741798082
6.19316814697
6.2037674497
6.21692739274
6.58105241916
6.59284408467
6.66661917724
6.68805630444
6.7335349095
6.75072357879
6.77418911439
6.82285929879
6.86113018315
6.87409429631
6.90363286821
6.94440714004
6.95283623953
6.98894757623
7.01315663117
7.04698475376
7.05417405742
7.07906966128
7.08230974651
7.1018172942
7.11300105054
7.56097940055
7.7705622612
7.83755507231
7.85523236061
8.02162940402
8.04379658405
8.09683903719
8.1406117136
8.64005423796
8.6824097319
8.73117266581
8.79779699009
8.92582955733
9.14201805681
9.19193651543
9.26508432929
9.32871768255
9.36741152424
9.44735038817
9.46293636276
9.62183257914
9.67345207741
9.71177829107
9.78270593843
9.81460692267
10.213265169
10.2304635186
10.469884782
10.5472853924
10.7609838073
10.8139040493
10.8431517576
10.9593723754
11.0670290254
11.0750300749
11.2754397657
11.4938909132
11.6185820477
16.772665128
83
