6.01285297302
6.02291928527
6.02590982624
6.02985204786
6.04145075091
6.04250433051
6.04663858621
6.06231421509
6.07018622582
6.08407129923
6.09224965547
6.12744122815
6.154813022
6.15597343593
6.16252454662
6.17555873214
6.18068056711
6.18128664407
6.19375945296
6.19754549977
6.20491566229
6.2345359872
6.24366062233
6.25841174197
6.26855533121
6.27338112503
6.33064069642
6.34546626066
6.35474220059
6.38868318432
6.39172484276
6.41747849633
6.43783919202
6.45487552249
6.48532224952
6.5026706586
6.53548079516
6.5438659227
6.56600678994
6.57313884608
6.58808534242
6.59194929292
6.6190067304
6.63770362983
6.68229318498
6.6933795517
6.70959274536
6.71665282221
6.76730831227
6.78882604407
6.82140731611
6.86458524157
6.89048636682
6.9160915443
6.9363174783
6.96407097215
7.08172665025
7.11382963261
7.15603254803
7.18577121854
7.20361743683
7.22138750262
7.26685366885
7.29914914117
7.32242044323
7.32647158088
7.35907202851
7.38482491213
7.40465124211
7.44214568639
7.44735163257
7.49508354311
7.51739531063
7.54304441815
7.56351263954
7.58183388515
7.6223982339
7.64189962289
7.68160010534
7.73056326843
7.76004938661
7.82061941574
7.85027223896
7.9702578812
8.00324527916
8.12623873362
8.33618008601
8.39313676069
8.44284597192
8.47131375526
8.53385669068
8.59321876757
8.61692922587
8.64464130423
9.4746976934
9.50447699912
9.58532747354
9.60662753147
9.6141428728
9.69449061156
9.79810048633
9.85061207132
9.9156089598
9.92692708949
9.96784097117
10.0920986309
10.4245114119
10.6577459856
10.7039510119
10.7315893742
10.8167565099
10.9079017033
11.0167908804
11.0809699632
11.1461166919
11.2198405353
11.3160850568
11.398639631
11.5624482584
11.6255930281
12.0233987607
12.0743961184
12.5043474886
12.6593507676
12.7412868552
12.7918501564
12.9908657742
13.0786493798
13.1699147849
13.3532009282
13.4313140079
13.4602375944
13.5431454128
13.5675472913
13.8336611782
13.978904648
14.2170658571
14.2570506382
14.6391363867
139
