6.00525111376
6.01368811214
6.01960541334
6.02897881247
6.04115454018
6.05299317629
6.06121720739
6.07113322194
6.07671815029
6.07865063517
6.07994877901
6.08244608552
6.08506154984
6.10008375253
6.10440961883
6.10732920426
6.2488598507
6.25453134843
6.26341336349
6.27105873629
6.2815684259
6.28993099632
6.30007332523
6.31559886752
6.32234671188
6.33315525864
6.33975591905
6.34691229978
6.35234484638
6.39210648257
6.39371239432
6.43716275833
6.46281156304
6.47656205339
6.48746839345
6.49640037186
6.50643994516
6.52485062099
6.53172485097
6.53344399163
6.5487950309
6.5526900648
6.57561184027
6.67697622598
6.69414011543
6.70378216715
6.74988393691
6.76453255649
6.77628358899
6.80488340896
6.99599715519
7.02573118849
7.04200213709
7.0927081711
7.10462951032
7.16042405794
7.25653723725
7.26177799716
7.29630675429
7.3198444484
7.33667826195
7.34039745569
7.86983020938
7.87378378104
7.90632788262
8.63205620826
8.68435367488
8.70006621211
8.71391689108
8.75445641823
8.80245565461
8.88329668013
9.00758800851
9.11446869598
9.3775000464
9.40870552825
9.45885325687
9.48998460757
9.58963953502
9.68078118566
10.5743425232
10.6434580169
10.8057335223
10.9544370131
11.067985858
11.1186838239
11.2226391397
11.3441555746
11.5576784202
11.7118867775
11.96356009
12.0119751097
12.1065383696
12.2515912829
12.3638713694
12.5370844399
12.6556394261
12.7495565577
12.8464118054
12.8605610642
13.0379023983
13.1286386636
13.4270351491
13.6582528076
15.1037658988
105
