6.00643793384
6.01407874542
6.02899573697
6.03993532853
6.06518186955
6.0725414496
6.07369549919
6.09406547495
6.10354935003
6.10534572334
6.11143535033
6.11531658396
6.12060959106
6.12608916346
6.14649024974
6.1502500885
6.16832349241
6.17717454827
6.18573822453
6.19458529421
6.20249590852
6.21321816431
6.22029894812
6.22366196501
6.4262667791
6.50982254162
6.52464327032
6.53741473787
6.55970774222
6.56860191839
6.59146431545
6.60257449981
6.64356650394
6.68752376672
6.69520326462
6.71205622782
6.72424271796
6.73998634165
6.76393625469
6.76520908519
6.78177191
6.79071931276
6.79811926251
6.81782722828
6.83920292192
6.8487350132
6.86258430793
6.90487862637
6.92693367216
6.970036667
6.98293437218
6.999931325
7.03667364591
7.05787944769
7.06508999175
7.10125653716
7.11765858906
7.1345345201
7.1713291832
7.17574656806
7.20869557431
7.21437930356
7.38627302002
7.39392528193
7.44210477124
7.45397411803
7.50454900527
7.52078048066
7.53281516728
8.07067439224
8.09663411439
8.15076854823
8.20256012257
8.25990111109
8.36101974819
8.55264784056
8.57946738464
8.6642115732
9.43365143192
13.5007962084
13.7619755312
13.8503137965
14.052022795
14.8040184207
84
