6.01017926523
6.01744806195
6.02433119498
6.03152076187
6.05400201238
6.06384096517
6.0731540047
6.07934278216
6.10362364554
6.1047536949
6.11656561231
6.13230484143
6.14185447471
6.14340284577
6.15697222859
6.15883317768
6.16571231571
6.17932229582
6.18063268503
6.19892866541
6.20643114962
6.21233303763
6.21867530634
6.25643684536
6.27486593556
6.28492605413
6.29223297206
6.30080228911
6.32045598493
6.32483780558
6.34601879119
6.34705052216
6.3596837717
6.36540534605
6.36628898157
6.374047451
6.37689730618
6.38414404739
6.39453256732
6.40603200195
6.4191046831
6.45600635028
6.47786936029
6.4840198544
6.67643919724
6.68344740887
6.70711995664
6.7419911381
6.7436316107
6.76220385526
6.77383399037
6.78885135521
6.79460741376
6.82568008281
6.86692335378
6.9295477434
6.93254559866
6.96571660037
6.9980825576
7.00518772652
7.04658241095
7.07149079333
7.08405338801
7.12674640677
7.16394791786
7.20227847528
7.26885761875
7.37837149626
7.3978586148
7.41539832951
7.44310651303
7.46967849136
7.47952327934
7.50170870125
7.57107826384
7.61810462483
7.65612945414
7.94578798095
7.95068115709
7.98372049942
8.03327718039
8.06506520233
8.11971496585
8.3420116004
9.02426765574
9.03283108533
9.15024032467
9.53573070495
9.6423742201
9.70207182844
9.77209214476
9.82014902084
9.92088184891
9.95427626185
10.1082974759
10.1653624557
10.2670875129
10.3680430122
10.453970682
10.5767679664
10.7559498454
10.7815335456
10.8224861766
10.8458275319
10.9049663211
10.9104752265
10.9272765154
11.0077956351
11.5000568575
12.0656511888
12.230441712
12.3689325402
12.5429572833
12.5860893749
12.6916528579
12.7343537175
12.973714151
13.0478728153
13.1513002696
13.2789925156
14.0626134563
14.1783473391
14.5415427936
123
