6.00465418426
6.01412248124
6.02997182564
6.03641808154
6.03702972497
6.05525266558
6.06016771648
6.06659914332
6.07645643359
6.09086605919
6.1756651066
6.17979224075
6.18205538182
6.19688625079
6.20605929113
6.21451860928
6.22023951282
6.38589090275
6.40124510986
6.40917091891
6.42849604736
6.42957660117
6.44297071309
6.45548541355
6.46803884481
6.48191626172
6.56866338695
6.57515884076
6.58662017991
6.60170587185
6.6202260792
6.64188607863
6.65543322044
6.68788505121
6.69123669135
6.69909229733
6.75850150366
6.76916810049
6.79220631521
6.8248669061
6.8363240731
6.89264284027
6.91627486353
6.92261761046
6.94797501561
6.96697373458
6.984798869
7.00052317548
7.0319681634
7.04485306807
7.04806186237
7.06734049654
7.07801007956
7.353367254
7.36635671919
7.38711365177
7.39861578721
7.44467620968
7.49580614358
7.49791753499
7.60796259453
7.68769219706
7.73151456926
7.76712468784
7.81899890865
7.83297176837
7.89723798847
7.95382580015
7.95781725981
8.01116917744
8.08874341697
8.11687492302
8.1506648304
8.19341365973
8.3033404268
8.32592821849
8.32957514713
8.40013252096
8.44300987462
26.1756454295
80
