6.0093087899
6.01213597612
6.01321486602
6.0226926405
6.0437401116
6.05285504736
6.06442532645
6.06513219276
6.390016787
6.39129772276
6.40005947269
6.41525853317
6.42597769305
6.4366207865
6.44985566273
6.46287735475
6.48179188745
6.51404566799
6.52460295279
6.5444364211
6.56793371863
6.59641946331
6.59884485238
6.6119260413
6.63493487973
6.66184272261
6.67173582692
6.68035515064
6.68177759449
6.7040296578
6.7148195258
6.75238471545
6.79982171792
6.82860348267
6.85904115554
6.88949375445
6.90795050437
6.91036040291
7.0241648135
7.07239873226
7.08261210741
7.08964455448
7.46162467926
7.48768252861
7.55563128752
7.57191894799
7.61519403608
7.67628053222
7.70872280716
7.75354258449
7.79638160651
7.81341324966
7.89106921808
7.9110146169
7.94879316695
7.98956571599
8.03190695144
8.04758643627
8.08994761891
8.1568159109
8.25824589736
8.3533016948
8.39499579535
8.4088106103
8.46947895373
8.50667292663
8.56408520713
8.57875494261
9.36891645341
9.40051226475
9.42426698575
9.46317475956
9.59005075999
9.62861419316
9.75134668132
9.8480011062
9.92516788026
9.98045495806
10.0457367167
10.132028568
10.1955514833
10.3796197494
10.4666140225
10.4745437235
10.489441996
10.6161932139
10.8463851487
10.8827325863
10.9481840366
11.0554084245
11.1980247739
11.3717744427
11.5304691942
11.6300347855
11.6546422037
11.7912181739
11.9503302635
12.0757862203
12.2341728811
12.688035483
12.9930947733
13.2122140408
13.4172346273
13.5373418695
14.0796977841
14.2892376436
14.4128935927
14.5495368895
108
