6.00057703478
6.00732759424
6.01590995183
6.01875645865
6.03389879393
6.04882867524
6.05447441815
6.06054995058
6.06157932114
6.06710598876
6.07633964578
6.20979261291
6.21458148326
6.2220307967
6.22943592976
6.25392990388
6.25733807926
6.26763355455
6.26843138428
6.27686418589
6.28137642583
6.28476796946
6.33642827958
6.36058923962
6.36455213098
6.36563935108
6.37196383396
6.40815973337
6.59534248288
6.60580040629
6.6767248249
6.67806582635
6.69161335548
6.70508977558
6.73537609627
6.75338603711
6.80231353425
6.81451738503
6.88849297981
6.92612329289
6.95480919166
6.96553830617
6.97109972262
7.01043807563
7.03361731803
7.03571518124
7.04667119298
7.07102809009
7.09049420394
7.14650264793
7.17682706291
7.18712511286
7.19951087454
7.23954070532
7.31297650619
7.3250492952
7.35132388446
7.36295111604
7.40655711242
7.48231717138
7.49491783953
7.54929985111
8.2668047421
8.29965124912
8.3469405986
8.35566101618
8.3717842997
8.42636425197
8.52720203413
8.57903609349
8.59089531103
8.68967432196
8.77507749262
8.84322676625
8.90971283848
8.98664628361
9.06512512841
9.11929185618
9.2239073197
9.25016871615
9.30326604798
9.34083014351
9.40827865849
9.43653926396
9.4499782192
9.504702436
9.60251800981
9.64049429039
9.65833894622
9.72163579999
9.77136424465
9.81119952052
10.0214961228
10.4430239479
10.6057939784
10.7577397729
10.8245669479
10.9162892325
11.0295661686
11.0918197604
11.2241909176
11.3193713584
11.4324427346
11.5688349331
11.6481549797
11.9001835135
12.0338108327
12.1279315162
12.2962692237
12.4877951331
12.5937853927
13.078550837
13.1688230489
13.4458589901
13.7458096306
14.0064585402
14.1417090482
14.2311857868
17.2692790614
119
