6.00565254766
6.02380236531
6.02478371108
6.03069749213
6.03183557601
6.04205139808
6.0526423602
6.05609122977
6.06084240802
6.07191283073
6.07248657724
6.07850195552
6.08919687138
6.09603002504
6.10022821079
6.10884780945
6.12015720221
6.13174648946
6.13290806318
6.14939666077
6.16353080491
6.16496112768
6.18228322309
6.19140725974
6.19420837351
6.23042486537
6.23751798922
6.2516970143
6.2585735503
6.26245751277
6.26405167811
6.29157659513
6.30032377044
6.30124635125
6.33119547128
6.3383206301
6.34835701467
6.35074256787
6.36497047921
6.38016921553
6.42592326909
6.48750593995
6.50918312862
6.51652210495
6.54217873859
6.56237037361
6.61502106949
6.61756685694
6.6337017109
6.64837112187
6.65712954373
6.9192320861
6.9925069474
7.10581578054
7.11505680303
7.11881157975
7.1374447857
7.14724975856
7.17403600269
7.19022326727
7.19234972053
7.22184142613
7.22370599153
7.24334158296
7.27969246621
7.28441921978
7.33021348537
7.42172194171
7.49866206957
7.53973067744
7.55477953633
7.63002046046
7.66978684526
7.69239593568
7.74577456645
7.7585965148
8.02665190083
8.05901370304
8.28427772405
8.35077226102
8.38393309784
8.42997067464
8.49719713791
8.55690843771
8.59163088931
8.67057324764
8.67467985496
8.77403758615
8.82955659783
8.84675048551
8.88087802997
8.9204885269
9.20493532431
9.27706679708
9.34856271419
9.51154022889
9.6133261472
9.64811613472
9.70296234514
9.81663640949
9.87347487544
9.9640365368
10.1803851502
10.3119111082
10.33575491
10.4385577359
10.6192110812
10.7408117923
10.8431118463
10.9664598606
11.0240243815
11.1122330502
11.1793158151
11.2782086462
11.3925077045
11.5245850646
11.5888963555
11.6933611549
11.7133092468
11.7643776044
11.912640498
12.0351577285
15.3810026947
123
