6.00052533506
6.01047669495
6.01778660557
6.05350730495
6.06187270579
6.06996006866
6.08118266049
6.08902519013
6.09706112099
6.10092411018
6.10558619479
6.12142464173
6.12237919
6.12901616203
6.13543537919
6.14166792412
6.14898458594
6.1637468719
6.16628828087
6.18062582422
6.18975214792
6.19104037503
6.19544707292
6.19638319374
6.19727860708
6.20295336864
6.21947113611
6.22891282876
6.23417006991
6.23576649999
6.24043306651
6.24806123376
6.27804120108
6.28438254003
6.29612102249
6.30249356887
6.32381076111
6.33125339005
6.33954643985
6.34251890346
6.35578226554
6.3734553157
6.38646423679
6.39337773006
6.4190014015
6.44230890756
6.45233652203
6.45712532864
6.46613398353
6.48505537664
6.48932460041
6.49275721713
6.50190469205
6.50575530462
7.14021906522
7.21625473579
7.248027688
7.30597465182
7.33417486328
7.37312977306
7.39074848989
7.42341240117
7.47306656746
7.48016656951
7.51341101173
7.54013375709
7.7017945297
7.74329318561
7.78653401482
7.87525118228
7.87948315253
7.92340930086
7.94318821167
7.99940039234
8.08597190743
8.17919995028
8.19623366592
8.24676057968
8.2872240604
8.32457757395
8.37652174574
8.4175649091
8.4580016386
8.48766975152
8.531985434
8.55101221804
8.57683999168
8.6975435694
8.77140966739
8.79755023745
8.91013009269
8.94341308872
8.96081747473
9.05035959114
9.05697269206
9.08977125149
9.11543149097
9.32333415684
9.38174551093
9.68986133912
9.72754669129
9.73480240165
9.76260450965
9.79819422706
9.98616339606
10.5596510016
10.6821640325
10.7157055871
10.8387526037
10.9578109134
11.0153164798
11.0465299634
11.1946305444
11.3377092627
11.3718741531
12.8054285482
12.9455703614
13.1284547458
13.2377026212
13.4052187131
13.597858683
13.7757856737
14.131743074
14.7520599224
124
