6.00388036281
6.03860863807
6.04811635055
6.05209518087
6.06511990036
6.07530340407
6.07909321928
6.08487330345
6.09316981505
6.09960007112
6.10286331799
6.11335875352
6.12363005416
6.12909116212
6.13572652578
6.17730630058
6.19565027093
6.20917010124
6.21003529812
6.21986499453
6.22369725109
6.23230452578
6.24199030972
6.27801144432
6.29313730934
6.30352058371
6.31628308953
6.32964901933
6.33452339372
6.34115036667
6.35720809602
6.36316312328
6.38968464161
6.39650150331
6.39762580541
6.40447692895
6.40671188251
6.41149874496
6.45017291352
6.45623339003
6.46438826369
6.4782419411
6.48672071498
6.51855715563
6.60510674561
6.62494107089
6.66672669555
6.66971127826
6.67349022864
6.69560884468
6.71921602236
6.72674828123
6.75789151218
6.76828699266
6.77442963892
6.77567681725
6.78228259393
6.79108197662
6.79464787424
6.80972690969
6.81209706814
6.8236757044
6.85243607861
6.86001898781
6.8629618152
7.02029813521
7.07264795172
7.07431615562
7.08917723505
7.0977726149
7.11323337438
7.14801931057
7.16806848032
7.18815061845
7.24440768689
7.26602248278
7.32244831424
7.3408758008
7.36343874667
7.3776119613
7.39441927401
7.43899817286
7.47277780768
7.52478497782
7.5462967816
7.55580041512
7.61113469378
7.62573522017
7.66075789911
7.71572666102
7.7271998038
7.73082450376
7.75098398488
8.82885512304
8.85385628598
8.9104965388
8.94429567012
9.02524881766
9.10551771878
9.12448638635
9.21111248299
9.25871051777
9.40141690694
9.9124637076
10.0169369575
10.101994088
10.1722093346
10.2648398396
10.364452192
10.515250393
10.6212782294
10.6771298181
10.700249865
10.7118310591
10.7809114861
10.8646011511
10.9027332122
10.9946950976
11.125227917
11.1880563155
11.2720010253
11.3719720057
11.4241598085
11.4369573774
11.5709715941
11.6400609343
11.966026668
12.1813343599
12.2172435062
12.3280240912
12.5783031066
13.3519207921
13.5533555529
13.8096530901
13.8656117764
14.2228414962
14.8959428
137
