6.02411350776
6.02534761596
6.02606042456
6.06312907476
6.06364240256
6.09535024182
6.10417982959
6.10491066314
6.11413530133
6.13595117196
6.14077119513
6.15546539968
6.16653565017
6.16890214803
6.17044335283
6.1771149895
6.18739770181
6.19690450324
6.22166075926
6.22757385562
6.22995681474
6.2406939314
6.24175684862
6.25628742323
6.26576764253
6.27593399102
6.28006881851
6.30861383882
6.31013882544
6.31729266375
7.06616154185
7.08534764727
7.10688023212
7.12614011854
7.14975820058
7.39584555898
7.39918439497
7.41534541732
7.41843016841
7.4669610436
7.51064154917
7.5236664686
7.5343345784
7.61829289445
7.65241983673
7.69217015905
7.69779409948
7.7515477197
7.76566971572
7.84582051461
7.90075067646
7.99591859813
8.01887106856
8.03574369035
8.06405799969
8.09397909737
8.18597900856
8.25085058334
8.29312491408
8.29941484963
8.32035834518
8.44101933559
8.47580236362
8.52946537267
8.5747625525
8.59162136085
8.66756495779
8.74531241674
8.80260685195
8.86999159007
8.90929756284
8.95630440096
9.00365558451
9.11117571789
9.32274537964
9.39855610553
9.48892733384
9.53687289804
9.54405759322
10.0600894329
10.1466522274
10.3610150336
10.471069503
10.624004204
10.7098690765
11.0787571645
11.1750975162
11.3002887392
11.3211341145
11.4465809553
11.6723516529
11.6858263604
11.7830727441
11.8893247722
11.9524667053
12.0581641794
12.2470088872
12.3391229264
12.5022987026
12.727357409
12.8397667988
13.0007944148
13.2022486498
13.3020218228
13.7392826629
13.7607330414
13.8495710186
14.8304836678
108
