6.00050775705
6.00253711146
6.01010582389
6.02254459671
6.03075831035
6.04179325112
6.0482286024
6.05646289806
6.06274632676
6.06953033025
6.07063274717
6.07320151275
6.08822994744
6.10474762785
6.12352985901
6.12837658933
6.13386570113
6.1404421153
6.14936549746
6.15434058679
6.15716103192
6.1689656957
6.17789074628
6.18702370126
6.19098376606
6.19433748624
6.20370571447
6.20736008476
6.21907030324
6.2223139882
6.23329051279
6.23950839892
6.2571051682
6.33406695377
6.34686235247
6.36500710466
6.36664961185
6.36990744955
6.38476594396
6.4109068718
6.46709957246
6.47613044432
6.48718537584
6.51390311098
6.51643285985
6.52039316758
6.54588802704
6.55548986983
6.57771362405
6.57923651135
6.59550360451
6.60913976592
6.62862122828
6.64037706272
6.64582123623
6.66607081287
6.6870274468
6.70570508851
6.72995996439
6.73660304695
6.76358936233
6.82606351676
6.8553012783
6.87182795816
6.93566493604
6.9744067344
6.99486073642
7.01540634399
7.02604774134
7.04912780304
7.06660524844
7.07156264371
7.09155743812
7.11621293401
7.14251578904
7.15408165198
7.1563060577
7.17789644163
7.1906491588
7.24372732254
7.26927379611
7.27423187739
7.31929611244
7.35979987885
7.41534260738
7.41764346061
7.51868765236
7.5720830042
18.4850767613
89
