6.00662736506
6.00940132911
6.01949090616
6.06576516272
6.07127717448
6.08042571562
6.08309751772
6.08796570828
6.10582843117
6.11395051973
6.1197855363
6.13175691152
6.14470164603
6.14897661115
6.15597246082
6.16102299117
6.16531801396
6.27941597507
6.29586119286
6.30826165546
6.31530428178
6.31930417644
6.34241130735
6.3653601531
6.37492783974
6.38248416951
6.40241051604
6.41023245918
6.42228689339
6.42973020858
6.44621783055
6.45175522818
6.45277054647
6.4656189069
6.47120200562
6.48191623122
6.49763163952
6.50952610041
6.51661416634
6.53148890542
6.54706394992
6.55013955689
6.56609944524
6.58932968554
6.60170474988
6.62888736408
6.65037688291
6.68235385859
6.6902786011
6.73447166321
6.78887938438
6.79132987715
6.81157912117
6.84734133876
6.85467843927
6.86203650959
6.8774152986
6.8884713963
6.90254465345
6.90404791289
6.95400510967
7.03855358755
7.06256625339
7.10294670028
7.13393300423
7.16824273357
7.17640979375
7.97197713534
7.98086085301
8.01357542361
8.01661245345
8.06440437786
8.08567225407
8.10372147042
8.15710704577
8.19207267424
8.22853285204
8.28140620858
8.34479746702
8.39069946755
8.40549947648
8.44021469968
8.52041481017
8.53985055988
8.54836625503
8.65422567891
8.71483274798
8.77340292165
8.77714613643
8.84886162858
8.95289149242
8.95835997782
8.98901092875
8.99549280525
9.00634883373
9.04376562671
9.1074336755
9.20488472682
9.34171628248
9.44336600497
11.0226344901
11.1735852849
11.2898367917
11.2979748228
11.3817436129
11.4900503184
11.5352830211
11.7905774548
11.8086799505
11.9324525993
12.3809897182
12.5361090136
12.5547439815
12.8462715547
12.9985109774
13.0111226781
13.9315296835
14.0696706199
14.2145222512
14.440550838
14.5170005475
121
