6.0055879865
6.10958760433
6.14115670672
6.14736347238
6.14930884097
6.18827594316
6.19091651988
6.19805825054
6.20196411384
6.20538777101
6.21115564693
6.22345080116
6.23553235509
6.25307852758
6.25668156213
6.26427023485
6.28862888963
6.30599453085
6.30830766543
6.32513159901
6.32999444758
6.36608338255
6.38643596286
6.39431100677
6.40077796868
6.42938021449
6.43801566527
6.4474457951
6.4641045563
6.47505160915
6.49285509021
6.49408769373
6.50209375443
6.5174331491
6.5405454652
6.6117505307
6.62184173459
6.6246947843
6.64017488179
6.6485339522
6.78731945006
6.79092042224
6.80971141838
6.82712764565
6.93104721654
6.95492988063
6.96344953266
7.0058238843
7.00824003496
7.0245577517
7.05524801788
7.05974670066
7.07434183755
7.08298192155
7.12295773607
7.15222204365
7.16319317502
7.34473980769
7.35526858462
7.44859277115
7.50355678629
7.50579002129
7.7219540872
7.72817902844
7.75025036465
7.76929040125
7.78337481706
7.83841242771
7.85944082977
7.89947508763
7.93093701287
7.95838292311
7.98661770854
8.00623591472
8.05576645491
8.09136003303
8.18637301915
8.21486599107
8.23887017388
8.24788010792
8.26281355682
8.29574117324
8.37650118697
8.50216221487
8.53742862023
8.56208391956
8.65691394345
8.68109361158
8.73745703387
8.76585441461
8.82717731805
8.87087366436
8.88738009981
8.99070895379
9.05808895879
9.10832654035
9.64368127685
9.73948616096
9.80824425222
9.9419793527
9.96378277457
10.0176103121
10.0922553513
10.1752249056
10.1818937561
10.3365516912
10.3726894559
10.4766998519
10.5807945753
10.6131827771
10.7182298669
10.8332604858
10.8663156301
11.0004757173
11.0794078647
11.1462798669
11.2171924296
11.324939791
11.3971975035
11.5669124141
11.7479607667
11.8127404092
11.9912492506
12.1742838612
12.3182983194
12.5774549183
12.590496116
12.728829571
13.0146159576
13.4437418699
13.5908270512
13.7137617591
13.9357267145
13.9765840236
14.1552658792
14.3435528689
14.4767860811
14.9186215205
138
