6.00760822474
6.01641180179
6.01776251358
6.02726330302
6.04261947272
6.04581956138
6.06123923873
6.06819364215
6.08565918647
6.09016453331
6.09399199293
6.09457182406
6.09763754704
6.10628395893
6.11164123028
6.12569142091
6.12903881106
6.13964355436
6.14168894186
6.22885352148
6.28095076609
6.28473927124
6.29157646509
6.30606645865
6.34305901693
6.37958769574
6.39995899228
6.40777067017
6.49649553863
6.49937010364
6.54812118545
6.57113977947
6.59466749041
6.62238426446
6.66285323102
6.67754713546
6.69667888353
6.71885305709
6.74201453344
6.7531963056
6.77800659235
6.78491962255
6.82855602046
6.83586622757
6.85910357525
7.30296879796
7.31541326819
7.36023718996
7.39462809467
7.41276152636
7.44061981901
7.47096997293
7.48008789201
7.51559745111
7.52951800933
7.6540021404
7.68264197934
7.70398455403
7.73834555048
7.79663975142
7.8165360372
7.85243684566
7.92769925403
7.97187185047
8.06796651107
8.13917788725
8.20207237605
8.25537389565
8.31730124517
8.386818942
8.41083569909
8.41554165874
8.49710774482
8.54570620139
8.61868815164
8.64850720655
8.66976321469
8.84142442712
8.87584839579
8.97044499025
9.10374439
9.18648039039
9.20138445177
9.27715807961
9.44759873516
9.47343489597
9.55465554864
9.63808597501
9.68042798547
9.73424962684
9.84586007773
10.4349143853
10.5102920575
10.5534751015
10.6164845265
10.8951930357
11.0983169521
11.2686039243
11.387565495
11.4537911713
11.5936599614
11.6598557048
11.792536288
11.9908430394
12.2355635442
12.3039237286
12.3962912299
12.4609812437
12.5214678529
12.5791934539
12.695010693
12.8096899097
12.887567395
13.0586964448
13.3633440238
13.4147931474
13.5038046151
13.737660937
13.9849347339
14.0515009016
14.3324328913
14.476718552
14.5563636715
123
