6.00455667098
6.01314847438
6.02495412055
6.02580710574
6.03220014793
6.04359712453
6.04972394173
6.05136951737
6.0582850092
6.06889362092
6.07988158212
6.08514753974
6.0951330235
6.10247672719
6.10565984449
6.10670672395
6.11301012462
6.12289609208
6.12503546258
6.13507896291
6.14616846809
6.15177788694
6.15448620853
6.16123617708
6.18593074073
6.2137864803
6.22687132791
6.23543895291
6.24037020172
6.24594479993
6.25499258222
6.25804980763
6.25938314787
6.27121570319
6.27231008723
6.28090686388
6.28651666728
6.29783225851
6.29903341852
6.30927226207
6.33414100956
6.38781395818
6.38975550649
6.39925030096
6.49054521629
6.49388455913
6.51780072683
6.53514463787
6.5468940511
6.58997119718
6.62767971358
6.68328554863
6.70515501028
6.72326578454
6.7320927977
6.74063896184
6.79467992528
6.81121723296
6.82285253711
6.83971155479
6.87642405814
6.88665180702
6.89296405091
6.9232371721
6.93507629986
6.96214050745
6.99787852677
7.00765698754
7.03246621187
7.03447704242
7.06073942286
7.07715490303
7.0909873243
7.10228631385
7.1188828341
7.17460928047
7.21271240919
7.24141926134
7.24960128328
7.26740529214
7.31593450978
7.33373379199
7.354276668
7.39169338375
7.42374207379
7.44818880812
7.46090624608
7.52253795804
7.52895934097
7.61038803707
7.66929459039
7.69227805539
7.71841686192
7.99701463156
8.04148371241
8.08878429901
8.15230802418
8.16217231457
8.22827433546
8.25293161524
8.30588698353
8.31148572935
8.3470083674
8.35088926717
8.41479934842
8.42631544854
8.43310596786
8.57495903176
8.62372673161
8.69402635486
8.74555116545
8.84286130226
8.96366598062
8.96869364369
8.97331529773
9.04207618907
9.06641868142
9.08498517872
9.08893656767
9.1080243154
9.13569985888
9.16550571774
9.25079717851
9.32754901448
9.35680207958
9.40890104137
9.47658256741
9.59222346051
9.64095289396
9.67373592917
9.76326584249
9.81206564771
9.85883303408
10.037767245
10.0868453305
10.196393235
10.2226744317
10.3220920678
10.4530353043
10.5427335191
10.6837049217
10.7742730444
10.8407789536
10.9128306702
11.2145225661
11.2283173769
11.3663566465
11.439017732
11.7995607853
11.88791213
12.3531365132
12.4453981116
12.5517087021
12.6838466055
12.7267760939
12.7443320225
12.9450298682
13.0522214428
13.202874917
13.2882961314
13.4253380101
13.5490325195
13.8028689753
13.8150922428
14.0293772502
14.162960473
14.2554997721
14.3355011203
14.5739295981
169
