6.00265788419
6.00725946837
6.05224331438
6.07277805951
6.08144408428
6.09820492379
6.14273546539
6.15882390444
6.16816269744
6.19296984243
6.23087319032
6.23761371119
6.24256535975
6.25471532347
6.27779412299
6.29342976581
6.29995070727
6.30702112224
6.31506145085
6.32395005646
6.32744184203
6.34580687403
6.36086515865
6.38036589974
6.39593302409
6.40778883657
6.41823280893
6.43006307874
6.43440691989
6.45116733074
6.4812394941
6.5676471865
6.58201705513
6.60554977186
6.615611193
6.62975717331
6.64517087322
6.65390030791
6.67782725506
6.68239824392
6.69483090911
6.7122922149
6.73197658269
6.74439224313
6.77376697969
6.78615232717
6.79340339025
6.80130965086
6.81154987841
6.82524604957
6.85193182815
6.87370565633
6.89920156955
6.960627233
7.4012726216
7.44528447198
7.48553425774
7.53363043555
7.54976600007
7.57076335981
7.57422429754
7.58277226809
7.60338341112
7.64942406659
7.70077481289
7.72102689721
7.74590532555
7.76859172773
7.79511806643
7.85548343539
7.91620700875
8.27392270412
8.29250025465
8.33279206854
8.36357794404
8.39425736311
8.43475608912
8.46029267416
8.49742058022
8.5324014709
8.60203811844
8.72138721285
8.77120122912
8.79474027292
8.82119762408
8.89514892528
8.94259333281
8.97077770925
9.01878557099
9.04587829608
9.06736894904
9.12849743931
9.15149125237
9.17305659197
9.18871323879
9.35330555312
9.35784308412
9.37461801254
9.42182168763
9.42861435525
9.6096846919
9.64252932862
9.75223880236
9.76466447501
9.82249540989
9.89060419494
10.3214730113
10.3758619833
10.4142356105
10.4579970832
10.532312665
10.7368804126
10.8159412061
10.9612037441
11.009728837
11.1123343937
11.1443972328
11.2530409064
11.3178069476
11.4203602495
11.5969643141
11.702175528
11.7895894607
11.8601105957
11.9202167073
12.0916142185
12.1913176985
12.3079215448
12.3648643905
12.374720054
12.52954673
12.732468886
12.8062678452
12.9153391128
13.1174344908
13.4224374034
13.5537448755
13.8927721763
14.2261728852
14.284164192
14.5756755836
141
