6.00928326507
6.01576293433
6.02132925097
6.03243247226
6.03791808842
6.04689166323
6.0594786382
6.06797153707
6.06967095265
6.07383964189
6.08025444049
6.08636619829
6.09233148205
6.11325659772
6.12708202859
6.1375800865
6.14388041761
6.15202323763
6.1756705461
6.18537508743
6.1946200907
6.20141093682
6.21123734471
6.21830077831
6.22301431216
6.22852694155
6.2338751923
6.24467750026
6.26809401664
6.27008860957
6.27508289641
6.28128944951
6.29201905757
6.29590297926
6.30042488751
6.30315730476
6.30909677453
6.32793599424
6.34437516796
6.38008154664
6.40937945854
6.41943335081
6.4339069628
6.44339774092
6.46705960741
6.47981616718
6.48131099201
6.49884395622
6.50782073205
6.5205294209
6.58978647361
6.60699313031
6.62175336522
6.65250106288
6.66011843616
6.67060168721
6.68995491779
6.72040522413
6.72374048452
6.73380004324
6.74946724293
6.78877002827
6.79060310408
6.81869085686
6.82613549189
6.83260050132
6.84646756248
6.85622453053
6.88347080242
7.02493861585
7.03716263015
7.04730656278
7.12316903859
7.15263623997
7.17909666987
7.1954539297
7.23238105182
7.26027967607
7.29662305987
7.31036341794
7.32497181349
8.13421633545
8.25488200802
8.30675360955
8.37567706169
8.42895155141
8.54965053203
8.58718382331
8.64589372547
8.65969407928
8.67154021905
8.70549563167
8.84949354646
8.90108083967
8.95634510106
8.9703967117
9.04727754114
9.52082001371
9.52527540336
11.2101381007
11.6592905722
11.7948342646
11.8231320027
11.9310617325
12.4081913035
12.6030872582
12.6177396972
12.6992744304
12.7679146107
12.8775269497
13.0465028803
13.1109613513
13.2125248625
13.3993312201
13.513348484
13.7510250052
13.8706446838
14.0330288237
14.181630656
14.2716128966
14.2952447503
14.3363567105
14.4241776084
14.7031433983
124
