6.00929106565
6.01342194384
6.03964845075
6.04355846001
6.05322449762
6.06338768015
6.06984469364
6.15923016531
6.1612950333
6.1677807206
6.18190423673
6.19470684641
6.20608270836
6.21936587536
6.22266133884
6.27014388883
6.28749065864
6.29186131853
6.3450961497
6.35383709156
6.38386783822
6.39113766307
6.40616659827
6.42410318509
6.43522490104
6.44551707418
6.58650287935
6.6060356498
6.62520611914
6.63174312596
6.65852326992
6.67329237964
6.68590875404
6.73837506617
6.76462089915
6.77555728023
6.79234432778
6.79498537991
6.81703296621
6.82678827177
6.83251779667
6.83453936258
6.83800089042
6.85604670449
6.8644811763
6.88509275256
6.90311603357
6.92094248925
6.96220859582
6.98815762601
7.00206259753
7.02197084003
7.04545689524
7.05275175316
7.08189318289
7.09802960116
7.34064073163
7.39254833451
7.41140904239
7.77347082643
7.82998107006
7.86173727402
7.86612134659
7.87056103132
7.91483686725
7.97438484554
8.03286023153
8.11612148835
8.14030261859
8.83700702283
8.87658256178
8.90899359136
9.02226974942
9.13034682725
9.14341920081
10.9406752943
10.9904963834
11.2308962137
11.3247803374
11.4598875907
11.6240670784
11.7208845688
11.7952311308
12.1056754739
12.2236085472
12.2936546143
12.384901034
12.4621540438
12.6471528864
12.698702929
13.122951301
13.2718035449
13.7993712301
13.8932062186
14.1310841987
14.817670466
96
