6.01289190502
6.01997493429
6.03050095295
6.0322739521
6.04325092769
6.08758683486
6.0970913833
6.10316062182
6.12789029064
6.13703121987
6.14373811806
6.14989725553
6.15267711352
6.15506254892
6.1818914179
6.25007433321
6.27128051858
6.27923061104
6.28658172105
6.31260331727
6.33325547869
6.34331583577
6.35979682117
6.36518007441
6.37391852328
6.45676628389
6.46749252852
6.48887792287
6.51114293399
6.51510863491
6.52889403252
6.53851976091
6.55756812538
6.56307701257
6.56706933542
6.57607219095
6.59968941962
6.6262139132
6.82136248128
6.85126544933
6.86570528478
6.87951305343
8.43738840914
8.47669333466
8.49203497937
8.53683865732
9.30902883809
9.40295912571
9.41687425061
10.1059193879
10.2155138723
10.3471856264
10.437455606
10.4689105422
10.8460050811
10.9177512735
11.0134517446
11.0918030172
11.1584696042
11.3179365545
11.4526424229
11.4708028806
11.4811568144
11.581942026
19.0299990992
65
