6.00278657081
6.00351950989
6.00699349544
6.0133594652
6.01634812053
6.02577167513
6.03114113962
6.03892997345
6.04009243182
6.05142181693
6.06044425295
6.10984999058
6.11048755022
6.13094410483
6.14280886818
6.15414905111
6.16830595688
6.17902350005
6.18938559
6.21401102226
6.21929576616
6.2281508709
6.26754757217
6.43071156663
6.44981776322
6.47294294011
6.49250551925
6.50003070545
6.53932294363
6.54970878184
6.56491617213
6.57356476841
6.58781575951
6.59009860018
6.61214391345
6.65161751574
6.67068879102
6.67235359736
6.68703799697
6.69438005874
6.71071436388
6.71695552588
6.73143684124
6.74623562222
6.7611527013
6.76833094757
6.78323823799
6.80754210933
6.81002198961
6.81513040399
6.81649584357
6.89341396545
6.89465971906
6.91069313992
6.93943004719
6.97525276346
7.00703000852
7.04217907349
7.07032773033
7.07606272788
7.07965476992
7.21512831546
7.32163830845
7.32373464479
7.34073288945
7.39806698589
7.40220240761
7.43860844397
7.50083169486
7.55616667446
7.60251874328
7.63576524992
7.81415199522
7.84633436714
7.85907305742
7.91229704729
7.976276553
8.00817357063
8.01227355124
8.03731390969
8.15372758253
8.16635020428
8.22764220976
8.352997195
9.59377603239
9.67400586591
10.0602893321
11.0729389224
11.2210708959
11.2714913407
11.3828475527
11.4780261688
11.670180692
11.8112842
11.8985167398
11.9802530487
11.9970659693
12.0087657506
12.1309411167
12.3488690368
12.4708397064
12.7080829018
14.0900955371
14.2098181662
14.5658292693
105
