6.00042740815
6.00307330865
6.00923349372
6.01623596253
6.02002781459
6.03014419934
6.03226798588
6.03372583763
6.04488663636
6.0589014946
6.07347531203
6.0825126064
6.08903529131
6.08982080172
6.10246978915
6.1033130012
6.10798187783
6.11912061376
6.12442642419
6.12867818422
6.15736374506
6.16762823664
6.18327963385
6.20154316349
6.20718921532
6.21406615166
6.2290330121
6.2344489721
6.24485513102
6.25635753437
6.25957733754
6.2669501518
6.29215946637
6.30657774783
6.31507878878
6.33655583464
6.36358443013
6.37066970942
6.3794498737
6.38283893929
6.42705037553
6.43199560526
6.44705951927
6.45810934569
6.46784522783
6.47686560806
6.5021053336
6.5074483721
6.50974025726
6.52124873954
6.52582918188
6.53167245997
6.53867811286
6.5657319761
6.58742436231
6.58905723676
6.61496459912
6.69357172124
6.71983712518
6.74996587024
6.76847413508
6.79392318374
6.81228394544
6.87323605056
7.08974098957
7.12442973021
7.15609806623
7.17227949153
7.19528694296
7.30618145059
7.31967892394
7.3304788627
7.36241880603
7.41111207434
7.43462407579
7.48147124106
7.51237600713
7.63793539221
7.7570593182
7.77866004526
7.83632927538
7.84064135555
7.84722298719
7.87172037015
7.93524371217
7.93816212194
7.99104042707
8.06255488411
8.15380127315
9.17945863732
9.24369641896
9.29340504234
9.30338758143
9.45410001067
9.49216297009
9.5594706179
9.73258377176
9.99779617818
10.0241690421
10.148636415
10.1814350906
10.2998510899
10.3673016638
10.4335877189
10.5525554583
10.6192151548
10.6979072528
10.7246439308
10.7815928619
10.8699737584
10.9136552708
11.1016315962
11.1578256515
11.16533886
11.334389171
11.3580286567
11.4573222753
11.6037247657
11.7439365728
11.7926530459
11.9099822142
12.0410658095
12.176647672
12.3642368381
12.4642632108
12.5126475317
12.9203426703
13.1365925296
13.1861441308
13.2439631291
13.3918606973
13.5894107216
13.7270263986
13.7421165267
13.7545913553
14.0027901925
14.2553923986
14.4563065959
14.6835646391
139
