6.00331081083
6.02116487144
6.03669577598
6.04213835657
6.04762188723
6.05936058812
6.07330080065
6.09173257656
6.0960173327
6.10966061545
6.11686243636
6.12732389954
6.13367718169
6.14829183044
6.16058161874
6.17363213476
6.18031994041
6.18615933607
6.19643963946
6.20241130105
6.21468862018
6.22154052226
6.24727797919
6.25275476304
6.5636925361
8.44168294274
8.47730223593
8.5180181752
8.60165264446
8.70256598664
8.72458067596
8.72882110566
8.79552187226
8.79956795722
8.83276857465
8.84244226075
8.91174249268
9.03964882457
9.15809900379
9.18001639209
9.18628681343
9.21971098364
9.29129750333
9.32218013135
9.39266234661
9.5105791634
9.69576109505
9.7017391735
9.723051611
9.74439485557
9.84128124588
9.92466885642
9.98342097278
10.0555065081
10.0814239214
10.2346298206
10.2645573
10.3314934195
10.443008288
10.5001394133
10.544626489
10.6465229384
10.7767352802
10.8896756193
10.9244562885
10.9328416857
10.9884094363
11.2567007765
11.9382094077
12.0225110601
12.2797674348
12.4258556117
12.6103672251
13.1229036751
13.2232604674
13.4853545206
13.5086127348
13.6632116667
13.6844363478
13.974593741
14.2379309658
14.5374939402
82
