6.0097803535
6.02515363006
6.08762586066
6.09890229817
6.11691952904
6.1680828107
6.17207861023
6.18782092399
6.20091538873
6.20813801737
6.20948516496
6.21063546044
6.2123164729
6.2541716041
6.26115629043
6.26696845439
6.33468941232
6.37218512226
6.38955204306
6.43961223145
6.4488027399
6.46184652506
6.50415392225
6.51246674862
6.51631545185
6.55126201223
6.56835782031
6.61536279194
6.61983331605
6.62175209355
6.66600118031
6.66846191057
6.68768651816
6.72243212791
6.73953773573
6.79010083899
6.83288767825
6.87075707798
6.89516102041
6.92542651263
6.94173225987
6.96322630956
6.987517836
7.00562042208
7.02914468641
7.06663014712
7.08279695262
7.08680318512
7.12066508074
7.13573780688
7.17983455265
7.21570280339
7.23878826911
7.3166512739
7.34378765293
8.13594109742
8.24343454612
8.24709582334
8.66739748725
8.70611824557
8.76942892068
8.80557763145
8.86355225555
8.93782258337
9.01715772527
9.08319699503
9.09078021403
9.36943176641
9.54853310766
9.86985493439
9.91661814722
9.99552908015
10.0106840335
10.1128817062
10.2665727286
10.3477995015
10.6074274554
10.7925781127
10.8737918072
11.0841341835
11.2439134888
11.3457538737
11.3918488286
11.4357150183
11.5190789081
11.6700390936
11.7356247581
11.7765609049
11.8556711105
11.9319901949
12.0511570422
12.2041553456
12.3560676219
12.4232741956
13.8065350994
13.9501467308
14.212849703
14.3640102417
14.4321776852
14.7869597996
100
