6.00045881848
6.00305068761
6.0070119875
6.01235532104
6.02147111024
6.03219211949
6.03698922832
6.03818419195
6.04434672592
6.05573560756
6.05708510729
6.06551911142
6.07922302758
6.09221658847
6.09525159055
6.10424486123
6.11309111751
6.14155786413
6.15855314999
6.16617101752
6.17137616272
6.18320089496
6.18941524328
6.19504671446
6.21109950533
6.25684297047
6.26903335798
6.2816267711
6.29472582618
6.31773402647
6.33567151042
6.35601505253
6.38558395948
6.39231290605
6.39637738485
6.39807602005
6.41516100371
6.41623412904
6.42254762899
6.43184319207
6.44245773621
6.46493618478
6.47996249619
6.48929948
6.95853839903
6.98404174407
7.00554421458
7.01541313337
7.04896895284
7.06168029216
7.16753521127
7.27084346283
7.28570579623
7.30221681119
7.32802070297
7.3546338159
7.37003775105
7.42674678661
7.5993428284
7.66812813442
7.6935426297
7.72481671917
7.77917842206
7.81138101602
7.94884899929
8.04396527645
8.05881836689
8.1062890395
8.19400478223
8.23967160227
8.26428494564
8.27341685595
8.31128166783
8.32164137137
8.35177767218
8.35725406278
8.38132252541
8.44062881985
8.62802639999
8.6572625017
8.6663565711
8.72224012924
8.7469281677
8.86824255091
8.87309926091
8.93226054871
9.04958614692
9.22463075917
9.31006797966
9.40407246968
9.42924193325
9.44702193178
9.55659139526
9.56259834215
9.62804662558
9.69532145958
9.74127667537
9.86185854771
9.95909528165
10.0207614942
10.1021134916
10.1153477579
10.1664819761
10.3802428923
10.6467909873
10.682610233
10.7223844664
10.7628572652
10.8511067938
11.0407831966
11.1181456107
11.9597716068
12.1008108201
12.1798355611
12.3972060551
12.580049598
12.649711884
12.7584522409
12.864846198
12.9566052233
13.1313948268
13.2814848673
13.5796662772
21.9814797747
124
