6.00410875495
6.02429187781
6.02706873263
6.03358147788
6.04128037154
6.04626482984
6.05198879148
6.0590441536
6.37344563315
6.38611777617
6.38791392997
6.40080451749
6.41553863777
6.42041349006
6.42956910597
6.43951134159
6.53681414523
6.54677381383
6.56547965428
6.57161275166
6.59762133451
6.60976924303
6.61316453106
6.62631278521
6.63310400534
6.67817751879
6.69430943163
6.71779543336
6.72611379512
6.96787324776
6.9989591256
7.01321959059
7.05143985575
7.07006879608
7.10459377729
7.11515915281
7.11950251801
7.26274853687
7.30803346946
7.33320931951
7.40123474256
7.42286125032
7.46604784495
7.50434236902
7.52597400254
7.54927568644
7.57534872707
7.88056531126
7.92666546305
7.953698152
7.98660439888
8.04087271205
8.10842081007
8.33522623915
8.43003943653
8.49458762652
8.52948235123
8.75457773528
8.85753378034
8.97518884589
9.01704110059
9.21173947499
9.31571924132
9.39465738984
9.64688827013
9.65565310094
9.68069777163
9.81104270861
9.81981211329
9.82568411241
9.87723727056
9.93614805442
10.0873396416
10.1266287174
10.1842834427
10.280010286
10.4383926928
10.5999745525
10.704326084
10.7586576838
10.8395123717
10.9734223769
11.009908442
11.1376107598
11.5977823501
11.6993281108
11.7693364839
11.8109705713
11.904880492
11.9460803882
11.9925180502
12.0436678925
12.3585780986
12.4082659875
12.4740083748
12.8593502962
13.7707345382
13.7851330041
13.967049213
14.0857143235
14.3264860661
15.5152508183
102
