6.002592049
6.00542735759
6.00959102435
6.01163383217
6.01977743148
6.02680766855
6.03660853777
6.04109582804
6.04225363351
6.0555119965
6.06490615545
6.1285536435
6.13350388357
6.14113598285
6.14765552628
6.17414300511
6.18185553245
6.18292607801
6.20233762518
6.22829507541
6.2309614566
6.2449161463
6.25981787266
6.27201411178
6.28262171599
6.28640934728
6.30151558613
6.32360381747
6.32974213266
6.34029935547
6.34311638183
6.35321896151
6.36485641249
6.3908990455
6.39978928527
6.42932002365
6.44958535513
6.46210496917
6.4635090421
6.47105793965
6.48141320548
6.51169872185
6.51550286485
6.52714038756
6.53266218093
6.55620355026
6.56439452599
6.57579805477
6.59519188202
6.61477114669
6.63205457395
6.66303328443
6.67805528503
6.69201580636
6.70520487926
6.71582332421
6.81429481702
6.82041724453
6.82247658207
6.84107500036
6.8465448453
6.87350601742
6.89294092953
6.89546834826
6.94130237768
6.96023884754
6.98327905053
7.02553473988
7.03840904751
7.05536583306
7.06465774226
7.09594950371
7.25831335431
7.27677076466
7.28280529493
7.36040981512
7.37953881214
7.41979352285
7.43743403331
7.59914698212
7.64176836117
7.6734479379
7.70802592292
7.75122609345
7.86133195305
7.86914834433
7.91790770524
7.97266440944
8.00193540027
8.03247911923
8.29804447641
8.39621331888
8.42575492341
8.48631210305
8.7593859577
8.79607732438
8.83155338547
8.91605974705
8.97732613387
8.99741857312
9.02342488615
9.09471819307
9.86492480722
9.93181137883
9.9800967624
10.0685254772
10.1812301336
10.2159127327
10.2765965206
10.3687473461
10.4982791926
10.5724608228
10.6516677895
10.7312212113
10.80562605
10.9770052041
11.0525866677
11.2610269335
11.3661129931
11.6181975548
11.7998257296
11.8616590632
11.9052752163
12.0755063994
12.1578603553
12.3413902304
12.4411725447
12.4715946342
12.5796909744
12.6019957906
13.055622347
13.2013355761
13.369706406
13.4110774806
13.4903239246
13.7730578318
13.8532359682
14.0636396431
14.4651569676
22.0896683059
140
