6.01281627528
6.01999660918
6.02716526608
6.03137848742
6.03741487305
6.04872880211
6.05831121056
6.06057441
6.06244657196
6.10049522209
6.12519180397
6.13210815848
6.14477164094
6.14917027143
6.15525094237
6.1639426051
6.1645418047
6.17631204119
6.17982907088
6.19065030162
6.20895203733
6.23535880448
6.25107366562
6.25949895998
6.26543242844
6.28278164979
6.29224091945
6.3014773046
6.30234213288
6.31317946711
6.35640472409
6.37424163713
6.37741476104
6.39382709927
6.3977080739
6.40491720693
6.41144234771
6.41911388959
6.42139729619
6.43920490901
6.44630852749
6.45395803459
6.45670948567
6.47764781033
6.48739856898
6.51079018742
6.52749216786
6.53146437643
6.55746087186
6.5860147974
6.60702727776
6.75688133756
6.76786039265
6.79905092496
6.81687282388
6.83565404475
6.87053449891
6.88688712513
6.90201102068
6.94058147606
6.9582494794
6.97006272337
7.03707960577
7.04822810446
7.06166441686
7.07228421192
7.09525313621
7.11513302655
7.14258474178
7.15137238287
7.1878544702
7.22958484537
7.23707324666
7.27264307119
7.47539829179
7.50205118403
7.54957733932
7.61400552278
7.6518935835
7.84707711085
7.8581767207
7.92365057958
7.95845069776
7.99238215064
8.05532588224
8.09545722875
8.1248633925
8.14011439042
8.33655134751
8.37285041722
8.40223434675
8.44699569653
8.61267605486
8.72594852211
8.80912864617
8.88824477207
8.93596205349
8.98312636237
9.02369431775
9.08442832517
9.22787623153
9.27153294086
9.5397860854
9.60153929924
9.7128904689
9.71820359354
9.96678753896
10.0140759903
10.0272336446
10.1706862288
10.2719882836
10.3359484936
10.4347738062
10.46138116
10.5243463476
11.2124550722
12.8106398303
13.0553705103
13.159827168
13.2406487338
13.3646621284
13.4736257979
13.6578003786
13.880958186
14.5512498645
125
