6.00245571343
6.00637696921
6.00710064804
6.0223794703
6.02692712482
6.03016323859
6.06060371958
6.06536946785
6.07610832607
6.08944538143
6.10364047943
6.1042422553
6.11255075798
6.11692257456
6.1211652936
6.15192424207
6.15559231443
6.16197601844
6.18633159213
6.18912711367
6.19446680011
6.19515751671
6.20488945934
6.21659100837
6.2188112833
6.23532104018
6.23944538234
6.24306717798
6.26680448298
6.29023630749
6.29943544202
6.31886719264
6.32579429696
6.33616766674
6.42764967799
6.43187844215
6.45872552947
6.46866195467
6.47746668699
6.48390930031
6.48675903468
6.50008447291
6.53872574812
6.54620431228
6.55326118832
6.55596747886
6.55847888379
6.56022462072
6.57635767859
6.58959561593
6.61074701151
6.66892735834
6.67759037071
6.67904531228
6.70126014899
6.72046343515
8.27034595787
8.35741115785
8.38998138931
8.40970069279
8.44276107923
8.50924246203
8.54018230364
8.75644679013
8.90436973591
8.94029366552
9.02418694878
9.08069385942
9.20201190175
9.24887050582
9.26841180671
9.31332864438
9.33354795474
9.37233512102
9.48769770426
9.49669583191
9.57537248907
9.6645053889
9.72143207813
9.79344553806
9.84403297844
9.88318258056
10.0636724895
10.1268092669
10.2135993531
10.3376997645
10.3750876555
10.7753957718
10.8315171741
10.8739357692
10.9325949428
11.1290035984
11.8562153869
11.9445597946
12.0714673077
12.1950663229
12.4232208166
12.536871051
12.6216061865
12.6755304776
12.8269209023
13.0196110242
13.4246144805
13.4443734818
13.6010277769
13.7362086714
13.817919122
13.9085692374
14.2214453861
14.4863095415
14.7464464306
111
