6.00380620833
6.01434082494
6.01510489215
6.02036131254
6.02461919343
6.03114126124
6.03344751272
6.0346931097
6.03716970208
6.03885323808
6.04692833169
6.04912362377
6.0789593058
6.09076320007
6.0984908217
6.10300932838
6.10724333996
6.11869836168
6.12947830145
6.13525026556
6.14212047996
6.14713193925
6.15530224137
6.15708466754
6.15973880491
6.16064498903
6.16279192602
6.19314700293
6.20006510062
6.24034060119
6.24900827315
6.2520248714
6.25851818016
6.27201753673
6.28577230155
6.30490235097
6.31655562451
6.34365055735
6.35434565705
6.36186649379
6.43241107369
6.44850382361
6.46504219061
6.47159394925
6.48677193005
6.53500722968
6.54944491871
6.5797176488
6.62848412852
6.67387725863
6.71340429716
6.73889327388
6.75408486128
6.77360129474
6.79998663462
6.84196666756
6.85264768619
6.85524295616
6.90116453329
6.96158466708
6.9768843641
7.00286432533
7.01989459532
7.05354218895
7.07459644061
7.08202933334
7.11965639447
7.1353251793
7.13884256165
7.16639572757
7.19309473319
7.22950950911
7.25110017969
7.28029188389
7.31710186684
7.36920241831
7.39048417278
7.42892310863
7.45947637071
7.51015800381
7.77384232244
7.85225095059
7.90268431385
7.92309784741
7.92888360501
7.98978469667
8.03614599566
8.07554059155
8.16302774289
8.16634553295
8.29291572838
8.44945514589
8.48588698545
8.70254163387
8.75762207009
8.82001558669
8.85138184335
8.87255849699
8.92417218383
8.97880713596
15.0848822632
101
