6.0089471711
6.01373718059
6.02293179087
6.03493897097
6.03577890543
6.05709792049
6.07685419038
6.09214112146
6.10089965178
6.10319670857
6.1059354618
6.11067694585
6.12017233378
6.13208206681
6.16411161382
6.17554807631
6.18958568732
6.19758479664
6.20322866749
6.21766015373
6.23126741204
6.25143855135
6.25619073392
6.25882725241
6.29805440715
6.31910432008
6.32029938376
6.32905548593
6.34225307242
6.34991084385
6.36904946717
6.398102855
6.41303280434
6.43133797693
6.43351112417
6.4413679606
6.47866698296
6.48670097276
6.50956982742
6.5160871504
6.52338937318
6.53707296979
6.53891965353
6.54607530467
6.57005753073
6.60587029476
6.62104693629
6.67936519112
6.68440638158
6.69074492305
6.75764181056
6.77310178856
6.78412661878
6.79226853052
6.92172025679
6.94592117806
6.95420008693
6.95923223181
7.07702348764
7.1098497854
7.12180821807
7.14804756171
7.19220042984
7.21226169996
7.2479190655
7.27094963323
7.28506357905
7.31742042027
7.33254251563
7.37141965083
7.46781373617
7.55162090765
7.59032379748
7.60026078749
7.62900533562
7.69947616835
7.83720439555
7.88438037381
7.91421737692
7.91957227648
7.9550675224
8.00187064294
8.02274477001
8.03839138306
8.09323666538
8.09797329081
8.21868113014
8.23150980278
8.27008084987
8.30436569599
8.32859047978
8.63122901975
8.65732272596
8.66143253179
8.84466474057
8.88567585043
8.92355499054
8.99406152773
9.0500257515
9.30091918602
9.33553374966
10.6266409721
10.8674813075
10.8814020345
11.1471273857
11.370751332
11.8524050436
11.9513074832
11.9969711824
12.2830740153
12.4146537929
12.6119030029
12.6372117733
12.8742296331
13.085701729
13.1829865754
13.8058841634
14.1398721629
14.2682468196
14.3154537217
14.3403476635
14.5280898155
122
