6.03016565612
6.03182067475
6.0345641917
6.04104767025
6.04439156434
6.0450412575
6.0468520934
6.06241143088
6.06873190772
6.07697530079
6.08079705566
6.08871275486
6.10782924017
6.11435105079
6.1194564358
6.1224899188
6.12494605142
6.12756141389
6.13102779508
6.14507537005
6.15058029648
6.16377196042
6.18211365007
6.18417767965
6.23651073758
6.24136725158
6.25329200741
6.26633840304
6.26906610453
6.27696821596
6.28591067057
6.30130854816
6.30252736459
6.31445183276
6.33294374891
6.34493157762
6.35119348606
6.38745865854
6.40132667263
6.42028246429
6.50558880044
6.51994572969
6.53986053711
6.54132037995
6.58152078576
6.59483232968
6.6007268852
6.62327623052
6.63123626813
6.64355273902
6.66761420915
6.67287961974
6.70902564479
6.79493956868
6.82159292239
6.83293963759
6.92147811041
6.98472517363
7.02070331438
7.04647885261
7.05693437766
7.07935911972
7.08690234615
7.12024732204
7.12665002166
7.16451059406
7.17899910194
7.20460544938
7.23873719611
7.29480279412
7.3186849011
7.34578015735
7.36698195631
7.38320473944
7.4297123101
7.43160873415
7.46363914597
7.49212495318
7.52360321688
7.52775124617
7.58498759011
7.63786855769
7.67378056184
7.7114414124
7.85584542311
7.88348709311
7.90299051562
7.94485392911
7.965377641
7.98701670889
8.01860944913
8.04382426398
8.12079308996
8.15488087822
8.19537438349
8.21905562168
8.2224695798
8.28989884678
8.34703769979
8.40870361715
8.48776943441
8.73103980066
8.82511563299
8.86758639301
8.91741412709
9.09402490149
9.15318392477
9.21258133566
9.2494958556
9.27165060817
9.31417030684
9.38571727557
9.46041599706
9.60456539827
9.71150679613
10.3946781242
10.4353673554
10.4644252163
10.6492426929
10.7426078403
10.7492423563
10.8475120249
10.9310839904
11.0524065429
11.2011160314
11.235766075
11.3719984831
11.5034051074
11.6215397418
11.8356218512
12.0048318003
12.1138699711
14.1388725907
14.3381154496
14.5877056751
135
