6.0050985755
6.01401202807
6.01859019196
6.02312002492
6.024334682
6.03466751175
6.04407025019
6.05734230769
6.05983207458
6.06559770422
6.07733645567
6.0823477926
6.09217657765
6.1049181043
6.1290736188
6.13557149098
6.1486419838
6.15600792384
6.15830929593
6.16408545487
6.21024113433
6.22110625641
6.2338939603
6.23666347401
6.25386082123
6.25782068657
6.26799784492
6.28195996531
6.29192271356
6.29977541783
6.31031843444
6.33306432867
6.33851903455
6.35234518711
6.35831561475
6.36801234404
6.37896395019
6.39361624355
6.41780902365
6.43409257694
6.44875028177
6.46940442484
6.47848598527
6.48085778766
6.49072674868
6.50372412485
6.5081158837
6.53293933955
6.55122792797
6.56211494884
6.56306500832
6.58462673029
6.60744589848
6.6261378484
6.63614431253
6.64713029637
6.68146272854
6.69721803908
6.70807540272
6.70973280429
6.72391275799
6.76874674186
6.77768035369
6.78224484883
6.83933769014
6.86901919273
6.88900857345
6.92485997015
6.94405116731
6.99343352451
7.01614107887
7.03166962573
7.05615167855
7.07008566088
7.08109854717
7.10380082901
7.18891387344
7.27152155308
7.30612223829
7.37080102486
7.41834763606
7.4451160505
7.51113478807
7.53904918524
7.56609155155
7.57669982686
7.59810721271
7.62533205535
7.63667922407
7.68100075142
7.71549318056
7.75919272464
7.81643244511
7.83261828486
7.86159759096
7.87976905391
7.90397528115
7.91598336365
7.92242886447
8.06304959732
8.12250111284
8.17368021478
8.20677134873
8.22742317257
8.37396168408
8.43343620382
8.49833597979
8.59694227488
8.68443804793
8.78330723323
8.80181126192
8.85438148299
9.00076631601
9.04054736153
9.11635144985
9.13675492825
9.16355705682
9.21656984834
9.27862898793
9.41049832381
9.44646000647
9.52147312542
9.60858253993
9.90665836387
10.0051972269
10.0906614987
10.3434682067
10.4404696802
10.8776057185
10.9359901073
11.191961515
11.214027594
11.3127231126
11.4697346487
11.4906089358
11.6047814664
11.656863748
11.8692820069
11.8968854731
11.9413962422
12.0619856099
12.2255917178
12.3585918902
12.3695286751
12.385543593
12.5998051362
12.6984090392
12.7076588643
12.7499294723
12.8302872768
12.9744049013
13.2338975003
13.392447767
13.4703678056
13.5686856547
13.842123252
14.0701630791
14.2447654713
14.6392536903
159
