6.0039881452
6.01367898934
6.02832413261
6.03531279995
6.03619187653
6.0453079981
6.05073254793
6.05497179756
6.0570638045
6.06551124315
6.07537831411
6.08470791355
6.09378577644
6.09656098574
6.10242347348
6.10865339481
6.12206407543
6.13227662251
6.13677086674
6.14764271079
6.15922339332
6.22951066863
6.2515611755
6.2604113433
6.27403193691
6.29464696384
6.30733165279
6.32682316809
6.33473265565
6.43021882818
6.43829432937
6.4551372215
6.48040777992
6.48242206808
6.49064468284
6.5016422781
6.50849903899
6.6459725833
6.64980208462
6.6620567574
6.68589568383
6.71675655056
6.73419056139
6.74042387421
6.762441609
6.7825838224
6.78885437748
6.79203513213
6.81414707721
6.82748349084
6.83026907971
6.85619577196
6.89229812059
6.91331926988
6.97706854944
7.00647289615
7.04170599426
7.04835499021
7.06554346202
7.08309096929
7.09321292582
7.1017220112
7.14523720713
7.20860008822
7.29721736842
7.31709400684
7.35360193486
7.37384693869
7.42422934227
7.47225772576
7.50530344955
7.55891343165
7.57737004649
7.60298665891
7.71600053907
7.76885834436
7.77379951183
8.1777961304
8.18125392599
8.20365508516
9.89482308998
9.94275917949
9.99619012019
10.3015760204
10.3891282531
10.4334883548
10.4557399914
10.5119215463
10.5663161868
10.7155207549
14.6781751133
91
