6.00787084181
6.00879142872
6.01564941876
6.04461659445
6.05490350734
6.06750505689
6.08328887891
6.09254411308
6.09952764314
6.10280922012
6.12009643745
6.12259708741
6.12472195835
6.13042688282
6.14098132921
6.14714992225
6.1539474446
6.15821290219
6.16288614552
6.17259263542
6.19371874372
6.21385733113
6.21669829569
6.27205127172
6.29191091848
6.30677929214
6.33639021285
6.34455903969
6.34558393369
6.37300419341
6.40912345229
6.43416280832
6.4584026771
6.46910775896
6.47731179178
6.49142890246
6.50935410542
6.52754681412
6.53787797288
6.54686986957
6.57408451381
6.58252710526
6.80450983078
6.81014670064
6.93089048519
6.95767587086
6.9828839611
7.00811416151
7.03958872474
7.07041678321
7.10395974623
7.12127018461
7.1291466537
7.1372549203
7.1728302679
7.33251595188
7.35150237032
7.35452092021
7.37617529798
7.40770292693
7.41737086582
7.44185159096
7.46863451118
7.50038095275
7.5159157954
7.53173998036
7.59104649759
7.64729229406
7.71002401407
7.72951072077
7.76847389704
7.80031020579
7.82780517359
7.91052484985
7.99873924396
8.03277631189
8.0360913424
8.03933076838
8.07665161712
8.09864401747
8.1886220758
8.22217881371
8.23701438587
8.27570661476
8.31668696584
8.38155023549
8.39515529544
8.45964364036
8.52423787955
8.52909031792
8.55061267541
8.6006823153
8.69677424533
8.76301236779
8.86337363394
8.94990193199
9.16135534391
9.20620055202
9.28437792497
9.34205896944
9.79484377857
9.81200436405
9.82025419054
9.97920931572
10.0547563708
10.1530855777
10.2107468754
10.2738259937
10.3674587572
10.4383841479
10.4492474604
10.5055354854
10.611668573
10.6780401018
10.8367188362
10.9543179334
10.9946791532
11.219391236
11.2273316575
11.3465305408
11.4375685703
11.5894067232
11.650150749
11.8012829357
11.8124090061
12.064035849
12.120317026
12.3754898214
12.4202295084
12.5990802015
13.248038578
13.3921489203
13.5575566076
13.6221695717
13.6859029244
13.7910009713
14.0666684333
14.2249571143
14.5832329795
139
