6.00136695147
6.00410821792
6.00676931563
6.01798262879
6.01849475219
6.02311362141
6.03370945447
6.03594984406
6.04168796644
6.04785171963
6.05005553215
6.05990680665
6.06682091756
6.09242377689
6.10774434238
6.10845162345
6.27544927465
6.29094509541
6.29966985977
6.31388397412
6.31600536407
6.32745800808
6.33436977084
6.33947166553
6.34193891376
6.34751265055
6.35636457703
6.36174489098
6.36791326626
6.38414580478
6.40051614961
6.40777551712
6.4218422023
6.47490966497
6.48397446475
6.49720336525
6.49860628394
6.51330874563
6.52223963192
6.53620170206
6.55054227608
6.56334390092
6.57422295656
6.58201722091
6.71767495364
6.72481998746
6.74766108539
6.74947166011
6.80481670436
6.80972052151
6.82847446481
6.86679964652
6.87128628833
6.90208783386
6.94000064945
6.97198537246
7.00099761943
7.01388513851
7.07855671028
7.08024759049
7.11822406365
7.14703865579
7.24536535779
7.25644526483
7.28868697237
7.29141699243
7.32541111227
7.33039576578
7.48574321204
7.51829512966
7.54508694339
7.81341238357
7.90656932982
7.97881673494
8.00124756513
8.07153426101
8.12148322065
8.14511741946
8.29368160177
8.36204769347
8.40753052127
8.41425003801
8.47670487654
8.53275398509
8.79716533613
8.85055645728
8.87706454676
9.12774113116
9.2330722254
9.43213928407
9.50601046913
9.56673571357
9.62645389151
9.70786271397
9.73361003452
9.79629944696
9.90083380634
9.90882947044
10.5459084993
10.7666442582
10.7930605752
10.9585458749
11.0786603389
11.1985028941
11.233940845
11.3659940936
11.456098726
11.6114371964
11.6205983523
11.7531482632
11.8903516644
11.9980828804
12.3048271856
12.3453071595
12.4448769745
12.5304822136
12.6830735629
12.7664868329
13.079256881
13.2465928844
13.307482823
13.5737208079
13.7037549114
13.9932634476
14.1312380422
14.2794717797
14.5844803816
127
