6.00401406106
6.00666705946
6.01207378465
6.02161100274
6.02749396383
6.02927707573
6.03677727726
6.04497149013
6.04777356194
6.05548075477
6.06572659184
6.07306594267
6.09303430618
6.12833412532
6.13161606333
6.14454234689
6.14841548289
6.19458205632
6.20635707319
6.21272334697
6.21639386338
6.22189479289
6.23507950309
6.26308567624
6.27663912341
6.28333549809
6.29027182287
6.30098490912
6.31106362001
6.31819580351
6.33737553819
6.3539223131
6.42817225094
6.44929894953
6.45574361203
6.46081406032
6.47834811086
6.49183446264
6.54844808073
6.58428928904
6.5964349147
6.61280066362
6.63633610904
6.65698322951
6.66524369421
6.6743341598
6.69670212085
6.70678344391
6.71688173502
6.73306620189
6.75229506639
6.86472992907
6.86937342149
6.92864722464
6.93498313723
7.65902538142
7.76659822715
7.83274597437
7.86590155113
7.89004510636
7.91201435388
7.91830530272
7.95465618153
7.9803441813
7.99062759665
8.10245409013
8.16114345868
8.16933873563
8.3218542164
8.47895447351
8.52409455921
8.54086873054
8.60784133316
8.67296509719
8.7535880456
8.7579164408
8.77581930284
8.78457950693
8.82134937143
8.83299549409
8.9057668735
8.95020708326
8.9821364049
9.24847891929
9.2901881861
9.34895663589
9.49100458304
11.6168130594
11.7834499792
11.9225164583
12.2016912561
12.3147764352
12.394580071
12.603668199
12.7830165183
13.1403904915
13.3796413376
13.434283286
13.5472252885
13.8900940271
14.0264812483
14.2866087992
14.6262845483
103
