6.00749000555
6.02031221954
6.02781904284
6.02856209182
6.03736164043
6.04905562424
6.05286983403
6.06418002108
6.06967732582
6.07229770143
6.08449757377
6.08964837673
6.10947242961
6.12139780666
6.14063341776
6.14188332659
6.1442813845
6.14732249397
6.15123296657
6.16109480635
6.16538395036
6.17456443397
6.18327576954
6.28609424807
6.28944342832
6.29055822202
6.30819436493
6.32430877205
6.51442230698
6.53478627605
6.53795872536
6.55900317259
6.56879595795
6.57712742656
6.58857621167
6.66393518281
6.67789166248
6.6868386587
6.7041826146
6.70659396384
6.74559997402
6.76008426172
6.78381420588
6.80128964791
6.85139749555
6.85338002584
6.90112424911
6.93227738341
6.9834785942
6.99299075602
6.99583723348
7.0339764304
7.0614213306
7.65565316283
7.68615930825
7.69119740547
7.71194702338
7.74963686369
7.7841333848
7.80535953221
7.80913683395
7.85169232886
7.96268552137
7.99317884631
8.05034845196
8.10240644534
8.12265679079
8.16218382537
8.27762286965
8.6679149009
8.71869282036
8.72508269623
8.80156779574
8.84757736436
8.86880102144
8.88654852236
8.89959757569
8.94448126006
9.15769243169
9.19619661187
9.20605225204
9.30736473282
9.35817024148
9.39996217622
9.4271202587
9.46025388681
9.51328559563
9.60793568918
9.65416537968
9.68165682862
9.70704019269
9.73693497879
9.78237438807
9.83848600347
9.90792996371
10.0010252941
10.0960253144
10.1375022839
10.1739778324
10.2137438822
10.253414973
10.2989057853
10.4039988061
10.4125999479
10.4482732135
10.4929402843
10.5246009111
10.5724824749
10.6823149651
10.9383415185
11.0524579033
11.1339250608
11.210537948
11.3251509676
11.4173621083
11.5359680632
11.5830148865
11.7345581972
11.8921387685
12.0240555204
12.2282021582
12.3149185005
12.3892485042
12.512538505
12.7484210926
12.8682394126
13.101351158
13.2492036329
13.386279772
13.5276291875
13.73531325
13.9246443861
26.5341342843
133
