6.00386029185
6.0081725366
6.00922381389
6.01637154315
6.01997002513
6.03079460108
6.04378029894
6.04705495297
6.06124005969
6.07538350248
6.08448054266
6.09464951987
6.10729980372
6.12242977556
6.1388841184
6.15066885158
6.15907797686
6.16046640441
6.17212352562
6.19689314606
6.20658235187
6.21193617801
6.2342276138
6.23946681648
6.24469735874
6.25874929504
6.26654528905
6.27415976909
6.28180692016
6.28838681166
6.29259594475
6.29475643666
6.30339737833
6.30787173435
6.31358517654
6.32107180782
6.33358847289
6.34232526286
6.35505825992
6.36257958822
6.37020421024
6.38844785266
6.38929719779
6.40009275835
6.40424143933
6.44130340031
6.4676147663
6.48844641762
6.5085622531
6.52923769212
6.53972868374
6.56439824188
6.57763032939
6.61378676904
6.61997404645
6.64271704877
6.6662110489
6.79996376234
6.82261257866
6.87728824589
6.90440836365
6.92215975364
6.93728544763
6.95299347918
6.99669485467
7.03414334586
7.06373721386
7.07178522383
7.09149337862
7.12992878202
7.18979497364
7.22690718178
7.24457542016
7.28802851478
7.2913725802
7.33682760784
7.36842084126
7.38374199788
7.42029593262
7.69121700374
7.70689713119
11.3360428443
11.4313711546
11.62287301
11.7057785849
11.8331789177
12.5312475508
12.5439087038
12.8145835714
12.9602298535
13.173845078
13.3019091788
13.4177664206
13.4943872365
13.6983583981
13.7959355701
14.018518663
14.3077591269
14.5653761854
99
