6.044586525
6.05086128397
6.05326403331
6.05805555096
6.06543118134
6.07595571866
6.1042389411
6.12843273696
6.13366173418
6.149500711
6.1750870398
6.1817402854
6.2041098742
6.22067128609
6.22600930599
6.23389053377
6.23986782633
6.24585144744
6.24688029994
6.2611112364
6.26726583787
6.48417836068
6.71683905343
6.72794910995
6.74808700632
6.76942522104
6.79807319824
6.81082134645
6.81415762764
6.82245742154
6.85847234319
6.89603562524
6.91846791612
6.96816573266
6.97815342371
6.99652901608
7.01495591805
7.02477924598
7.0310665514
7.060601232
7.0937719232
9.68381646273
9.80711214639
9.86564936831
9.96279575499
10.0279475301
10.0508411817
10.1213690392
10.1506772403
10.1590360148
10.2286172347
10.4885569144
10.5071842885
10.5858116655
10.6397588781
10.7434442506
10.9384597602
11.0425488936
11.1827320731
11.2464744236
11.2831107839
11.3397481198
11.3529790837
11.4040214179
11.416380476
12.1745708881
12.3078595149
12.3354117077
12.4998476751
12.9076021582
13.1305732287
13.3104077846
13.6155307341
13.8524701505
14.0128164592
14.3120020593
14.4395727677
14.6164279911
78
