6.02199849043
6.02416346968
6.04134214813
6.04215622885
6.04631835754
6.05090551658
6.0589987011
6.06565421159
6.06686066168
6.07616501185
6.20131325294
6.20438592515
6.22304444311
6.22829646188
6.24297828276
6.25427771976
6.2552470647
6.28329306362
6.28509632239
6.29030267319
6.29932036458
6.54967729655
6.57894182273
6.59067145393
6.6084243782
6.61517698968
6.62005491924
6.62106662053
6.66884383156
6.68237855572
6.71437256055
6.72909216222
6.74701485402
6.76056950355
6.79152827082
6.80313422561
6.81459566574
6.82138093602
6.83916816762
6.84205794826
6.88395638352
6.88778119862
6.89915545443
6.90227327065
6.92634525824
6.93756472276
6.94979251134
6.95155946035
6.96860978291
6.99960982626
7.02750829527
7.03251516592
7.0610126486
7.09354933936
7.11764277991
7.144743658
7.19781276715
7.21246776537
7.25675869518
7.30968981586
7.33493852178
7.34466354775
7.35398603199
7.36284144203
7.38776482916
7.42321250633
7.42678817117
7.44716207246
7.47178180939
7.49913960898
7.52466380126
7.74999109626
7.80655920136
7.84066316915
8.08552464519
8.11747337035
8.13967769419
8.15254202105
8.15629407167
8.16828704705
8.18649276406
8.20910605064
8.2894744268
8.29600252166
8.32569655606
8.3470054165
8.37774392565
8.44840251241
8.51120536828
8.54352286643
8.56002481125
8.57268580187
8.59931858175
8.71034653043
8.77609550527
8.84602656866
8.91247302307
8.93607462919
8.99841749705
9.05822648262
9.06728776491
9.07305089887
9.10736938829
9.23699879972
9.7362790455
10.2045951394
10.2366405539
10.34302081
10.7061544134
10.7999417079
10.8265159321
10.8765340129
10.9611639826
11.608655246
11.7525606866
11.8804590584
11.9795835978
12.3692987089
12.832558036
12.9119003704
12.9609975974
12.9983421272
13.2745317655
13.5213219117
13.7159088596
14.0054386788
14.245739705
14.2593454719
14.5811053757
129
