6.00461262858
6.02398070508
6.02731422345
6.03967880991
6.04909061774
6.05339962485
6.06481935835
6.06719816974
6.1024396415
6.13151319506
6.1394486097
6.14739615886
6.16611883851
6.16913012746
6.17726523869
6.18158449549
6.19382643329
6.20034159468
6.20664609031
6.21870343374
6.22496608753
6.23081922731
6.23778427077
6.2433231547
6.25167426518
6.29328897741
6.31360923482
6.32421749333
6.33397132095
6.33506396768
6.36294429726
6.38050103769
6.38393649715
6.39231241396
6.39388119515
6.40744405133
6.41183077198
6.42586689226
6.43294626463
6.45004010504
6.58175357556
6.59464237601
6.61414282208
6.62565475053
6.63065336094
6.63201527206
6.6639023959
6.67881559959
6.69214340297
6.70480007673
6.71802321423
6.74050595435
6.76236599546
6.77135811069
6.78432666434
6.78702305683
6.82649492651
6.84398754169
6.86245950329
6.89689748854
6.91523381003
6.92636826342
6.98055777538
7.0331098735
7.05382393585
7.08672623304
7.12101458973
7.17537477094
7.21333536324
7.22207024561
7.2663525553
7.30821935198
7.35260844143
7.425364491
7.4567293333
7.5028332948
7.5192656537
7.57539722216
7.59937925639
7.67083495134
7.68448901793
7.70387108992
7.72934223301
7.76407259336
7.83520589124
7.85810748675
7.96755143207
8.06123825841
8.10061890688
8.11537425083
8.17231564752
8.2636282854
8.31449240206
8.3638027648
8.37310120866
8.38364676964
8.55075153245
8.55573545835
8.63586368303
8.71027230474
8.94426540969
8.99553444043
9.03638616133
103.67807642
104
