6.00707164278
6.01150571989
6.02139809201
6.02606249938
6.02885818067
6.0330084526
6.05011728783
6.05867335337
6.07172126938
6.08114180118
6.0821980984
6.09311837768
6.10038292109
6.10087681357
6.10842339731
6.12369608303
6.13064795697
6.13931848702
6.16503315484
6.1776422053
6.18270422839
6.18334665943
6.19191950306
6.19593623558
6.2154773674
6.22813117729
6.23672270853
6.25503210646
6.26292846157
6.2643680282
6.27771003821
6.28070988911
6.44292209059
6.4608149874
6.48573157178
6.6828265749
6.69098016416
6.70899717693
6.74924739338
6.771767993
6.79039137845
6.80211348842
6.82902443431
6.85161346575
6.86991920069
6.90084459429
6.91253685784
6.93385219928
6.96623008825
6.97655603365
7.01014439958
7.02179751202
7.13528317469
7.20926722896
7.77341164278
7.84042500482
7.90476663785
7.92832926831
8.04803127339
8.07437027732
8.0890387692
8.2415760503
8.29891288562
8.31517665222
8.38370427729
8.38841676692
8.46105614545
8.46419036061
8.47659988553
8.57245256444
8.62431647098
8.69798512752
8.7649787403
8.83947284682
8.91234475095
9.05846257405
9.1337334709
9.22324179936
9.280985018
9.4235034443
9.50133617898
9.66035794325
9.73247043348
9.85721168257
10.0690656638
10.1374897486
10.1790615674
10.2035435005
10.2974381357
10.3713477955
10.6596814982
10.681157291
10.7423205385
11.2153047964
11.3116903734
12.0164264089
12.0673605306
12.1617332894
12.267887072
12.2931415825
12.5124638994
12.7164317248
12.9153387697
13.0313553701
13.0841374603
13.1501163304
13.236002802
13.3663610844
13.4617293526
13.5860165176
13.8574671872
14.2909839596
14.4944113598
14.6872037119
114
