6.00624151265
6.03177841729
6.0440103174
6.0570235378
6.06313489397
6.06755962388
6.07886989177
6.08274951657
6.10667815048
6.11241968978
6.1163566118
6.1187581184
6.1306646447
6.13781193483
6.14566104731
6.1545269442
6.16155690819
6.16585710803
6.18370695003
6.27064782758
6.29033893358
6.29829996913
6.31619341265
6.50349618904
6.5254191123
6.56008146548
6.56710009435
6.57959759288
6.61609119005
6.62016311256
6.62413004312
6.64697547087
6.68184617314
6.80626632357
6.8185384616
6.82169424844
6.84832100198
6.85961149988
6.892087597
6.92396155841
6.94454079078
6.9646452066
36.6986241499
43
