6.0009160587
6.00234235516
6.0096239905
6.02198860222
6.03277850067
6.05915596223
6.06035073861
6.07528549405
6.07966147775
6.08821509228
6.09473026774
6.09613420926
6.10001497495
6.10136498924
6.10477732914
6.14037537873
6.14858519982
6.15370337392
6.15892716385
6.1611650429
6.28847809601
6.29688763958
6.30442518082
6.33100623707
6.34090250119
6.35962152046
6.37929737124
6.3992942246
6.41515329009
6.42259175508
6.44288926173
6.47295554836
6.51567967657
6.52106623187
6.5297594163
6.53219936858
6.5579220889
6.56431908107
6.57131570342
6.59266998307
6.65963044982
6.69283592348
6.70819836551
6.72164860633
6.73960791132
6.74235594945
6.7609085554
6.77181301424
6.79901895399
7.67123611411
7.67531498741
7.70049423649
7.72569457067
7.754666187
7.78898409527
8.19640123028
8.23958936035
8.29322070602
8.36056113626
8.3838249878
8.43308171722
8.51317268031
8.5573663288
8.69857185341
8.7375607534
8.76989248147
8.79238299328
8.84442071114
8.88344867319
8.88771714354
9.03646839756
9.10388755616
9.17632734679
9.23190878901
9.35397532014
9.44869930454
9.53822271086
9.59248222327
9.63493448199
9.69816091034
9.7197588889
9.75346332569
9.80540194399
9.8856513148
10.0200284058
10.0249487763
10.2774632522
10.3704876635
10.4654986474
10.5206329226
10.6169134453
10.6282599014
10.7135498753
10.8871543668
10.9930052237
11.0338615538
11.0770451673
11.2131852917
11.2582004534
11.5895585854
11.7615483638
11.8205272854
11.9229053626
12.1116534837
12.4197212287
12.891187939
13.1075127135
16.4339460762
108
