6.00516508321
6.0057249803
6.01444620721
6.01726026648
6.05302954645
6.0634315055
6.11642684464
6.12414139848
6.1571333438
6.1702181843
6.17522567837
6.18861595108
6.19147880951
6.19736135211
6.20722869579
6.2204415283
6.22107695335
6.2495805852
6.25144849058
6.2549907657
6.26487027211
6.27365516791
6.29033492763
6.30619686229
6.31319333925
6.31937084241
6.33326185863
6.35429034552
6.36512202851
6.37287420231
6.41108532597
6.42735093136
6.42822765013
6.43904190917
6.45687303201
6.47510907609
6.4898858228
6.4993094914
6.50950887564
6.53248220643
6.57084826089
6.57948186441
6.59239119233
6.62536826626
6.64621908028
6.65239693443
6.86323460565
6.89765952651
6.91310149784
6.92438248042
6.94654352349
6.95978539213
6.97444251567
7.00542888616
7.01502417664
7.15794914577
7.17967886198
7.20878210355
7.21166363581
7.27242978331
7.27860146829
7.29321737808
7.30084743279
7.3399007497
7.39401640508
7.41596996021
7.45473006969
7.47644537569
7.55208874738
7.57237005578
8.32436153785
8.43886033516
8.46406771681
8.55660558148
8.56745298127
8.57092679898
8.60083303245
8.64874413801
8.74402411247
8.76593797277
8.85282035417
8.93525489039
8.93882734723
9.01197673674
9.0982524922
9.18324854444
9.25778731121
9.2837694663
9.32800752151
9.42067443202
13.1556265061
13.3000140918
13.9441050463
14.2557982413
14.2858294775
14.4527291293
15.1457977048
97
