6.00408014994
6.004725476
6.04905695329
6.06337073927
6.06880547019
6.07973126172
6.39999467613
6.40896813188
6.42013886395
6.43640032778
6.45437444371
6.46933758824
6.47387953778
6.48076077274
6.50764157238
6.52847295615
6.54010131137
6.54907612064
6.55801466144
6.57393222179
6.58922299804
6.61342489402
6.63357251358
6.64222487052
6.66269045788
6.69907599427
6.70434511568
6.72043473828
6.73179609227
6.75730513167
6.7669005588
6.81175280957
6.82133132097
6.82294345917
6.83500084553
6.85431402582
6.90418786457
6.92844622535
6.93714437503
6.95729899708
6.97247966713
6.97433291623
6.98202388611
7.0057249381
7.0232194972
7.18940258991
7.20957924148
7.6522312136
7.71647314646
7.78692435446
7.83008466115
7.85611289542
7.86750753617
7.88276026149
7.90679803242
8.02438099694
8.0971132225
8.10337372719
8.10891138441
8.26516447966
8.28223836102
8.37178844997
8.38674824256
8.49122380905
8.68342472777
8.81105736094
8.91813389078
9.20920270861
9.22840328157
9.28186484375
9.31974142248
9.71869802319
9.73522513116
9.84631131136
9.92116092517
9.9282834257
10.0045392065
10.0541788677
10.2688378847
10.3990457613
10.5693615305
10.6949568387
10.7798750753
10.856560526
10.8984345712
10.9409136607
11.2170083058
11.2569985041
11.3316236991
11.6512947335
11.9122807916
12.301411074
12.4630560693
12.5396185822
12.5932831447
12.627498359
12.8151412822
12.8983643072
13.0515094262
13.1530903241
13.2207032128
13.2738391501
13.6450734734
13.6638941465
13.6758029142
15.5249794904
106
