6.00854645338
6.00930554695
6.02032364581
6.02486143133
6.03415442823
6.03792357869
6.04101972184
6.04780052246
6.05595032504
6.07429109537
6.07964381194
6.08393947361
6.0897629856
6.09441579867
6.09859141436
6.10459305665
6.10860529677
6.12955775425
6.14269842175
6.14958757294
6.16125363881
6.16884628668
6.17886581344
6.18445179258
6.2027275463
6.20358221557
6.22207160403
6.22767298723
6.23259537649
6.236768414
6.24412633176
6.25021908673
6.26033454321
6.26690979034
6.27144464857
6.27922920645
6.29167915492
6.29617269335
6.30176331215
6.30378198905
6.30965497756
6.32432675084
6.33484984297
6.34307474295
6.3441239332
6.35300254269
6.37200294446
6.37878084643
6.38443782143
6.39619615871
6.4107621793
6.41605608413
6.42490674042
6.45116277724
6.45471972489
6.46581602626
6.48151892858
6.5070127542
6.60434971125
6.62738076895
6.6380114761
6.64311503902
6.66345737932
6.72476148584
6.74810369846
6.77327712491
6.78453948469
6.83688341803
6.90436940086
6.92903462877
6.95762446153
6.99301628836
7.01152212866
7.02432595184
7.04375905467
7.08730697912
7.10173286542
7.16486719984
7.18636925715
7.22104139748
7.24638807375
7.27383200731
7.31934740078
7.33235550127
7.35199051684
7.36446362688
7.45178698382
11.2415265633
11.2806476155
11.4026462617
11.4143257542
11.5016259014
11.6195837445
11.651451319
11.8671747413
11.9584004478
12.2065328772
12.3727641703
12.5136955662
12.574530087
12.6875677893
13.54596661
13.5605844152
14.051204177
14.3761573735
14.3950864601
14.6186897263
107
