6.01018329951
6.01291922234
6.03911069565
6.04558237269
6.05326211674
6.26072389844
6.26508558643
6.28638419821
6.29170270374
6.30268381656
6.31379535062
6.31873007609
6.32643674066
6.33831743513
6.34471433062
6.36344268106
6.37182447669
6.38814122844
6.41077346236
6.42754926002
6.46443609208
6.47545369614
6.52140517013
6.53260369526
6.53685771467
6.54630178369
6.55364386466
6.56183162056
6.58203086273
6.58834395684
6.61677701442
6.62226264105
6.63006728223
6.65140509835
7.16526147184
7.19478899452
7.25846821992
7.26165009815
7.27464125535
7.29472952327
7.31219529196
7.3219075319
7.32567478406
7.35805494393
7.37222349881
7.39485435741
7.4086719639
7.46110949175
7.47582854645
7.5387853261
7.56873407653
7.6049648132
7.64955876748
7.67531447281
7.72616912107
7.74927270419
7.75200559218
7.79436942506
7.83973216106
7.89196733425
7.92324340989
7.95622265132
7.9969351835
8.00476961074
8.05928835197
8.10869560853
8.14008587571
8.17499135354
8.24269714589
8.31024171561
8.35393021996
8.41613670445
8.47910538761
8.50502533817
8.59320093414
8.64861918064
8.66872468707
8.74040753076
8.82214128982
8.85089965739
8.8632394984
8.94359806746
8.99428180936
10.5972823033
10.665739293
10.7335143982
10.7690259803
11.5513296687
11.6755161725
12.0013645988
12.0289398935
16.7499474128
92
