6.01240864308
6.03882507547
6.05059316252
6.06060425063
6.06624343355
6.07979079875
6.08550283332
6.09126429007
6.11350370538
6.11788858356
6.15479849798
6.17616775835
6.18597531305
6.19775376716
6.20608782143
6.21007461598
6.21253750022
6.21998310184
6.22697699687
6.230697468
6.24148193677
6.24661054399
6.26392639787
6.29796480408
6.29947275964
6.30526158297
6.31268718685
6.33609241478
6.35931997902
6.36777327112
6.3872544435
6.39157542461
6.41731779644
6.42496168713
6.43406354103
6.45360261871
6.45500836053
6.47273351682
6.47454550419
6.48634927944
6.49433944905
6.5190760741
6.54631154097
6.55991029673
6.57890828748
6.60181091211
6.66921539197
6.6874613669
6.70327243812
6.73125424979
6.74822236568
6.78014716688
6.78462918854
6.78780443077
6.81137695858
6.8229976114
6.85189945343
6.90544843343
6.92118754721
6.92265883125
6.96592695259
7.00036578289
7.03385703494
7.0740786208
7.11666236657
7.12896623767
7.16657295379
7.27598280578
7.28288414626
7.30383334774
7.31910688824
7.3326526577
7.44452782499
7.51906433465
7.61502752978
7.62880137703
7.6668237207
7.68614680299
7.78414728697
7.86121642081
9.25145892132
9.30318444788
9.33454630598
9.3455131953
9.37963247627
9.3848575586
9.46104936373
9.54459392675
9.64791048818
9.70445837062
9.75501964571
9.81672315166
9.88777930608
9.95761260767
10.0539116077
10.1669197065
10.2285215173
10.3069297162
10.3403905166
10.3496112588
10.4348446642
10.5350171864
10.6441583977
10.6766629664
10.747242836
10.8810157721
11.0199521776
11.2431983429
11.2804908867
11.4429214448
11.5425866364
11.61403117
11.7272394256
12.2305694951
12.3370802018
12.4174738864
12.5489693441
12.6204999793
13.4911587639
13.6137240895
13.7802581356
14.0577428344
14.359311208
14.5293832246
124
