6.00416581966
6.01776868196
6.01866813755
6.03512290201
6.04168826683
6.05087376956
6.06446891376
6.0755296036
6.07617507753
6.08013786463
6.08852014092
6.09226261393
6.09659275008
6.09936665189
6.10334895239
6.10474616165
6.43258931503
6.45202881439
6.47142161346
6.48468849126
6.48600279991
6.50058127615
6.51589433263
6.51922662451
6.53162460205
6.55152681002
6.56455813986
6.57411433006
6.6032111232
6.62529776942
6.66069884967
6.667960238
6.68109597717
6.69002442971
6.69217875296
6.70245239087
6.71177880143
6.71595462382
6.77453933472
6.78632803522
6.79670270558
6.84171832688
6.8718907469
6.88533264731
6.89299640127
7.00617488142
7.01501276409
7.0309270894
7.05298984012
7.0871706203
7.10348826333
7.15624352
7.15898465321
7.19795729496
7.2508831762
7.25535842754
7.28982622044
7.31712683496
7.33918679954
7.36742349524
7.40774008985
7.42826978513
7.43759836669
7.46215357929
7.50353421112
7.57176508328
7.61779112
7.68565166935
7.71653941561
7.73549278196
7.77908792615
7.80292276817
7.86373416076
7.8766628847
7.92990484636
7.96577428174
7.96996713856
8.0511786252
8.17867770982
8.18753189101
8.39158879671
8.43034734499
8.51540115932
8.53897876483
8.65200152201
8.69560861165
8.72936651228
8.77089721821
8.8699994676
8.91628359071
8.99395221695
9.0348155997
9.11833623035
9.13563976398
9.15834986286
9.19723300357
9.23792804668
9.27361693904
9.30937499277
9.42511733681
9.4915726507
9.52749769754
9.53944202289
9.86593605142
9.90155421331
9.91162083053
10.2364329194
10.3102347242
10.3396244172
10.4200768369
10.541509901
10.5613743919
10.6999380318
10.7339186422
10.9276699721
11.0614669041
11.0746897237
11.0842022237
11.3011751972
11.4295730865
11.5174710036
11.5461654561
11.6246581582
11.7678262467
11.8018297139
12.5528992868
12.6760769776
12.9389041532
13.0063786776
13.0567105046
13.2148298931
13.2761385766
13.8179040901
14.0719910725
23.7803324217
135
