6.0088945307
6.07970707301
6.09476579182
6.10188639854
6.11397117591
6.13002978844
6.1616078456
6.17179666864
6.18400756152
6.18959968973
6.21723034558
6.2249611186
6.2411840636
6.25741732437
6.26928951456
6.2831435256
6.29479148126
6.3105658634
6.32571141675
6.33661082082
6.35411033521
6.36153936927
6.36291492761
6.38319964161
6.42906181671
6.45979251618
6.46659899589
6.47243786529
6.49293171076
6.50794957632
6.52598018472
6.54696827881
6.55513839981
6.56808708299
6.57757580563
6.59089955938
6.60909121988
6.7204147113
6.72282735544
6.73182339335
6.76711011716
6.82637803911
6.87012726091
6.90741713836
6.92243228199
6.94737995064
7.13633856125
7.17115666704
7.18001443914
7.19687523541
7.23025283129
7.23581977
9.02280068536
9.13094736065
9.16645032235
9.21316832684
9.22115836115
9.27126592049
9.34094566657
9.35078795335
9.40912674416
9.43388728044
9.57698785774
9.66494110382
9.68536786013
9.76238842164
9.84246775195
9.90898655407
9.96482198069
10.0993444271
10.1072654893
10.1863720373
10.3518698114
10.3972578686
10.6154843203
10.6445213459
10.7378940488
10.8335813644
10.8561156057
10.9041039529
11.0003412515
11.0455758478
11.167018786
11.2895374957
11.3472243939
11.3968345381
11.5657499485
12.4395450347
12.6042755382
12.6144936821
12.957212561
13.3651982934
13.4923117418
13.6798401348
13.8621606366
14.1090630144
14.1684613105
14.6396528006
98
