6.0110557348
6.13666194293
6.14013262454
6.14551981374
6.15286701645
6.16033588822
6.16460988097
6.17221945121
6.19880698915
6.22101020747
6.22797523547
6.24278990344
6.25953992936
6.26462268687
6.29705758041
6.33267262736
6.33818202661
6.34425220395
6.35698371625
6.36078556018
6.37465727957
6.38572635446
6.45380838199
6.46295024652
6.46841947794
6.48542145401
6.49829105994
6.5065562826
6.52046616533
6.52290753375
6.53951874082
6.56403608199
6.57749130505
6.59721596858
6.60041250431
6.60771930886
6.61657920133
6.63400635868
6.63956639196
6.67132054809
6.68051646205
6.68751921022
6.69615980763
6.70508358249
6.71959870449
6.72219418253
6.72690587789
6.90722633991
6.95290262884
6.95691989851
7.00111784572
7.01290911156
7.03141402878
7.03531739063
7.04872093864
7.07538580696
7.11196185989
7.11622950713
7.12760461532
7.16836176468
7.19828639819
7.22736865284
7.33965496491
7.35200915925
7.38100157996
7.63453141655
7.66335584689
7.6993114334
7.7311234719
7.76852030874
7.79554940112
7.83151484674
7.8485890879
8.08419365896
8.14434792393
8.17746882991
8.25379609306
8.31651858973
8.33723351645
8.36221785887
8.37506501228
8.40501931167
8.4367903056
8.50124245225
8.53982051588
8.60479096821
8.75867984566
8.76234437483
8.81468146211
8.854582208
8.90213727115
8.98200368894
8.99837695634
9.04265110311
9.07872683967
9.12944106926
9.21513801214
9.25961927242
9.31051219256
9.42673994608
9.48747839317
9.50885128757
9.51566080605
10.380933192
10.6451654259
10.7305845261
10.7799631567
10.7977449547
10.8386600046
12.5393850823
12.5474369795
12.5607974664
12.7131155915
12.9317655827
12.9825555989
13.0744653568
13.2578461008
13.2751316661
13.4788732751
13.7098666542
14.0013551334
14.1427330275
14.3390994234
14.5823037298
124
