6.00603630477
6.01568461452
6.03481205091
6.04093318824
6.04948477122
6.0751049684
6.08764993747
6.0925967674
6.1076572823
6.10839781878
6.1188530096
6.13188593946
6.13787288574
6.15062847447
6.15868131048
6.16944872108
6.18406324948
6.20945193968
6.22081520194
6.23279775862
6.23487240676
6.25690505067
6.27261279722
6.33001710788
6.33822085253
6.34272227002
6.37108197553
6.37295019547
6.3763127709
6.39109457783
6.41230401683
6.43143278624
6.43311899983
6.44168739125
6.47724142758
6.47963025549
6.48824666403
6.49208699561
6.51148298778
6.52642642014
6.53702439857
6.67281572966
6.69847173014
6.71940360906
6.72572682816
6.74087901658
6.78856589961
6.80682486608
6.81674577898
6.82819036836
6.84080248356
6.84745656966
6.86813132261
6.88953861288
6.90694355233
6.92858191889
6.93068272423
6.97868833936
6.98626426488
7.00815832079
7.04273264522
7.04882458288
7.09117777964
7.11325046019
7.12671589701
7.20167746329
7.25276206331
7.26840922828
7.2849607662
7.3064195022
7.33023698485
7.42345916349
7.46807018318
7.52325922755
7.57266683303
7.58138671826
7.61545566756
7.63054401393
7.6574335104
7.68010638142
7.69824643725
7.71499264677
7.80455180837
7.81025977672
7.83105593003
7.88972639988
8.03141486232
8.04226518566
8.06658342045
8.12894233848
8.16117372348
8.21355123075
8.28382603892
8.28858208145
8.36827472526
8.44125211689
8.45172707266
8.50876184647
8.53319047811
8.53953502323
8.63542099632
8.72915907322
8.79061291385
8.82400176969
8.8279410408
8.86983259944
8.94009509634
8.96600917627
9.13272043122
9.20823440508
9.27146059067
9.34227872157
9.41372254836
9.57642585504
9.67690025819
9.70717186701
9.73710909495
9.77576617028
9.78130532479
9.82902427553
9.87377828528
9.98198489733
10.0419064376
10.1438705845
10.2126771216
10.2469310282
10.2764587732
10.4356092598
10.4413140431
10.5545573809
10.6077768492
10.6176279219
10.675421493
10.7012462422
10.7483791354
11.0223759663
11.049408055
11.1129993927
11.2272152929
11.2581097624
11.3902947932
11.4252689301
11.5679191965
11.625897549
11.6336554852
11.7844200314
11.9484536935
12.0639673422
12.3294130316
12.5172662073
12.7087318088
12.7287271111
12.9944817255
13.2143006142
14.0835847988
14.9283170782
156
