6.01039742099
6.01541206539
6.02396443088
6.02439936503
6.03351288831
6.03640384435
6.04502769924
6.05381546295
6.06017769778
6.09915627017
6.10892743821
6.11492551434
6.120160318
6.14611341077
6.15266723501
6.22646277166
6.23771923954
6.23898236613
6.25902693122
6.26217933319
6.27454613081
6.30453941109
6.31629675517
6.32645958087
6.3413521685
6.35119909124
6.36879542242
6.37560081943
6.37822961753
6.38403084673
6.39653428669
6.40172528219
6.42524669533
6.42927581963
6.47578257214
6.48425278711
6.49210192813
6.49977302482
6.50734164172
6.53519145238
6.55662530501
6.62508753535
6.67211785095
6.69290362395
6.70459460213
6.71324427259
6.72226486318
6.74900008124
6.7780897008
6.78532817564
6.80399457379
6.86487989046
6.8765378829
6.88777965178
6.91335702132
6.93211709108
6.95386192082
6.97549923759
7.1845620665
7.19543228415
7.23822402505
7.31972450468
7.3269005542
7.33322168281
7.35241122325
7.37012069776
7.38830075546
7.40620440278
7.43517603573
7.46140288036
7.49436577267
7.5355833137
7.54966753561
7.57169452388
7.63848412183
7.75020386043
7.79153237496
7.81661576055
7.87453782657
7.88494422034
7.94189089786
8.12225208301
8.16167042173
8.18718077786
8.20590103834
8.21427333059
8.24186311534
8.25082137876
8.28264215852
8.29569962735
8.3358857642
8.34199139131
8.36203955795
8.3876108177
8.45800685271
9.50264518084
9.52351926091
9.58659541591
9.73208426519
9.84730049669
9.98426158206
10.1231829106
10.1285927047
10.1659658823
10.2418225861
10.3266033511
10.3517690282
10.3810087696
10.4412196869
10.5698891796
10.628446402
10.7318040634
10.8065101621
11.010661819
11.1399573014
12.2267029359
12.2923918766
12.3622736344
12.4353746716
12.4752807945
12.4904162975
12.5618950455
12.6430700294
12.7921708143
12.8697242136
12.9938862284
13.2132687306
14.0969600397
14.1123414307
14.2833507594
14.4417300657
14.4666187306
14.6811308945
133
