6.00552313477
6.00752921652
6.01530905943
6.02368009279
6.04781071354
6.05015010915
6.06551379658
6.06644497631
6.0781217567
6.08003592889
6.08720513219
6.09382951343
6.10118098965
6.1058406246
6.10978178944
6.11792757939
6.12143894247
6.13590319509
6.1464646464
6.15197547621
6.15719734962
6.15883358031
6.17057464332
6.19071849988
6.20108414811
6.20914003985
6.2203353723
6.23719351609
6.24862774481
6.26377583873
6.28629398497
6.29132683806
6.29935215568
6.31361588581
6.32146251748
6.33705716863
6.36434303279
6.36515721367
6.37519443458
6.37679232126
6.39001461833
6.41290225194
6.43791674203
6.44393368141
6.45610174452
6.45784559749
6.45921426872
6.47729833262
6.49264978449
6.50983226885
6.52962205029
6.5417538991
6.55353286284
6.57284127966
6.5798867546
6.5820969773
6.6115766489
6.62872062877
6.63120336833
6.65379037595
6.66204413486
6.76227520172
6.78590465155
6.80467499477
6.80769751447
6.82200606334
6.85540464109
6.86633691597
6.88369010344
6.91673496461
6.95646471555
6.98542937245
7.00516315067
7.04146236656
7.05393731518
7.07543210837
7.08943932346
7.10555197238
7.13723798137
7.14627072745
7.17569726627
7.21308626463
7.25859534787
7.32391887023
7.33721862681
7.35321853121
7.41228154135
7.46768550438
7.49997341549
7.535340826
7.56209722293
7.59581589548
7.6323155355
7.66181879814
7.68191986898
7.69966137959
7.71968209225
7.73751942109
7.77742977985
7.7908379512
7.91889872588
7.95703400723
8.00574322818
8.06218406831
8.11820174169
8.17613542001
8.20190604093
8.23349387615
8.27803839516
8.33822384519
8.38057058673
8.40425210287
8.46290600952
8.55189821536
8.59367185014
9.0284292705
9.08259455233
9.1704934446
9.2024103359
9.27045226344
9.28832932821
9.32522728123
9.39622525339
9.46074235848
9.54234486344
9.57451428393
9.623293637
9.64389483447
9.69643106245
9.74979136982
9.78809824977
9.7944336315
9.86809370149
9.95991936476
10.0051959056
10.0322459214
10.1506108048
10.2253341695
10.3680953603
10.7580303225
10.79225869
10.8553269292
10.9838388114
11.1481963314
11.2182947916
11.254980303
11.3228265967
11.4886462191
11.7897733916
11.9278156322
12.1037296767
15.2582642056
152
