6.00958345124
6.01023277019
6.01632145771
6.02012403944
6.02860897547
6.03110692956
6.03624724376
6.04230613398
6.04350089464
6.04950874428
6.05270904592
6.06190156149
6.06492936633
6.06725206031
6.07462791047
6.08366097866
6.09449858699
6.10033845296
6.11325116639
6.1164426337
6.12332107871
6.13987010177
6.1440094142
6.14827098108
6.19723039457
6.22522635271
6.2264896473
6.23530191129
6.25284538138
6.28079953879
6.28342112416
6.29573567677
6.30327740767
6.31367447304
6.3170155542
6.32441356018
6.33762249882
6.35736396057
6.37849439015
6.37987105365
6.38527317649
6.39368140734
6.42121609346
6.43375975511
6.43632454847
6.45505344528
6.47173303472
6.48549842671
6.5124526074
6.54536356551
6.55673337788
6.56592009455
6.5786158981
6.60235334982
6.63144018446
6.63814444988
6.64950578051
6.65515117035
6.70813430901
6.72397390962
6.74510093094
6.76318303661
6.79151823832
6.7980334653
6.79965081432
6.81816940669
6.83602818942
6.85135532781
6.90035011277
6.9062933934
6.91159214376
6.92859593408
6.96132473404
6.98505981733
6.99688445113
7.02670842997
7.03293360182
7.05617361063
7.06216453212
7.0900528049
7.11860673126
7.13069848219
7.13735898598
7.21407679618
7.27111413149
7.28092828928
7.292183566
7.30918100212
7.34889704932
7.41354163355
7.47988736624
7.50658665846
7.5519758093
7.57030627741
7.60603692503
7.60998103851
7.66201148287
7.68473532951
7.73564908923
7.77907746364
7.84987439092
7.88974817075
7.90619121607
7.95941981001
7.9903037492
8.00430711236
8.05520709983
8.64256074756
8.67631882127
8.73691703088
8.75395668458
8.82483476441
8.90433236093
8.96548030936
9.01715920821
9.05868234523
9.12778419307
9.16779177905
9.23681637185
9.33233393106
9.39965524056
9.4859994787
9.51604138516
9.56714779041
9.57394450343
9.68150608932
9.68966215342
9.74082364944
9.74576153345
9.80070923877
9.81158517367
9.86203119545
9.86704106939
10.067587163
10.4104123961
10.4614906857
10.5559296188
10.5760958395
10.6810135734
10.7486855955
10.8668482945
10.9841737079
11.0283875596
13.5327100007
14.0442239549
14.3702140122
14.645503305
147
