6.00137168333
6.0133878906
6.01575547489
6.02058051386
6.02470337372
6.02521323046
6.03575008591
6.0475477411
6.05265617598
6.05985267152
6.06120970472
6.06770898299
6.07970801026
6.08357699519
6.09374514913
6.09769054906
6.09931081288
6.10720706856
6.10931011508
6.11102251699
6.11906840882
6.12656319194
6.14064990202
6.14738091251
6.16482372377
6.16726516805
6.17163004402
6.17707579606
6.18592716136
6.19780949715
6.2090609061
6.21841486055
6.2495308521
6.2538923995
6.26101170594
6.26823731929
6.27803621087
6.29719659483
6.34072004043
6.34792700826
6.35304149358
6.36068989337
6.36767745027
6.37628700486
6.38559345017
6.39225402349
6.48715427475
6.491110099
6.51750764059
6.52254082902
6.64925263217
6.66964249017
6.69079970575
6.70382265966
6.72278589073
6.73157094993
6.74495506673
6.75058163877
6.77331160814
6.81132995255
6.81731036576
6.81869377144
6.83072106661
6.83986492855
6.86600248757
6.88164718753
6.88957912687
6.89940501186
6.92360856977
6.94137549874
6.96252091134
6.98946116473
6.99505609097
7.03371595974
7.05431703435
7.08327177415
7.10188948958
7.15739943324
7.16569748623
7.18980043133
7.19730614851
7.22372765682
7.41498781045
7.46074656206
7.51010332607
7.57256357014
7.59502779652
7.61531840832
7.64658566351
7.7345585807
7.79422917857
7.82230542447
7.85436101032
7.89263605486
7.90108338109
7.95873277793
7.99828195448
8.04764285467
8.08772311165
8.35122141003
8.42205023384
8.44128574819
9.42448342607
9.62034036634
9.67441678541
9.80224185451
9.93274803505
9.99640435673
10.2058532406
10.2453431212
10.2531305105
10.311611436
10.429098089
10.4926508427
10.5686213652
10.7452344428
10.7791033968
11.0612695591
11.1476543885
11.236051566
11.4237215134
11.5832065982
11.6532093748
11.9898311476
12.1134770302
12.4463623041
12.7228156801
12.7451915357
13.0416925202
13.157844501
13.2060789554
13.3177367882
13.5259853812
13.5859981954
13.6460295503
13.6951427908
13.744369461
13.8915319336
14.3476055919
16.8504873104
140
