6.0099911148
6.02195474174
6.04776390577
6.05330186102
6.0804693977
6.08552132598
6.09094880086
6.09635192009
6.1017478786
6.11687157941
6.11868496526
6.12449339728
6.16974791036
6.17780869606
6.18488551489
6.18638794362
6.20548531499
6.21225775297
6.21395408595
6.22098030023
6.22490296016
6.27844538128
6.28615371596
6.30974425302
6.35309630101
6.35733096515
6.39309268044
6.4248019547
6.43479355572
6.44922261432
6.48466193287
6.49677914967
6.9417298232
6.96646188449
6.97414586355
6.99347051024
7.0298653449
7.05052825654
7.05296173048
7.08835847258
7.15344591467
7.1702635969
7.18578111771
7.18928545605
7.19988259712
7.2457161936
7.26075754999
7.30291945706
7.34093324712
7.39407140114
7.52626677649
7.55246526352
7.5990564833
7.66257793415
7.68691135879
7.77434623602
7.79117068441
7.85049502319
7.96773560424
8.03859549865
8.25822648933
8.31067236328
8.31867078621
8.33318093
8.34906373654
8.4509737842
8.50771727283
8.5199611089
8.58413602575
8.71809652846
8.83804353756
9.12566174527
9.15426033448
9.21893806756
9.3069022343
9.35885656629
9.39864013781
9.55103683308
9.72295505264
9.94172801476
9.96998400741
9.97818638072
10.0438352199
10.103683926
10.2059664663
10.2285036729
10.4329982682
10.4816242086
10.6257750321
10.9453428324
10.9632209586
11.2382134949
11.2867410914
11.4221724904
11.4613924774
11.7191745551
68.2121966314
97
