6.00836348008
6.01039773836
6.01516131179
6.01944636153
6.04562712911
6.05488569181
6.05796477031
6.06204712011
6.08407805137
6.08824880917
6.09213137584
6.09292997855
6.09412229102
6.1561793535
6.15968766665
6.16402643894
6.16504722098
6.16781478101
6.17263335279
6.18727359065
6.1888087345
6.19508871098
6.19813442107
6.20082306566
6.20367455448
6.21260236252
6.22341262599
6.23639954787
6.25152462856
6.25565520781
6.27132122819
6.27221292633
6.28672025586
6.29786450096
6.31734644591
6.32925407941
6.34141628682
6.38213875682
6.41125931254
6.41689819286
6.44311865354
6.48208327555
6.49774114536
6.5215865511
6.53513914025
6.53735056708
6.55806774294
6.58325654887
6.60524274621
6.62195142963
6.64128940291
6.6481288292
6.65610818404
6.69076625069
6.70624990925
6.71297229543
6.73032954176
6.79952626727
6.81244846736
6.84158748232
7.03786966782
7.06859519556
7.08911186521
7.11095664733
7.14149476298
7.17172630463
7.18576709099
7.22811178099
7.30292615257
7.32775278953
7.98249035179
8.02921158017
8.0416649565
8.11316889168
8.13377642673
8.18550979047
8.1886875483
8.19325131897
8.24742971021
8.36538898569
8.39228675183
8.44366220764
8.55249317436
8.85259650627
8.88710002278
9.02087062133
9.24816322306
9.48582572045
9.57087749513
9.64003198605
10.0590467881
10.2187001007
10.258458417
10.4105309057
10.4187989697
10.4427471985
10.7954050619
10.8634479562
10.9757618476
11.7646061282
11.8931026305
12.138934201
12.2641914023
12.4479104055
12.6465066822
12.7383790611
12.842525221
13.1065640476
13.3155538454
13.8642873249
13.9669794615
14.1398843892
14.7179010231
113
