6.00665357553
6.01021137922
6.01765717151
6.02776869741
6.03608729073
6.04033359106
6.04505696327
6.05002473126
6.05351826434
6.06204658659
6.0730841519
6.08812152693
6.10080561713
6.10345900094
6.11070684115
6.12620971754
6.19085175937
6.21058005268
6.23070826441
6.24394418128
6.25088493804
6.25949552184
6.2608393762
6.31797397534
6.34053611156
6.35080205323
6.37248074081
6.38070382135
6.40947713695
6.42145391359
6.42936795048
6.44091517742
6.46449471688
6.47411200185
6.48151261588
6.5034796472
6.50560575558
6.52947009716
6.547461517
6.55760892685
6.57108314767
6.58251392784
6.60769969967
6.63647975239
6.66199302435
6.6701482494
6.68755471467
6.70630749583
6.72122986412
6.74563362122
6.80286180281
6.81690311955
6.82261999083
6.85634427723
6.86617376367
6.89435433347
6.9450632002
6.94724252825
6.9744132092
7.02865522341
7.06096888558
7.0669628369
7.07541504651
7.11239476863
7.15712799507
7.15992659563
7.20033709832
7.22937172606
7.23234512802
7.24458855736
7.25761338196
7.29074394514
7.31850581459
7.32534243538
7.36130629882
7.36615070289
7.38151618974
7.58130856708
7.6140813358
7.62685433694
7.68639570931
7.70314733659
7.741503555
7.89247033232
7.95230296404
7.99916527374
8.04500611583
8.44620036026
8.45209110073
8.51905959264
8.60757826749
8.63561724097
8.71585376163
8.78651323131
8.86613265839
8.8897629768
8.93258989028
8.95475763457
9.02405618079
9.09034803028
9.11835054044
9.15969136879
9.18999287914
9.39660815828
9.4219679535
10.3409282734
10.3802078989
10.5841861832
10.6799888044
10.7480261558
10.9413319156
11.2260080768
11.3985685457
11.5434224989
11.6402451922
11.7015611202
11.7361302555
11.8384520455
12.2300111983
12.3166852445
12.4384080813
12.7717759795
13.2686994592
13.3851351507
13.8781101145
14.0310880441
14.1881986832
14.3253073955
14.3602400684
14.9708948487
130
