6.00834712226
6.02285183847
6.03486888057
6.04914667844
6.05815315528
6.06537147598
6.06611614081
6.0739489879
6.07968830175
6.08858320041
6.09589654114
6.11013559879
6.12071020237
6.12944346503
6.13249768575
6.13966949846
6.15271195193
6.19604529929
6.20981067943
6.21497448791
6.22323337788
6.22686123508
6.23495739643
6.24030661429
6.24666687458
6.25922463244
6.27318274572
6.28031343947
6.29411587394
6.30069773111
6.56078586178
6.56385118371
6.56763807109
6.58150536549
6.58261552339
6.6169064613
6.62159900318
6.6288041848
6.6319595354
6.64730372304
6.6819197106
6.68893242889
6.77334715934
6.78569787261
6.8164141548
6.84219876631
6.87357909392
6.91164259069
6.93205398489
6.93754959241
7.08449915416
7.08847493939
7.09152167636
7.10060837066
7.1344276416
7.17040438064
7.22671860408
7.28384085869
7.34636572029
7.42651673598
7.44788789682
7.46653495968
7.51148649664
7.52394766459
7.54423732453
7.58102374458
7.60801106102
7.68222280524
7.7129362561
7.72771045545
7.73925900087
7.77159070568
10.8118131586
11.0085787622
11.1962331905
11.2085819209
11.3319356375
17.3429067036
78
