6.01449669749
6.01544275814
6.02231538167
6.02327777852
6.02765826341
6.03212033029
6.04425037467
6.04534955013
6.05222530533
6.06010099698
6.06849003758
6.07686038146
6.08249866727
6.09108666613
6.09189724818
6.10015528756
6.10310135562
6.13356548748
6.13930621675
6.150136173
6.1633795122
6.16432388578
6.1770916048
6.38095745863
6.38687749443
6.3970875874
6.40340763206
6.49575779833
6.50839810792
6.5100836022
6.53117843843
6.55305808103
6.56810243304
6.59281994818
6.59969165814
6.61682508047
6.62830233737
6.71203985523
6.74251449933
6.75981911017
6.79905910401
6.81169003681
6.87385138081
6.897183214
6.93339863989
6.95621318048
6.96770247546
6.99012926369
6.99855510568
7.00062654577
7.01665582258
7.036035073
7.04564898843
7.05894943467
7.34630689722
7.36942072484
7.41029868905
7.45068672764
7.51490101731
7.52605095241
7.55139597661
7.55517705253
7.55759678673
7.58537847182
7.61865142532
7.62931285607
7.64672671807
7.67242231264
7.69876282801
7.72553817394
7.75494839584
7.76115577217
7.79397931314
7.84442567967
7.90760155526
7.96868593321
8.0012486437
8.01917777673
8.07052271579
8.0764962687
8.18978948473
8.23420409246
8.2616071294
8.32790340896
8.37807362882
8.425009546
8.45156633707
8.51853403113
8.61924021688
8.68927365278
8.70280316204
8.75801318085
8.87270354472
8.91855538888
8.95841787342
9.02804283915
9.05292029841
9.07180636887
9.11989140817
9.21667565917
9.36114310568
9.4407009856
9.52420978554
9.61626085929
9.79945028972
9.957528835
10.0113609217
10.0555754155
10.1042080797
10.1852736668
10.3028374293
10.6843175524
10.728112677
14.5484973008
114
