6.00659626795
6.01308390834
6.03150318951
6.03430872091
6.03921958535
6.05112766096
6.05433417866
6.0726813714
6.07502021412
6.09005896247
6.09760723318
6.10124042583
6.10350855173
6.11455312718
6.12995287096
6.13945159743
6.1516380264
6.15883057704
6.17733108384
6.17830939975
6.18030232443
6.18894128775
6.196192788
6.20739641367
6.21578731466
6.21923164234
6.24287788962
6.25353154978
6.26510561912
6.26709170542
6.28076673342
6.28881599224
6.29924564575
6.30311057199
6.31767783619
6.32329752344
6.3331653767
6.35312432745
6.36263184702
6.3825034732
6.38547981409
6.41422706317
6.43033218938
6.43717094579
6.43841476683
6.45125920589
6.45507245377
6.46113826193
6.50163683206
6.52572751594
6.53713408817
6.5624437418
6.57964166957
6.59566171445
6.60020580914
6.61161157514
6.66729769776
6.86346905582
6.87294382115
6.89654013667
6.94285733834
6.96440125326
6.98860075612
7.0330574462
7.05083449975
7.09281897848
7.09469803313
7.12320585682
7.13384659213
7.14760236164
7.159530104
7.22511036759
7.38251700265
7.38508961633
7.40695017586
7.43972439833
7.46418815568
7.48695293443
7.52022946126
7.55957920653
7.56396162457
7.72821009834
7.81681406867
7.8577504757
7.88271175523
7.91196563693
7.92445583604
7.958959142
7.98279226638
8.0196638951
8.07157194746
8.12891469355
8.24272342968
8.28536517612
8.30076699626
8.32789528517
8.3608105033
8.42512610188
8.47760803716
8.57268133612
8.61484186353
8.63189428275
8.66990887413
8.77516706028
8.7830097936
8.81831664526
8.84470212508
8.95179279743
8.97943875976
9.05544889285
9.10764660961
9.12606105925
9.13555689823
9.2317506275
9.25491467043
9.32061190567
9.38309855712
9.42629093123
9.59121262663
9.60890990506
9.79951439781
9.86752727888
9.8918792555
9.9491525634
9.95433717662
10.0414223397
10.0744460339
10.0966487526
10.2316182775
10.2935862655
10.3033656907
10.3360693703
10.411537546
10.4363004245
10.4554663968
10.5483577846
10.6041143617
10.6510076218
10.7630771341
11.0307677492
11.0707861654
11.1286126176
11.1832035691
11.2287833246
11.4858962145
11.6792849197
11.8627173151
11.9975653924
12.0668054279
12.1912208626
12.2006820669
12.265298584
12.3952624978
12.4279635002
12.628189632
12.6851864066
12.7352307885
12.9227765717
13.038180645
13.418396712
13.9800969478
14.2048101025
14.2677003717
14.3782197127
14.4757235367
14.6706877206
166
