6.01827641303
6.05965982657
6.06738739845
6.07841399157
6.0887768525
6.11155645343
6.11823725661
6.12082344458
6.14859286941
6.14976447981
6.27937052051
6.29863787929
6.3102839677
6.32678745679
6.32917861709
6.36109586479
6.36926727635
6.37888291956
6.41119803872
6.42332878006
6.45388162811
6.47001333622
6.48908554676
6.49458415239
6.52450887836
6.52992547411
6.53132093922
6.54528591321
6.55373786814
6.56617729375
6.61677480857
6.63037328521
6.64493518963
6.66432693993
6.71388686317
6.722077755
6.740617047
6.76034048532
6.7881467814
6.79799980407
6.83378250756
6.85315040014
6.85499103694
6.89904699821
6.94059249339
6.96214367941
6.97805232028
7.00506584177
7.0444612985
7.05316817132
7.07709523314
7.08067506175
7.11590128867
7.17236082198
7.35191328494
7.37596403151
7.415467759
7.4440650643
7.46464977322
7.493391729
7.54072917714
7.54346459235
7.61603167085
7.66899347742
7.70885132727
7.74661202341
7.77314869613
7.80877012168
7.83659181913
7.89654059185
7.92210663789
7.97157378023
7.98852292291
8.02381960278
8.04316469322
8.09282638056
8.13880850511
8.27396389193
8.3046409355
8.4690565823
8.52462300942
8.58875916659
8.63190336962
8.64342159629
8.65570930887
8.67301782035
8.70758770051
8.75819504732
8.7954572605
8.81900362138
8.874526085
8.90769956783
8.94031446349
8.94755672533
8.95603145383
9.02670390263
9.11585442365
9.23181866387
9.28756018157
9.35256122899
9.44658222293
9.51032067862
9.57610154963
9.61265874743
9.66926636134
9.7024174022
9.8570450168
9.93115122294
10.0037001491
10.019570311
10.2318761114
10.2736647514
10.4675364819
10.5022204448
10.6901665605
10.7925110392
10.8225368458
10.8490682797
10.9433918094
11.0919696331
11.2684081449
11.4131409493
11.4903907547
11.4998418126
11.5844572089
11.7245805477
11.7963699586
11.8133040865
11.8708337625
11.9046831345
11.9945565804
12.1198681874
12.1837146828
12.2667099135
12.6751783817
13.0187623707
13.2072325496
13.4523937311
13.9005272289
14.1525697529
14.4114485963
14.7176026693
142
