6.00713511964
6.01234310013
6.02485424388
6.0269088836
6.04339692875
6.05606034303
6.06054466131
6.08460022755
6.15199866999
6.1556942371
6.15731900903
6.17070094393
6.17969296044
6.18311095409
6.18868100006
6.18948268408
6.20276194091
6.20938134557
6.22120756244
6.22229230075
6.23620805452
6.24418067999
6.26581452955
6.27852080801
6.28273930645
6.29814734252
6.33055296171
6.33151239794
6.33545081866
6.34870583229
6.34970499906
6.35546294497
6.36702858756
6.46888042508
6.50023252669
6.52325176178
6.53058482229
6.53655519441
6.57465013562
6.59388004802
6.64588249466
6.65557288315
6.66989836487
6.67575291117
6.69931481363
7.6158988093
7.64756724843
7.70850338041
7.80464521311
7.84319928431
7.85975547477
7.88496367098
7.91107892414
7.95355545425
7.97861044572
8.03848443061
8.08218791411
8.11106667568
8.14458705657
8.18705840345
8.1976480053
8.28034862901
8.36593469603
8.41199359322
8.46103745707
8.50933106289
10.5120246413
10.5949147854
10.6717377203
10.7010681239
10.812409184
10.9131145491
11.1468764595
11.1674880424
11.3427103509
11.3900016417
12.0534427537
12.2038493165
12.4690665778
12.5310461569
13.0421422735
13.108522169
13.1469924871
13.3323273784
13.5782507906
13.8056706659
17.3268852841
87
