6.00655646898
6.00846157199
6.02059614182
6.04146926358
6.05242806347
6.06411144452
6.18943562859
6.19567369594
6.19899632337
6.20652017111
6.20829845356
6.22119299099
6.22201619852
6.22425924919
6.23725743587
6.25114499195
6.26754163367
6.27246699638
6.28291147388
6.42790305966
6.44150787062
6.45093996654
6.47775881476
6.5074551161
6.52644096654
6.54510987677
6.56711461184
6.57587038372
6.59175831469
6.60261373782
6.62027940789
6.66608911082
6.7051995883
6.72278477665
6.80903820464
6.90109561471
7.07062235515
7.0946662086
7.11726799074
7.16934685752
7.18594814341
7.26585779228
7.28897430344
7.33441672773
7.35935515099
7.43497384002
7.81641786111
7.84780290423
7.8564474594
7.87304401884
7.92329774523
7.9777251207
8.05564525134
8.12670318499
9.24026092735
9.28281561351
9.36132297255
9.47394599638
9.52665129705
9.61728515862
9.65732668344
9.66983262833
9.87649109248
10.115433613
10.2407263885
10.3267894459
10.3613118942
10.3803352602
10.4561523277
10.4619250946
11.946494754
11.9560806316
12.0091997944
12.1278957037
12.2698329233
12.3487599471
12.4774547364
12.5009301698
12.6561528117
13.1279903227
13.233383971
22.6930936673
82
