6.00289092715
6.00681482979
6.03539613602
6.04830848894
6.04897805506
6.05472759992
6.06294497464
6.06368778575
6.07455740247
6.08670123471
6.09007443112
6.09833168855
6.11191919187
6.12107339595
6.15955494164
6.1678421871
6.17318680841
6.18422491691
6.19252049921
6.20019709421
6.2206814964
6.22582971326
6.2387540892
6.24260139025
6.25353168737
6.26521972267
6.26854028316
6.27259517822
6.2788467738
6.28716593847
6.30499415071
6.37316118166
6.42529414254
6.43386757104
6.44592817566
6.47800117259
6.50124926413
6.50453920894
6.50650790697
6.52265533457
6.55884642909
6.57334665183
6.59276803167
6.60770687939
6.61282847055
6.63362531992
6.63953604175
6.66135561152
6.69049461846
6.69244845001
6.69679624312
6.7118082102
6.72179635401
6.78794668763
6.79624202313
6.82001546793
6.83657163082
6.83860728636
7.03930365629
7.05279304381
7.08127264758
7.10767599815
7.1440474784
7.19901016538
7.30499023275
7.35819456381
7.39065189332
8.1281272428
8.15028148361
8.16163360952
8.21895340158
8.28673028995
8.29747569627
8.36052521045
8.37014145209
8.39088346121
8.40850098039
8.43879719303
8.49011289278
8.53307389635
8.59184148746
8.60504530321
8.6137662465
8.63933175163
8.6982517894
8.74948842503
8.75325512548
8.80752344361
8.87626883124
8.92667418121
9.35729686516
9.45520941463
9.54472099725
9.61194003883
9.63138254946
9.72396303706
9.82722887981
9.88522439012
9.92528734495
9.95010061918
10.0110750093
10.0965319053
10.1208962342
10.1878470544
10.2403388643
10.3534196705
10.4650499213
10.5923659112
10.7793040017
10.8849674795
11.0233725482
13.8122937861
13.9001458697
14.2033414536
14.3289539688
14.6863328502
116
