6.00476047491
6.06346862101
6.07383961166
6.10401759127
6.11205344804
6.12272199668
6.129507906
6.13617161784
6.13948473232
6.15157422998
6.16159850471
6.17914142492
6.1825767113
6.19582244856
6.3293329023
6.33393731032
6.34960875862
6.35200461839
6.36294266248
6.36905684832
6.38490333852
6.39029808181
6.39515675392
6.4114541021
6.42616772714
6.43969487763
6.45309121613
6.45524223362
6.45655214744
6.47486218237
6.49389925252
6.52675020438
6.53593903263
6.54845374042
6.56836270021
6.57791953279
6.59483737875
6.60953422314
6.63218434909
6.64236122999
6.64428189823
6.65954323007
6.74256788163
6.75397049014
6.76790720468
6.77565629389
6.79740692766
6.81769057185
6.83699165894
6.84327037904
6.85475867718
6.9453678252
6.96955793443
6.98138102597
6.99137953465
6.99711455168
7.00947116175
7.04269510483
7.05823125522
7.09826504977
7.13661067957
7.17312362123
7.18758254032
7.19721301492
7.19906393523
7.20102629641
7.23012032848
7.26562410658
7.30583068441
7.33503181747
7.36105801512
7.43211009498
7.50795836943
7.72214059738
7.73947272692
7.84535144663
7.86582999825
7.88179742293
7.91602195044
7.93416486595
7.97142945769
8.00660984717
8.0556681635
8.05992669983
8.07693162117
8.0886304946
8.1027100654
8.13293085548
8.17305392926
8.22793078136
8.27704000327
8.32779533991
8.37033289648
8.48775745556
8.51485099829
8.53396417474
8.64161602111
9.34648720057
9.43513793108
9.44017200985
9.48491846853
9.50085727683
9.54932099557
9.616872749
9.66881803334
9.76524130548
9.81050623464
9.85544162522
9.94002696458
10.889668017
10.9004403065
10.9907560507
11.1269095281
11.2227046674
11.246992104
11.35564938
11.4654984316
11.5287604853
11.5842270865
11.6411943235
11.7197001082
11.8564387759
11.8856146561
11.9793356242
12.1986357705
12.3596252849
12.6555550929
13.1590271329
13.2561832086
13.2944535945
13.3087189749
13.3309328717
13.4291488028
13.4835071586
13.6122707608
13.721716433
13.8328367996
15.2614634774
138
