6.00392352202
6.00787923514
6.01515918494
6.02434187095
6.02492071048
6.03527525067
6.04495747081
6.06376565268
6.09605262602
6.09688149113
6.10424469769
6.1141410123
6.12382770889
6.13460428002
6.14628002024
6.21783109765
6.23454034116
6.24300840525
6.25072313426
6.25686711425
6.27069121578
6.31943907763
6.33780321301
6.35366772101
6.37248353483
6.37948350773
6.39894942063
6.40260684131
6.41746256959
6.42322203617
6.43500477731
6.43678167412
6.46500889058
6.4746214555
6.48659096269
6.49285881182
6.4993718548
6.50147995084
6.50923959602
6.5692162314
6.58945473134
6.60419976127
6.61615691004
6.62540216632
6.62718609233
6.74920075485
6.7543172332
6.76765888964
6.79443858672
6.80777529687
7.17791023458
7.1802358843
7.2015207914
7.23302179166
7.25135379393
7.25610609511
7.28743505729
7.32256655644
7.3316908574
7.37520794782
7.37928534998
7.42008091479
7.46414519182
7.4747081911
7.49687982027
7.50257863249
7.51769293976
7.53344993768
7.58497268704
7.66298292538
7.68389008583
8.18971834249
8.21008024681
8.27223432201
8.31324965518
8.35849966274
8.37344910855
8.40608083283
8.47335645244
8.50642581858
8.57022712254
8.61358059603
8.66402663899
8.71391929395
8.74151666599
8.86780603065
8.91879437053
8.9329058061
9.23472913907
9.29007683869
10.4146445675
10.4962353499
10.5026767335
10.5116279247
10.6234247935
10.7537227921
10.8053331936
10.9462381259
11.0289113759
11.0419674874
11.0854854586
11.1762674256
11.3505125921
11.5104806722
11.5691194137
11.6529427749
11.6667325175
11.8745839644
11.9731509953
12.1232307795
12.2062279706
12.3460910567
12.4444059647
12.5579961133
12.6813516712
12.7452622072
13.0084273463
14.3073985517
14.3256508857
14.6958572436
120
