6.00401516567
6.00614006378
6.00869618894
6.02786682455
6.03599311858
6.04246252479
6.047900127
6.0511646549
6.06140928455
6.06737621346
6.07688737421
6.08502901969
6.09997857633
6.10766094693
6.11229643488
6.12055380662
6.12593053677
6.13228659443
6.139925023
6.15217065549
6.15700237612
6.16081871118
6.17047928759
6.17628170809
6.17915199188
6.18115818546
6.18816887706
6.19792070349
6.20084307939
6.20171402052
6.21971386929
6.22335268664
6.24096308722
6.24393988783
6.24521770608
6.259690049
6.27305969164
6.27696196636
6.28267426936
6.33537431317
6.34153737279
6.35421612066
6.36139716001
6.36851938917
6.37994527018
6.39120919374
6.41075480781
6.45690016893
6.46490871104
6.47549240508
6.50351902779
6.52769459409
6.54642625258
6.55551057452
6.57844448346
6.58597268319
6.60455006442
6.6065821597
6.62787275446
6.64845918304
6.65511747123
6.66676936558
6.71378963141
6.74715028745
6.75328605069
6.76710156471
6.77415763802
6.79268479715
6.79963333704
7.04753927228
7.14324294163
7.15184305061
7.16011362831
7.24880176088
7.25542515199
7.27037850095
7.29895950732
7.33013005928
7.35181662083
7.36621457923
7.39511819228
7.39754002403
7.41564133858
7.43657403125
7.46191585599
7.47490331538
7.61892402184
7.62637674778
7.66320199513
7.69048868465
7.73543603053
7.75691690557
7.80345405704
7.91766622346
7.97522676416
7.98307073357
8.00288657611
8.0469131333
8.11020553411
8.14685037739
8.18239157423
8.21430666827
8.23029747824
8.24240956085
8.26836137723
8.30888074693
8.44243868737
8.52143663651
8.55067905853
8.82587820501
8.86754103632
8.92088591167
8.93509532468
9.10818079565
9.19560584319
9.24851555553
9.26239121068
9.29177546689
9.3465628594
9.41449694262
9.71185312924
9.8223950196
10.0207507505
10.0938136843
10.1622911489
10.2625445203
10.5557483494
10.6235162588
10.6513063702
10.8343124347
10.8890386641
10.9164048363
12.0437653686
12.1387899649
12.270374769
12.3206991634
12.4184988307
13.5838364569
13.7699648882
13.7837216373
14.0513715865
14.2077547923
14.9109608241
143
