6.00595047657
6.02819323899
6.03646526398
6.03939513333
6.04832153902
6.04935047876
6.06066283049
6.07714573928
6.08482403961
6.09139641412
6.09806134177
6.09951546903
6.13048490306
6.13649897574
6.15065186355
6.15118045096
6.15989523308
6.16977311646
6.17771913599
6.18984487399
6.21493257323
6.21984701636
6.22482607576
6.23941242159
6.24343036939
6.2557635831
6.25913222274
6.27440612806
6.29845099675
6.31284367364
6.31885020604
6.40033153091
6.5523613026
6.56087898957
6.5691884984
6.58344033125
6.59581918809
6.61673370578
6.62202724528
6.62760402448
6.63893706787
6.68705320925
6.69569995315
6.71202412481
6.80357210731
6.80563789221
6.81988407452
6.84298490049
7.4783576799
7.5850188156
7.62488968206
7.64173131281
7.65203125229
7.65728618776
7.68853572701
7.71142774176
7.74885000051
7.85251399482
7.87491326889
7.91287769999
7.93984435722
7.94503558901
7.97410266553
8.1262991035
8.15739017553
8.25909333824
8.26860959195
8.44441870116
8.51859774988
8.6432142109
8.68665312564
8.74074941351
8.78171745502
8.8651991765
8.9734616273
9.09508635712
9.15048930138
9.23217109966
9.28993377394
9.36410186496
9.80165119687
9.83232060426
9.90539264738
9.98595406479
10.0768632777
10.1577173554
10.2820047026
10.340061562
10.395752893
10.4222406422
10.4763464736
10.5781751565
10.5834623539
10.8182593936
12.8304311161
12.9634149934
13.2182884296
13.537830021
13.6412039933
14.0094568171
14.0221693107
15.2660895576
102
