6.01365276186
6.03504777315
6.0438248134
6.04921555084
6.05477738641
6.06120409744
6.0620047675
6.07844940668
6.10566408282
6.12333610553
6.13252108881
6.1424159067
6.15362230639
6.16308788432
6.18553155022
6.19859416012
6.19967919854
6.20737998842
6.21229289966
6.21389061059
6.22101067018
6.24659693477
6.27335408827
6.29444752903
6.29889963464
6.30850143204
6.33317579462
6.34847868996
6.3567143618
6.36578257691
6.36874815957
6.37721966618
6.38284768527
6.39846876685
6.4065017166
6.47881582221
6.48435527537
6.49420670868
6.50497450842
6.51722834629
6.56331800823
6.58322424863
6.60755563881
6.61043686577
6.61570358021
6.62956485966
6.64480884323
6.65453210474
6.66193270344
6.66843434344
6.68953205457
6.69121885952
6.69869462476
6.71165476502
6.72330620319
6.73713898877
6.78475886802
6.80590117197
6.81885928038
6.8332447862
6.85933291894
6.87114904582
6.91079664599
7.10547757213
7.10922165134
7.15749073892
7.18982120108
7.19883606911
7.22350989422
7.25248177054
7.25536925048
7.29513547031
7.31255580814
7.56174117232
7.63975537035
7.71335726655
7.74322430579
7.76169024522
7.77525795862
7.78299944806
7.80802436013
7.87160888223
7.89420057353
7.93717617547
8.00189889734
8.02890800184
8.10607760872
8.19278731657
8.24347967256
8.27942914626
8.33900474179
8.36462964525
8.40622280973
8.4114808046
8.4474111736
8.50098817525
8.6902788895
8.7376042666
8.79793978456
8.86600835828
8.95797527034
9.13701606758
9.19429492354
9.2324842631
9.5752947916
9.79101710292
9.81168566109
9.89327784037
9.91140016845
9.97715175937
10.0449830348
10.0819073353
10.1624003143
10.2441242254
10.3009064773
10.3956789918
10.5054473059
10.5591019053
10.662009116
10.7795183592
10.8729977481
10.9226464056
11.7337118989
11.8104635273
11.9166850973
12.0530042644
12.1114146481
12.2374899287
12.2888627291
12.4394836299
12.6249113339
12.7500898477
12.876443925
12.944655707
13.0350886315
13.1012073596
13.2249908153
13.3401897918
13.5152403924
13.7561574189
14.062696685
15.868844102
142
