6.00062470186
6.01623625416
6.02468590002
6.02922829626
6.03351638139
6.04459233555
6.04650088668
6.05027286761
6.08584444902
6.0915569162
6.10096072542
6.11077478859
6.11719672843
6.12156553492
6.12510962848
6.12814756613
6.20816045502
6.22028571015
6.24096700373
6.24681244876
6.26179302302
6.29266727486
6.29442854611
6.30425542374
6.31347644747
6.3149315945
6.31971478418
6.3438408177
6.36172812924
6.37241211137
6.38245209155
6.39754745255
6.4283728446
6.44186645543
6.49890539902
6.51587086603
6.52000209807
6.5265902847
6.53883240565
6.54674695604
6.56158723186
6.56681028509
6.58228319665
6.59908438576
6.61118616765
6.64679658594
6.66023848562
6.68351831304
6.69952040486
6.71097153994
6.72249764999
6.85026671098
6.89260568069
7.14067703495
7.17116053841
7.23057406345
7.28118667188
7.28729825796
7.31830841157
7.48633054588
7.51934491642
7.60211513954
7.62649204285
7.69235018751
7.69587820937
7.75366373349
7.81216008887
7.86587709803
7.90830614784
7.93378313252
7.96675985365
8.04053817693
8.04516767279
8.07418823234
8.22318703225
8.27247399926
8.31260616783
8.32732225048
8.39827294153
8.45836827971
8.52287091879
8.56924413159
8.58912971764
8.63106371901
8.70077936415
8.75635265955
8.76599671613
8.8704522903
9.08401480697
9.12376508946
9.25311707171
9.55183716703
9.63409550189
9.64591924419
9.66795582672
9.77687159167
9.83460449793
9.86239467457
10.0680539144
10.1383242762
10.2027571518
10.274741181
10.379721185
10.451726698
10.5110009813
10.7399984291
10.7681346348
10.8580539238
10.9240798718
10.9749747193
10.9823345727
10.9931728399
11.1156512556
11.1937840161
11.3072227532
11.4722461929
11.6067514413
11.8358493281
11.8851646382
12.2571063619
12.325575874
12.6027582966
12.6727040503
12.9360407254
13.1840531861
13.2874512487
13.4933804094
13.7430177785
13.8187088232
13.9294625694
14.0391843964
14.0931654684
14.3308683615
14.5196079312
134
