6.00686375182
6.09335254517
6.10178865772
6.10711696365
6.11869972729
6.12975124655
6.14537758884
6.15054935567
6.18441071244
6.21175460037
6.27545123757
6.29451476405
6.33690646284
6.34668563643
6.35909520283
6.37383718542
6.38420095189
6.39387613087
6.42354698009
6.43224014296
6.43753169235
6.50915863411
6.51104056195
6.51215142066
6.51323553491
6.53379236582
6.55103716462
6.56244599995
6.57431339959
6.58187878125
6.60176150376
6.89112716652
6.93728452462
6.9521714997
6.97863518537
7.00146708641
7.01866476306
7.07922834931
7.10292228243
7.15169504543
7.15339070739
7.20122431036
7.22913519398
7.24335118235
7.2551303626
7.26570448724
7.31346430798
7.45358520944
8.13382214758
8.18706058913
8.23404258607
8.25031435698
8.28550498765
8.35975906902
8.58553257135
8.59526002703
10.1592340648
10.2520636938
10.4137839881
16.3039204365
60
