6.01031309252
6.02241116155
6.03377085142
6.04256514387
6.05989863403
6.06064636373
6.06403175966
6.07042927963
6.10283362075
6.13407156498
6.13731608132
6.13818472687
6.14509065485
6.15014099304
6.16198649588
6.17089105508
6.21676712123
6.22582037951
6.23302725297
6.23497432585
6.26657035082
6.29705611581
6.3134355337
6.34957279134
6.35084750504
6.35925055995
6.3676595274
6.38864132172
6.40624544961
6.41679230472
6.42285429957
6.43144205607
6.44385974783
6.4456000382
6.47396112727
6.48175685329
6.48738011155
6.48880490922
6.51146059342
6.57777826282
6.59210777416
6.60217163684
6.6052488789
6.61254575736
6.62718800472
6.65189632005
6.6859298122
6.70591565462
6.73970916207
6.7521824171
6.79344573649
6.83199083193
6.87865272167
6.89258240386
6.89794942258
6.91749957352
6.94773868296
6.98008315372
6.99180786549
7.00609463827
7.02558265095
7.05866950862
7.09650040795
7.11472847658
7.12562755114
7.1641254682
7.19613619967
7.22159014115
7.25260196133
7.27953630083
7.30840422238
7.346225742
7.40360555365
7.41578522816
7.44221494441
7.47370597143
7.50608006488
7.56856593318
7.6155883824
7.63730889296
7.64483697098
7.73976015392
7.75079057786
7.79914071987
7.83974339387
8.06833349197
8.10465905697
8.11994294856
8.17897163352
8.18406185132
8.22219108984
8.27102064626
8.29433779677
8.36707329334
8.5060377742
8.56323113746
8.60294030741
8.71027656709
8.76313325201
8.80750321144
9.00967618028
9.03812899803
9.1166762428
9.13772871871
9.17335190007
9.19558856882
9.27936860618
9.2895905296
9.33078800636
9.42104114555
9.69715066162
9.70145477852
9.72110237644
9.86001472967
10.0252678568
10.0871113363
10.3046392733
10.4932324328
10.5929193325
10.659762655
10.748681714
10.7812063549
10.8904717278
10.910369221
10.9463270884
11.0790600584
11.123340716
11.1358935146
11.1962823368
11.2245630998
11.6027052606
11.7376316771
11.8458837184
12.0443309243
12.1051821887
12.2047555341
12.2402527691
12.3476754429
12.4793280216
12.4890858573
12.6251623158
12.8369842415
12.9736858113
13.2292269871
13.315220447
13.5137668947
13.7572696606
13.9275989758
14.4167985797
14.7391508719
150
