6.01049687289
6.01986284214
6.02623615855
6.03173063897
6.03851737261
6.04633159046
6.06649695172
6.06993381213
6.07296909841
6.08485340582
6.09317777588
6.10513716761
6.11962845027
6.12751970233
6.13153117927
6.13294817404
6.13716283445
6.14758923609
6.15064038518
6.16428970776
6.17574279918
6.18285001999
6.18952767707
6.19972103251
6.21798610048
6.23631035462
6.23741122085
6.25089890386
6.27891117393
6.29554660123
6.29700561177
6.31391634091
6.31629835061
6.3312883319
6.34591264135
6.37318786326
6.37766864112
6.37969553798
6.38357793856
6.40056337368
6.41710651825
6.42630876777
6.45051420932
6.47030068599
6.47493344324
6.49403284786
6.51474938238
6.518095852
6.53356518044
6.55019900184
6.55643012051
6.63717485148
6.65209924964
6.68153899301
6.69927260148
6.71485123086
6.75152523128
6.76781708227
6.78391646173
6.7946921798
6.81457465306
6.81823922307
6.85027305938
6.86245458783
6.87915639298
6.88102467591
6.94413571975
6.96789099368
7.00311165047
7.04974647089
7.07465439406
7.08267769853
7.21171849808
7.24560601168
7.28519171283
7.3410071313
7.388351927
7.39074613316
7.39424676962
7.44039097681
7.48193316045
7.5178278469
7.74174909936
8.0808356364
8.15304466976
8.19121400613
8.20288651012
8.22421547013
8.28392306926
8.36162613559
8.43151844357
8.49056465845
8.53913023979
8.54692632216
8.57200562892
8.61407181416
8.69841237769
8.77661040882
8.80597069347
8.86601502875
8.87577764965
8.94366295054
9.05193628911
9.19013253917
9.28894309895
9.30972164745
9.3736387528
9.42042118447
9.43315572947
9.4526126611
9.50322243812
9.5245077573
9.53661491541
9.70072520554
9.76406999385
9.85133547049
9.92752369571
11.8977098182
11.9097801164
11.9785748684
12.1607391714
12.2471177784
12.7263553017
12.8957865199
13.115079485
13.3148495123
13.3389922565
13.4915715612
13.5719116714
13.6248542084
13.9145706829
14.0564133427
14.1779412826
14.215815732
14.5024031595
135
