6.02099911917
6.03768772626
6.04848694764
6.07610366403
6.08252792174
6.09530576016
6.10002188429
6.10077409359
6.10705248116
6.11564687114
6.13516598429
6.172157397
6.17421459623
6.2071929908
6.21146277142
6.22988130096
6.23071044185
6.23452792165
6.24496957406
6.26629596161
6.40443170219
6.43359770735
6.45556369601
6.4566383454
6.46832476084
6.54041566356
6.54258938191
6.55245806798
6.56077497752
6.6134481504
6.62935690802
6.63439093418
6.64403409638
6.65160952723
6.65347903499
6.66834357079
6.68400320034
6.70052113697
6.71858157788
6.77326243251
6.79832021634
6.80483797041
6.82512654629
6.84254742946
6.93224166914
7.2650488944
7.59934346913
7.61256583148
7.62985141225
7.8530367094
7.92725998078
7.95026411258
7.98486964797
7.99424940789
8.02586561724
8.06394659878
8.08073777292
8.14226052768
8.1581746893
8.2024566066
8.25861596569
8.27655394765
8.31273095296
9.18006863331
9.25723468304
9.37136452946
9.3989385855
9.42786067571
9.55048192221
9.59899595677
9.62539776516
9.6327940591
9.6752957729
9.8050002382
11.262552538
11.2690251525
11.400218765
11.4524907722
11.6833241382
11.8026891573
11.8761299011
12.3693589705
12.5961293178
13.9494938547
14.2008372457
14.4957485114
14.8034188576
87
