6.02250144924
6.02441204686
6.03002855601
6.03713521665
6.09899416952
6.10448617646
6.11352788325
6.15102684277
6.15178244158
6.16131801355
6.17103452666
6.17502331402
6.18641376431
6.1960897706
6.20391077407
6.27813465285
6.29596930878
6.30002002879
6.30857939292
6.31255216005
6.32785549891
6.33516774191
6.36738157169
6.37250103021
6.3787294786
6.40889720052
6.43569242518
6.4370368089
6.44789653514
6.4577623308
6.46545468943
6.56720044382
6.57662836326
6.58928537368
6.61738598341
6.63898961605
6.64407209909
6.66554053675
6.67092867273
6.68321977432
6.69738107906
6.72036614141
6.73719039208
6.75461592268
6.79277453028
6.80782878419
6.8228431648
6.84192262462
6.86250811523
6.86698557887
6.89185490869
6.95603368907
6.97825287573
7.00342745944
7.06247355261
7.10365369022
7.12305143472
7.15443790136
7.20624889134
7.30739171482
7.34917711403
7.38307012337
7.41727730092
7.44524730252
7.47512726022
7.50743401797
7.53195006126
7.54546838669
7.63810341886
7.70668704692
7.79403197621
7.83278842111
8.01283033394
8.03852895197
8.07438107428
8.11714335842
8.17381527071
8.24873531508
8.34363423005
8.36136091031
8.414522149
8.43365794159
8.45237555092
8.46368872736
8.58180658813
8.60792827031
8.63912414836
8.73945709368
8.79308880505
8.85774649632
8.868360416
8.91682890513
8.92393574731
8.98783856184
9.01220584233
13.8573169937
13.9454285379
14.1112308142
14.645697753
99
