6.03560187101
6.03808552774
6.04417316439
6.05120176519
6.07130325944
6.08322195386
6.08425447432
6.09280246378
6.11198648771
6.1309649306
6.15624199685
6.16088971312
6.17326153138
6.18297215723
6.20227389963
6.20762567865
6.23614473787
6.25007578232
6.25603772757
6.26733568643
6.31282005407
6.3290645856
6.36121618105
6.37056102001
6.6462129475
6.65708703447
6.65914390926
6.67690480175
6.69908984217
6.70965152912
6.72717972364
6.73386019829
6.74889800864
6.75327349469
6.78241764109
6.79422964318
6.79830306552
6.80481282902
6.82089862195
6.82992148054
6.8385559128
6.84547869679
6.90134085965
6.91304118822
6.94714327612
6.96670754437
6.99655933939
7.04006144356
7.05410605296
7.07457050176
7.0848801386
7.1023240003
7.12686971266
7.15067331526
7.37498149171
7.41446043673
7.4567725542
7.48473280176
7.58363662205
7.59748133724
7.62168636267
7.73215399088
7.83309747768
7.86367628136
7.89291983179
7.91196180087
7.98142257446
8.0200599943
8.06090060073
8.08974771073
8.11627488538
8.13266888808
8.16902757197
8.24305272719
8.27562562946
8.35465919783
8.37149460164
8.39205144001
8.44521598462
8.50521070089
8.52668135718
8.57473271503
8.62901514985
8.77075783745
8.91298498101
8.96342311172
8.98648915334
9.05086840165
9.19377005744
9.28969835056
9.38151171703
9.45132536435
9.49460428517
9.59074807763
9.75744503412
10.1367957025
10.784969714
10.8700708205
10.9152916663
10.997709862
11.0638376978
11.1827578799
11.3910753935
11.5361608524
11.8568426608
12.1290200623
12.3517838761
12.4631098007
26.8413065093
109
