6.00400115574
6.00663766131
6.01327911576
6.02132207275
6.03233929519
6.03791896939
6.07107469207
6.07623411014
6.08677307292
6.10082690744
6.11145236054
6.11364862782
6.12649777663
6.13911294816
6.13983701287
6.14315553735
6.1541633005
6.16277101578
6.16828841792
6.17768506659
6.1786242875
6.18574387841
6.29537031892
6.30360453135
6.31222787124
6.3440709334
6.35830100351
6.37342318084
6.37952834123
6.38398782035
6.41021304271
6.41152656496
6.4447058528
6.46944337893
6.4811994695
6.49637775498
6.50727254443
6.5145892411
6.53001574268
6.54705300342
6.56189548296
6.56556048184
6.57635452226
6.58319263116
6.59161382266
6.59637084823
6.60900539621
6.61599341781
6.62141177051
6.68356176818
6.70426570811
6.7266905619
6.74076290922
6.75757411118
6.78516873072
6.80789081773
6.85614001048
6.87092483497
6.89115356728
6.90167538771
7.16182994109
7.1955099069
7.2435491884
7.24670482434
7.28616103062
7.328388741
7.34626382187
7.36417391986
7.46788218548
7.4937070499
7.57073919779
7.58883053195
7.62432900103
7.69250380788
7.76057041053
7.78033661378
7.81360305464
7.82287907595
7.82757461033
7.83470071298
8.1961907924
8.20810976944
8.70664888626
8.77712191606
8.78147797793
8.87996555064
8.96010878936
8.98510773786
9.07478798889
9.50325420398
9.56946146484
9.61375403531
9.68857924299
9.71952725504
9.87843186132
9.89918772459
9.96308225022
9.98446717636
10.0487048469
10.0976332032
10.1703073343
10.2168347113
10.2784648818
10.3514942249
10.455853986
10.5487347559
10.5848212772
10.6387551189
10.7454381917
10.8026738958
10.9033128322
10.9869575257
11.1766502281
11.589102329
11.7074135674
11.7898974921
11.9023356107
12.1154482285
12.3025501795
12.4141333461
12.6350420393
12.9065002212
12.9779269763
13.2013286587
13.3724892651
13.4278927554
13.503611928
13.5704147888
13.6069248245
13.79037865
13.9630168461
14.1094874459
14.4198769435
14.4995865324
14.9038149696
135
