6.00596074256
6.01454942731
6.0164753482
6.20582677801
6.21781388635
6.22231100073
6.22340192032
6.25141844714
6.277568763
6.28574040897
6.28844825451
6.28952092284
6.29586193331
6.30054217508
6.303753859
6.31383413816
6.32532800374
6.33386758532
6.34049178438
6.35288732689
6.39212252
6.40475408649
6.43190621317
6.44194556978
6.45436991195
6.484629071
6.68273954927
6.7034586884
6.71482694492
6.72099950486
6.73865718675
6.74651336288
6.78910362266
6.79574275951
6.94623905986
6.97101728777
6.98423919201
7.01364604202
7.09986671995
7.12556350478
7.1569348663
7.1878883186
7.19797530139
7.26222162552
7.30139552436
7.69073274427
7.75425234673
7.81239555022
7.88323507805
7.9168662759
7.9553600854
7.99942834328
8.00741354907
8.05271029928
8.11015185385
8.14049128786
8.16565837013
8.23654425768
8.26658883242
8.35672749816
8.41625613087
8.46076082056
8.54086883023
8.55852723586
8.59663786606
8.65348757098
8.69132014575
8.74966032444
8.76756330059
8.78030393866
8.82587695012
8.88994591595
8.99056290442
9.0226079159
9.09189664702
9.14603645302
9.17113820647
9.18929345434
9.22342101188
9.25929019747
9.54485732826
9.5844111513
9.66735908693
9.73887080434
9.82282352077
9.86997486886
9.88420396326
9.93228563735
10.3319784275
10.4804265482
10.5431412303
10.8190170954
10.9684690712
11.0384258555
11.0500613377
11.4115802536
11.4193638502
11.5429113744
11.5963828964
11.6571339333
11.7895508336
11.9260677159
11.9897314897
12.0167007275
12.2592646444
12.2731818054
12.4241602556
12.6258151235
12.7374146228
13.1638878419
13.3720994304
13.4858085244
13.8451547327
13.9932867573
14.1715325484
14.4016042106
14.8537992498
117
