6.0121710853
6.01750359004
6.03617455745
6.04605202252
6.05846417425
6.07646938992
6.08304448242
6.16045472944
6.17421276603
6.21278477166
6.27266161373
6.2827217884
6.29002577726
6.30346009222
6.31897177291
6.32249663595
6.33412847028
6.3697926968
6.37332772619
6.38844933468
6.39635682016
6.41241367972
6.45847103294
6.45960550682
6.46639865743
6.47796879148
6.89739985799
6.98328190709
6.99198397896
7.02107615877
7.0918590811
7.09654176248
7.10802370574
7.15467846977
7.16454290745
7.17947720996
7.19407555445
7.2243187281
7.2954366208
7.31288396986
7.3168234474
7.33287756629
7.38879662767
7.41927234012
7.429771592
16.3800485491
46
