6.013192589
6.01697996975
6.02105561925
6.02474128297
6.05106066789
6.06142198744
6.06914650159
6.07410147473
6.08854452987
6.0942129893
6.10192227229
6.11294168924
6.1230338956
6.12554697801
6.13774966542
6.13863148102
6.14751185316
6.15870555056
6.16434443971
6.17498475957
6.17567549502
6.18948277819
6.1975429248
6.20746731709
6.21866847762
6.24218718306
6.24829774057
6.25878370387
6.26345567528
6.27663354209
6.28844698601
6.29811733987
6.31825152976
6.33439221073
6.33650875555
6.35869829911
6.37842628753
6.39318361988
6.42077513272
6.42657932084
6.58494962197
6.58767163347
6.62839520058
6.64229003821
6.65838696871
6.68303049958
6.69964272186
6.70382764966
6.72623234797
6.76367877194
6.77582556506
6.80808150401
6.83380661308
6.85338433012
6.86933026765
6.89785354547
9.61413465561
9.71652214305
9.79050757537
9.93068711947
10.0045198612
10.0513310612
10.1813848937
10.7729467419
10.8630906684
10.9533697438
10.9633525721
11.2448211557
11.265091743
11.3169925337
11.3240432594
11.3312083233
11.4001494924
11.4156503026
11.5385212129
11.6337591989
11.8053220123
11.8903760668
11.9671036503
12.2232615309
12.3164319012
12.5114637125
12.6688972215
12.8121815236
12.90204922
12.919033348
12.9882244486
13.0714485008
13.307620141
13.5505426678
13.691177152
13.9691320708
14.2161263548
14.3186929757
14.6024103782
95
