6.00602945543
6.03993533722
6.04331695602
6.05161443004
6.05603694859
6.06405968729
6.06943100234
6.07104265413
6.08200096612
6.08473831202
6.09336424303
6.09908048652
6.11054526881
6.11768741902
6.12607313751
6.13391304736
6.13954517405
6.16077455249
6.16484715794
6.16617802634
6.16943568614
6.17661446809
6.18375663887
6.19705056202
6.21862205493
6.23334932317
6.24921825845
6.26390258915
6.27252635064
6.28111257935
6.28327386105
6.29630734115
6.31353871679
6.3280286026
6.33256556971
6.33761978561
6.34627897759
6.34852368325
6.45968407751
6.47052749624
6.47669889339
6.47774710333
6.4805415763
6.48246747899
6.51136754343
6.52938626599
6.54394619917
6.55546739581
6.57150201066
6.59367031794
6.66176277905
6.67088429847
6.68948887725
6.69319268046
6.90135154875
6.91414042037
6.9507708854
6.95241597787
7.09999084552
7.11302366358
7.13887934983
7.22451915233
7.22700715614
7.24377718336
7.26605374395
7.31383526108
7.35498398189
7.39066244703
7.40455608205
7.41901002261
7.443939919
7.48846316771
7.50825955311
7.53511208309
7.6303889552
7.65398059016
7.79547083505
7.81178422217
7.83230706775
7.88953390507
7.95081452244
8.07157898074
8.11995892603
8.31697778426
8.36598745944
8.46560832814
8.54013896266
8.86562656326
8.94882823407
9.08044512924
9.14509299869
9.14927841659
10.7512107751
10.7570049497
10.8506670611
10.891524097
10.9625608528
11.1722575945
11.3141905052
11.3424662437
11.4278703006
11.7510467843
11.7727643084
11.8622305967
12.0013279216
12.1771511445
12.1855158366
16.5853549652
108
