6.01402406479
6.09429431265
6.10125977567
6.10977129294
6.11809711814
6.13139534078
6.13892646075
6.14869689951
6.15605359682
6.16792436621
6.17362620813
6.18661651431
6.19102752882
6.20735499498
6.21341961793
6.22335822771
6.64113553719
6.6688748496
6.67077114898
6.67205132709
6.68427116617
6.71208792554
6.7200186273
6.83048552697
6.86184471039
6.88166755753
6.90476659483
6.94781103571
6.97194808279
6.9867700992
7.00072262426
7.01666620413
7.04868825593
7.07145066993
7.08795638457
7.10538003038
7.12633504474
7.23364687971
7.37510071555
7.40019402847
7.453928637
7.5187494898
7.58651046784
7.6479215986
7.67091725061
7.72587775485
7.73035426303
7.75243112092
7.831615344
7.85205394464
7.91014481545
7.92564829352
7.95872966869
8.02709909803
8.04541168018
8.07329381706
8.11495380255
8.14515497757
8.26449173172
8.34665641195
8.36986962572
8.44686035521
8.49710878407
8.60357250858
8.67194441855
8.69537140839
8.72635026215
8.96693655479
9.05018146784
9.12935377862
9.17053518854
9.27866814841
9.33084432737
9.39267220888
9.49100703106
9.49759188352
9.54254707619
9.57407413089
9.59721027284
9.65597547113
9.73197946984
9.76682404984
9.86337008125
11.4638660284
11.640952595
11.7089045965
11.7175230742
11.8149802685
11.9313976538
12.0392404434
12.0466150367
12.1270823099
12.2721772168
12.5049471462
12.7073878543
12.8373048704
13.1178137287
13.1775856193
13.2915913163
13.4169671943
13.4483639098
13.7144591112
13.7933946916
14.7705039246
104
