6.0064178724
6.01432851756
6.02235039157
6.07793127714
6.10555206929
6.10677552856
6.1171589228
6.12044257295
6.1305949193
6.1334561657
6.13401451821
6.13918823921
6.14141068888
6.14522113873
6.16810473839
6.18160661887
6.18785815458
6.19767777651
6.22890480533
6.24659488085
6.25365988166
6.25578465659
6.26233826952
6.27526489314
6.30408241591
6.3172744388
6.35505750907
6.43132356912
6.45467939486
6.47702815501
6.50225686267
6.51040954183
6.56689831348
6.60807704229
6.61429556743
6.64036055899
6.65009989773
6.66056759995
10.9678899232
11.1318341171
11.1945860457
11.2959355482
11.3829028405
11.4755013212
11.6243084553
11.8098837924
11.9660562288
11.9762019167
12.0326257478
12.2076437186
12.3772030155
12.5032658827
12.5985746948
12.6212783448
12.652641724
12.7908636328
12.9702368176
13.1029221482
13.1838300691
13.3710627508
13.4906985767
13.7907053068
13.869949943
13.957998607
14.2570866756
14.336962981
14.5240963027
67
