6.00783703387
6.01198452953
6.01718789159
6.02277812093
6.03301361955
6.03408120435
6.03699050096
6.05458352298
6.06397844051
6.07999855515
6.09469481641
6.11027755369
6.11784895536
6.12869135301
6.13308581174
6.17740141224
6.17928808065
6.18442320295
6.26028017562
6.28258870311
6.29980517895
6.30586094264
6.31163258736
6.32512318002
6.33214832674
6.3554132615
6.38835818164
6.40197418198
6.40384504509
6.41214907452
6.42698698059
6.42876400704
6.43624395143
6.44245316046
6.45273848575
6.48709910087
6.49159960125
6.50237581
6.53496958254
6.54302412445
6.54941740214
6.56066644908
6.57292979039
6.59775604214
6.60984133323
6.64554520202
6.68788328559
6.71269809142
6.72025084336
6.74288755602
6.74679075912
6.74813770482
6.77678144928
6.81001077981
7.21467680929
7.24982001837
7.32553204191
7.38890054388
7.40324985145
7.4893365577
7.50365405715
7.54935331255
7.60674168105
7.64507684132
7.69427450456
7.72218319375
7.74157574756
7.74630591163
7.77402812534
7.89471207112
7.94632193173
7.98852403235
8.03639983341
8.09974327988
8.13261658694
8.16786334309
8.33482016383
8.40672023996
8.54941780643
8.62504501846
8.68080208426
8.77149542101
8.80281481147
8.8239260796
8.87289139127
9.00837178129
9.01863517405
9.09069832056
9.11291635971
9.14290724895
9.18386542425
9.21020109079
9.21700474488
9.2224856855
9.4197023136
9.45952583951
9.50688949152
9.56570634465
9.65884143542
9.74531265397
9.85682991049
10.1627096963
10.2702286094
10.2793555436
10.3262440913
22.1186915266
106
