6.00170906494
6.01381332182
6.02060137797
6.03049634002
6.03324911842
6.04051056594
6.04118444715
6.04775708503
6.05381143256
6.05707370505
6.06242943296
6.06317007586
6.06676609557
6.06887375783
6.09375991135
6.09931785991
6.10249157434
6.11306267477
6.11516929877
6.12843949089
6.14134922381
6.14912759602
6.15079977047
6.15757675869
6.19729045848
6.20868931352
6.21487898574
6.2203472536
6.22705746855
6.2425871326
6.24567165032
6.26165361323
6.26937790107
6.27921796804
6.28651956197
6.29483139746
6.29572465079
6.30685650745
6.3166239353
6.32508829677
6.32857248279
6.33360789021
6.34518069984
6.37539077005
6.38584821172
6.4116985527
6.41959150814
6.42806577736
6.46439923004
6.47161170489
6.47275640978
6.48246591686
6.50170157978
6.52384626504
6.541077105
6.76249727526
6.78475931687
6.8128380497
6.85042324633
6.86420669114
6.87238186602
6.89056461711
6.90748987226
6.92864408072
6.94410210343
6.96136447137
6.96876893166
6.97775409565
7.01676171679
7.04053840417
7.04287526622
7.04573353389
7.06661570584
7.08814043008
7.1459661668
7.16655442954
7.1904165084
7.22886195279
7.23250613023
7.27185828486
7.31323705196
7.36169600473
7.44341101427
7.48774942022
7.53198648173
7.55325515892
7.56246296873
7.85156623923
7.87027350517
7.89422869489
7.9527212744
7.99801162238
8.0729222076
8.09525523441
8.10836871491
8.13611671231
8.14508265609
8.1679900036
8.19238152302
8.22478621059
8.26496933334
8.29478304195
8.3552334053
8.37303084191
8.41379573402
8.4469686832
8.47127406304
8.94498191944
9.08276115231
9.10450768743
9.19714678469
9.25434996443
9.33360516569
9.36852926146
9.41888598136
9.5603425542
9.62308273769
9.63435608287
9.74982519575
9.86654086748
9.962275319
10.2072330408
10.2656053327
10.281429466
10.3681708108
10.4467679653
10.5424400289
10.5917720843
10.6275750319
10.6583585043
10.797703459
10.9266127018
10.9931548162
11.1041407746
11.2704138115
11.2990165778
11.4412453539
11.5590202108
11.747759518
11.8667040789
11.9396862173
11.9899111601
12.1338494498
12.3072653942
12.6436578943
12.6976580043
12.9947390842
13.0415602423
13.092625312
13.1696412967
13.286563456
13.493025593
13.5149330694
13.9589268998
14.0011105016
14.244258121
14.5935584861
157
