6.01005722176
6.03177495121
6.03923812956
6.0638151292
6.06626516097
6.11332295639
6.11992899155
6.12067498447
6.12449846976
6.13062556994
6.14134090219
6.15299071731
6.16964679461
6.17336393145
6.1914529301
6.20545516927
6.24764378124
6.26810742001
6.28133347344
6.2887569376
6.29381890338
6.32344435278
6.32863560507
6.34267794734
6.42280181268
6.43331906517
6.45296128656
6.46413211361
6.47449724903
6.48076069933
6.51735739487
6.55395931088
6.57340905589
6.57676047066
6.59146586926
6.62343259656
6.63642010224
6.65512977642
6.67317996843
6.6812712892
6.70432736105
6.72523619456
6.73856376427
6.75051873122
6.75584125713
6.78662155089
6.80954356839
6.812133096
6.84681733851
6.86519480006
6.90041108152
6.90193561576
6.91197197864
6.94186499382
6.95038324403
6.95463429524
6.98113012019
7.02251009954
7.04628124085
7.06804105967
7.10850081707
7.15443060318
7.19250590304
7.24471004459
7.28916653122
7.29588601591
7.35717432842
7.40295391321
7.42229477738
7.53651715737
7.54845839511
7.5620807053
7.58459921075
7.6116533341
7.68372849996
7.86179540751
7.91886529907
7.96612716904
8.02383323422
8.08198769656
8.11730063335
8.12936630139
8.16013450756
8.19554117472
8.26106646328
8.29596555231
8.32625593259
8.37660957907
8.43028386046
8.48118800392
8.52620838121
8.54865606583
8.60640610977
8.66407165994
8.89630482928
8.98667382922
9.02729642435
9.1361931994
9.20270147477
9.23898745213
9.26242138387
9.33370789542
9.41150341384
9.41887004444
9.56895558501
9.63021704517
9.66441647767
9.72981282811
10.0828951402
10.0889213716
10.1670154549
10.2269902498
10.265759418
10.314685131
10.6395356764
10.7115775441
10.7500931009
10.9223745535
11.0438626406
11.0621068831
11.1999174625
11.2176440065
11.3606211735
11.4436534419
11.4702261971
11.5331371101
11.6750937282
12.1457736353
12.3459879118
12.4871946673
12.6000714407
12.6158633815
12.6848374984
12.7972466033
12.8481484379
13.220829813
13.4429706838
13.5621957543
13.7055013021
14.0978916221
14.3396575585
15.7405238801
142
