6.00881478584
6.01780161148
6.02881488883
6.04104157161
6.04487744147
6.05950133179
6.06065466286
6.07556540915
6.08783879724
6.09406974389
6.10169054927
6.12099894474
6.1531522337
6.16839083384
6.17040986664
6.18979295831
6.19801482267
6.20143017844
6.20619435445
6.21709579434
6.22281562278
6.23058894227
6.24053565817
6.24767598297
6.27631466634
6.28136874393
6.30275518035
6.31248268604
6.31322208246
6.32351265881
6.32885803737
6.33613343469
6.34933282705
6.36812102818
6.37672754622
6.3776605093
6.38491341944
6.40097119337
6.4076848099
8.03629988479
8.07038003105
8.09800248988
8.10115689502
8.12852408611
8.13947231099
8.15952492626
8.29961016681
8.3756494504
11.71481404
11.7880476301
11.804675835
11.8669723441
11.9054320798
11.9921403845
12.059294388
12.1126790322
12.1656399353
12.2539912614
12.4348953157
12.5692630702
12.7902805063
13.0042115187
13.0928580258
13.1038106557
13.1961766913
13.4572811524
13.6681168993
13.824589633
14.0159426675
14.3237967185
14.4140401978
14.676542598
72
