6.00093948643
6.00351829804
6.00666925167
6.01262084941
6.02064072486
6.03792532595
6.04969879607
6.05744282167
6.06341386432
6.06472058189
6.07581930911
6.08022372472
6.08141300238
6.09840222004
6.13315706614
6.15479205287
6.17732897171
6.18405505515
6.22662589322
6.25747936325
6.2593941281
6.27745745712
6.28103266085
6.28770627152
6.30026367489
6.30859312852
6.31728969181
6.32134324564
6.32699912219
6.32873262579
6.33620893221
6.35589985485
6.36615231877
6.38197283692
6.39752532806
6.43711776343
6.43870448896
6.45039737773
6.46568926133
6.46811054407
6.48815654625
6.49789301795
6.51776581421
6.60632322085
6.67507392991
6.68426760438
6.6980505047
6.72711416681
6.7395075302
6.74856990538
6.78264747531
6.8006213707
6.81306467976
13.2003290618
13.3090011676
13.5398866633
13.859870614
14.0346963789
14.2484855469
14.3699455831
14.6623967982
61
