6.00482512558
6.01531759275
6.02525571464
6.03028542145
6.04227960978
6.06184866425
6.06944148284
6.07020715456
6.08138877742
6.09898471936
6.09999134868
6.19701346958
6.83000522916
6.86251107732
6.86912212186
6.89995823344
6.91445038842
7.02726439367
7.10415997063
7.13265223831
7.15897088949
7.19759161982
7.42079479537
7.48813163633
7.54170771546
7.59128942435
7.61211077575
7.64816110999
7.69549225268
7.79982276381
7.83010143791
7.83749115307
7.8532313109
7.91273335646
7.96693964538
8.00681358729
8.1006554717
8.13098712136
8.15293713024
8.16006531773
8.17981298792
8.22300195551
8.22686644861
8.25194833471
8.25595465172
8.31184607637
8.37512182201
8.4106227513
8.42052080259
8.4458857518
8.49098072328
8.52467200725
8.55167840201
8.57741860887
8.59425303524
8.86598859658
8.92206821877
9.00605677956
9.07817223485
9.17241392201
9.26385166489
9.49512868892
9.54107779393
9.55863304529
9.56583389807
9.63059556857
9.68236055775
9.91001250462
9.96701682256
10.0131748205
10.1186272887
10.1584992155
10.2077745372
10.2127429869
10.2420411542
10.3252271162
10.3622571031
10.4860430727
10.5455433224
10.5630374064
10.631503578
10.7520723718
10.9310713176
11.0210875869
11.0693910622
11.1081105399
11.1390298641
11.16693728
11.2876728411
11.3601970888
12.0168048702
12.1029652046
12.2709649378
12.3627971247
12.478390639
12.6849449098
13.032082524
13.2891727963
13.4407633314
13.7066248341
13.7961679205
14.1069977208
14.3999650537
14.6471422907
104
