6.0021449491
6.00582875633
6.01385013619
6.01922478807
6.01976091878
6.02450573109
6.02772272596
6.03284513639
6.04000829973
6.04610039122
6.05027063969
6.05795460991
6.05942292617
6.06328045191
6.07414303891
6.08593089017
6.10267328824
6.11528443288
6.12093840162
6.12502524976
6.13114102161
6.13828863746
6.14556466652
6.15233210481
6.16198256842
6.18286967657
6.19129505943
6.19801364846
6.19958629743
6.20413030771
6.20985569113
6.21201994414
6.2152170623
6.24398493949
6.26117088083
6.27079182165
6.28001724523
6.28077307111
6.30111565551
6.3135309046
6.31455283281
6.31662812127
6.33111047718
6.34684885916
6.35636013932
6.36867190058
6.39351238764
6.41440928811
6.43063882008
6.43197187328
6.43388976014
6.44664260685
6.46250576691
6.49395087431
6.52094119293
6.55088303933
6.56192604868
6.57879271222
6.61176202256
6.62448824312
6.64295259859
6.64689962639
6.65086814059
6.67967457153
6.69742968316
6.73881726028
6.76799251297
6.82200811311
6.88801211655
6.94109793098
6.97742150253
7.01571018239
7.03527299155
7.06727898314
7.09516860327
7.10864077076
7.13795484607
7.15335926199
7.15955296572
7.17413211902
7.242611973
7.26692596198
7.2845980222
7.31668360118
7.39243410429
7.41289028396
7.42612735836
7.46324279379
7.46995476925
7.47536759825
7.51485612027
7.53118454294
7.55183629325
7.5682265794
7.58136490982
7.63486560319
7.67110707427
7.6938102446
7.70561606548
7.77195247249
7.79398874768
7.81238607496
7.83164948554
7.87443040005
7.9141390221
7.95475128671
7.96812918702
8.02687688741
8.27127836626
8.5289865755
8.58609378882
8.59080294847
8.63229820952
8.74941635507
8.79295867723
8.79684364809
8.83065772246
8.8769655235
8.89305244505
8.9224888548
8.94394476422
9.14446948873
9.14925122613
9.21205463852
9.33208357878
9.36826377242
10.1783820666
10.2372338618
10.3074879591
10.3623804257
10.4040273188
10.5257857133
10.7025627766
10.7610351253
10.8696749441
10.946799425
11.1301746218
11.147027848
11.2738925766
11.3996117607
11.4862309052
11.6112700043
11.7687221402
11.923338144
11.9621841451
12.0519611832
12.1014988081
12.2804836258
12.2913810926
12.4355946196
12.5545358989
12.6483463322
13.0426498515
13.1202197277
13.2906794679
13.4057146648
13.5830472693
13.6271679764
13.730291799
13.8922821993
14.1448092168
14.5670526245
162
