6.00700465497
6.00869100146
6.00953535997
6.01464272722
6.0179087663
6.03388309078
6.0402771016
6.04703520296
6.05633267466
6.0640464449
6.06532935296
6.06877330583
6.08326311189
6.08700139328
6.18342209222
6.18608175143
6.19206429397
6.19362091471
6.20412976442
6.20495376812
6.20731202746
6.21927952399
6.23717734114
6.26731337699
6.27251310415
6.28052041317
6.2993725073
6.30676426448
6.31319236169
6.31857699326
6.32386603327
6.33643733355
6.34538285085
6.37160485264
6.37502903542
6.39555561415
6.40293710089
6.40618501506
6.41845354674
6.42686569001
6.45269796929
6.45631958947
6.46665334495
6.49173633482
6.50498082142
6.51040213004
6.57928691111
6.60595347003
6.62238227171
6.62826259345
6.71165284269
6.72915803159
6.74848704082
6.75661681598
6.77631449403
7.06406031887
7.07323822263
7.08393346595
7.08544193052
7.1220584742
7.13708157255
7.1643245522
7.1941406471
7.21911661674
7.24913454206
7.26315465509
7.28410653845
7.29887315853
7.31089096863
7.34156976853
7.3657650816
7.39285067339
7.41227008101
7.46755828973
7.48380848212
7.53507302041
7.56678355032
7.60091211048
7.63976111738
7.6827467904
7.70255170648
7.72213975494
7.74712425923
7.77332702831
7.81995267205
7.82838401492
7.93396795979
8.02272910393
8.07318114206
8.11274322574
8.16890211771
8.1972447453
8.21658306726
8.23912410454
8.24490071704
8.2616492485
8.35201485056
8.36491287843
9.009894646
9.04603726699
9.08061226029
9.12470143316
10.192762521
14.24711319
14.4510472162
15.0176372941
106
