6.01195197766
6.01598536009
6.0545521918
6.06621314541
6.07075633836
6.07196972133
6.07353461302
6.08404338391
6.09667077674
6.10058904692
6.11325359843
6.11670796093
6.12780021873
6.20159527858
6.22434478104
6.24010167776
6.26500699854
6.27269101046
6.27431060347
6.29022573391
6.30007574029
6.32161459728
6.33810425101
6.35361959819
6.37071629358
6.4000667638
6.40653396983
6.41429674191
6.44859033865
6.51338038233
6.52423802783
6.54577025791
6.55485445009
6.58958182239
6.59580387537
6.61732484214
6.64870615277
6.66913654177
6.69149873331
6.69380589232
6.71715461127
6.73972504401
6.77837646227
6.80137200973
6.81496972854
6.86720770094
6.95635370386
6.96678576108
6.99388948251
7.24423628918
7.30145358115
7.59672928038
7.65690445989
7.68565885361
7.69810754818
7.93737121079
8.11733556346
8.12292490605
10.7121334555
10.7895669679
10.8832463585
10.9633479716
11.1629781583
11.1738970826
11.1883081074
11.3058944488
11.3302687249
11.7733992426
11.9428623935
12.047082411
12.1228805217
12.4330940933
12.6399363293
12.9977287646
13.1106980688
13.2568667493
13.4607731833
13.6308172728
14.1427638002
14.2384403404
14.5154722503
81
