6.0046256324
6.01043200411
6.01623313981
6.02245093695
6.02993762754
6.18256910124
6.19381347709
6.20101762579
6.27109382773
6.29845370639
6.30848124476
6.31285397677
6.35259951261
6.36566826871
6.3730824297
6.3846963851
6.39526563673
6.4116334106
6.41752311129
6.44367700023
6.4524416363
6.48815308201
6.51942941056
6.52746303103
6.54622594615
6.55700994773
6.57822633608
6.59730248468
6.63425990783
6.64413283623
6.68334289198
6.68912081825
6.70398402026
7.21531215665
7.24767168176
7.2572082435
7.26403608433
7.28116375886
7.29309934549
7.31697750056
7.33829199886
7.35259478723
7.35873641755
7.36117492522
7.40924123049
7.42677806135
7.47563326579
7.53769259799
7.57711891987
7.60968241121
7.61211812306
7.64199926737
7.72672526416
7.76668630767
7.81134923344
7.84333461478
7.88836716393
7.94490831757
7.991106514
8.00187629255
8.07727969019
8.20461733078
8.26211994291
8.27980191115
8.28395573288
8.32150365872
8.52849162942
8.56261344199
8.56895258987
8.59015489634
8.63463198248
8.74219878869
8.78598512174
8.82874655491
8.85406243297
8.93496694993
9.02897693766
9.07714893914
9.41664811199
9.51433323999
9.58426430639
9.67515553979
9.72212981569
9.80791519738
9.92884434892
10.1200588461
10.2273333185
10.3116181284
10.3484786348
10.4433457521
10.4669530648
10.5097743995
10.6530711122
10.7572804477
10.7826605676
10.807076351
11.0103209417
11.133563505
11.1526698971
11.2833326297
11.5830209994
11.7192627475
11.7587486231
11.8417313007
11.9291512064
12.0684395829
12.1233671022
12.1746903788
12.1952693891
12.2422019245
12.394601627
12.4345904919
12.7915212862
13.3887438892
13.4889726895
13.7130230352
13.8490330321
13.9732410416
18.2193741845
119
