6.00355303886
6.00935833105
6.01323220008
6.01931169365
6.01991540785
6.02760545079
6.03361887843
6.03759317199
6.05852299145
6.07073183459
6.07169132824
6.07581934511
6.08514836955
6.09128051211
6.09758465635
6.10079500134
6.11007525946
6.11127088202
6.11735509751
6.12845946057
6.13100879262
6.14582801083
6.15356344025
6.15890853409
6.1598407512
6.16378908437
6.16461557277
6.16531447662
6.18036341753
6.19255026583
6.2000135814
6.21222585024
6.22795909865
6.23508679252
6.24830089592
6.26166798819
6.2657939853
6.26666394425
6.33785081628
6.34981102342
6.3686452613
6.36989386084
6.38543632243
6.39424896219
6.39753875307
6.4187273536
6.43557969301
6.45013781659
6.46216449394
6.48528967472
6.48943321462
6.49634142932
6.50790255556
6.57179826712
6.58421182815
6.58954347708
6.59860594257
6.64504120385
6.65330988633
6.65911548495
6.66988683542
6.68112373795
6.69202054492
6.69974294507
6.71991489414
6.74852000481
6.76782064037
6.79530864502
6.8096157452
6.81786338238
6.89048982051
6.91887280577
6.9607785956
6.98361449915
7.00269769201
7.01711322144
7.05142193997
7.06299539959
7.07372790685
7.09239425461
7.09765424424
7.11477602494
7.16682801045
7.20888605088
7.24838986247
7.30298297334
7.32980001832
7.36958496261
7.39858045091
7.42594866469
7.47980960693
7.50492279232
7.59249791343
7.61340243828
7.62494334712
7.63727369778
8.24450787902
8.33217480427
8.33522057782
8.50659294901
8.54218211833
8.56198858157
8.61394288955
8.68022875781
9.69984656889
9.7991993038
9.80400929012
9.88508095374
9.93915440274
10.0257886776
10.0477420176
10.1073527929
10.1770692901
10.2708222661
10.3143689529
10.3953513453
10.4307389814
10.5253197612
10.5445153307
10.6091945497
10.7340562672
10.8113174883
10.8775692523
10.9916275996
11.1715397126
11.2207194536
11.2968334226
11.6680746908
11.8735842894
12.0406994005
12.064801188
12.0733740005
12.1272601645
12.5224761613
12.6870480559
12.7961727538
14.2431736062
14.4583949535
14.9259276783
139
