6.00973983115
6.01853155706
6.02034292053
6.03449882534
6.04864265106
6.05639725402
6.0646571109
6.0712671643
6.08065743312
6.08489487889
6.09136727185
6.09209862853
6.09946555072
6.10333411846
6.10939240367
6.12018490777
6.13285195142
6.14062976349
6.15251660389
6.17186970898
6.18462670963
6.18528498709
6.18648623753
6.19568185383
6.20896502949
6.21676105729
6.23079835342
6.29403515558
6.31652914432
6.33173108327
6.33733836846
6.3427645245
6.34374420012
6.364942517
6.3809936619
6.40570557196
6.41196375287
6.44346607064
6.56626222522
6.57214670311
6.57957791753
6.59678776685
6.61462131814
6.63143428722
6.65961668878
6.68210659442
6.69236673293
6.7074865139
6.72662295528
6.74548083397
6.76164220242
6.79345710774
7.12539142638
7.13940267116
7.15472010675
7.16582653785
7.31912295483
7.34740882779
7.39396713138
7.41674066484
7.5804163192
7.5874746354
7.60666159144
7.6983304696
7.72330896575
7.76506572309
7.82163409239
7.83680583157
7.98422723446
8.03209305373
8.1035250572
8.12530833811
8.28007374312
8.2868077731
8.29822352652
8.39988379502
8.4230389604
8.47617388844
8.51787234348
8.66584697122
8.74517589996
8.78866754543
8.82507031202
8.87835043704
8.93940321566
9.04110307063
9.05622364813
9.099876657
9.12936544028
9.20527071257
9.22822091637
9.26270585437
9.88346751161
9.92041145741
9.98767626552
10.0208976002
10.1012560022
10.215216396
10.2239250242
10.2979516007
10.3422758053
10.4454606316
10.4551499696
10.5069304705
10.5770465971
10.6255443716
10.7561942455
10.7641972128
10.8310713164
10.9108690566
10.9290706184
11.0518834503
11.0758498211
11.2802088269
11.4310621816
11.576802676
11.7070900774
11.8179072694
11.9515845611
12.024066791
12.0879233785
12.1442554937
12.2490198935
12.3874538076
12.4083850911
12.7857983055
15.1307134729
127
