6.00092685585
6.3344660667
6.34305801112
6.34611680948
6.35061257798
6.35783030775
6.36412514674
6.3663088837
6.36851581063
6.39636945823
6.416346677
6.42615390424
6.43787686622
6.44863534616
6.45721589738
6.4637511983
6.47637091145
6.51415928906
6.53517149152
6.54345756047
6.62487971786
6.64414925619
6.64609828121
6.65684671063
6.67584603423
6.69260542221
6.70230881208
6.71808394684
6.72408530568
6.77616190037
6.7972311393
6.83032730531
6.84242780536
6.86926091305
6.89163183115
6.90947950655
6.91160458314
6.95303567366
6.98466965438
6.9917524026
7.01004548763
7.05325339669
7.3652730291
7.37882876657
7.41274632274
7.44803930518
7.48444324695
7.53292398595
7.58415870753
7.68469974579
7.7531794727
7.79028238657
7.84735700802
7.87712743264
7.97013585148
8.15578621512
8.18627774344
8.20389122988
8.29159086234
8.33986793826
8.37279042782
8.39402866741
8.49788861694
8.52048175045
8.59896367884
8.66466359162
8.69685055805
8.71067132353
8.76434618284
8.80520594441
8.86221567789
8.90765243085
8.97720482311
9.007196592
9.10360854197
9.11309310769
9.17144868985
9.22879950516
9.24892411189
9.29012066873
9.35679109193
9.42212616663
9.42787121762
9.4548145696
9.49336955871
9.88369612657
9.93067504889
10.0178567043
10.0265748316
10.1158695058
10.202161127
10.2404991878
10.3019165499
10.306633857
10.356470511
10.8320534902
11.1448451275
11.2557072063
11.3410384749
11.508642525
11.7867819085
12.0246639102
12.0411716724
12.2017678599
12.2717832992
12.2910724919
12.9690614952
13.0044549869
13.2530519736
13.3718683512
13.4532313631
13.6145231737
13.8029590626
13.9202509736
14.0843769348
14.1112481295
14.4471325538
14.7853882429
118
