6.00344342969
6.00800607783
6.01629316471
6.0401502872
6.04745629926
6.04901070241
6.06042912448
6.0679792092
6.08013333033
6.08185575847
6.10077772087
6.10155339069
6.1142609042
6.12648565021
6.1310995862
6.1664043715
6.16829254954
6.16908793227
6.17478681069
6.18459490037
6.20816398446
6.21098986254
6.2161603149
6.22076510935
6.22146423625
6.22269577427
6.24378858418
6.25233271492
6.25413486735
6.26788522004
6.283363368
6.29975333105
6.30999071243
6.32416306337
6.38660019263
6.39687597599
6.40381407346
6.41097438252
6.42479498122
6.4484380142
6.45989320665
6.49552412024
6.52196009307
6.55141278565
6.56605104204
6.81977121949
6.82331025029
6.83846853134
6.86763991806
6.87247378547
6.87882446772
6.88635955321
6.89088511982
6.91943434128
6.92953376116
6.94199615601
6.96321253575
6.98385210138
6.98812307854
6.99278762017
7.04347220216
7.05692806117
7.0650420282
7.09725635257
7.13036498662
7.14859235303
7.19811725608
7.28971933993
7.32850318059
7.3484404747
7.3587165842
7.39726398496
7.57154959136
7.58082087566
7.70078445611
7.73160860164
7.75840876276
7.79977717334
7.85708404198
7.96577222965
7.99959285837
8.01335883652
8.05595317518
8.07171088055
8.11770565897
8.29932832826
8.34125685876
8.4137165639
8.42738589185
8.47018533483
8.4970068247
8.69638311021
8.71633574846
8.79802221176
8.85298637262
8.90643597368
9.01823020176
9.04964468361
9.07806979723
9.52575852307
9.68594001221
9.73371693931
11.9372692804
11.9610837319
12.02186442
12.1008678583
12.2581843871
12.4301328728
12.5675044982
12.6565170995
12.8210569945
13.0971890823
13.1119039825
13.4212251734
13.5168272593
13.6008730113
13.6728303763
13.7151689288
13.8587309521
14.6195791663
120
