6.00659517616
6.01230520711
6.02341173238
6.02721315321
6.03001557289
6.04800846581
6.05885242986
6.0743182241
6.29984752886
6.31863242665
6.33359572653
6.36316878225
6.36437999684
6.4525716499
6.51441874214
6.55331127744
6.55494730849
6.55927255634
6.57699367383
6.63724347772
6.66207089725
6.6634639603
6.68758687235
6.714453933
6.71777639113
6.73494081729
6.75226794753
6.76485116679
6.77692648042
6.7914367713
6.81143220786
6.8408393017
6.88403492479
7.03660959737
7.1457158829
7.18269689558
7.22659303875
7.29455185703
7.31178857843
7.33784170217
7.36401215229
7.36754186497
7.41118046216
7.41346346086
7.43998145771
7.46832417351
7.48032884199
7.51528323909
7.55364200842
7.6192536712
7.66523572389
7.67052648097
8.06302155934
8.08260175129
8.11655901464
8.12095513189
8.1875933073
8.21716422925
8.24108073052
8.26787855329
8.31518660159
8.39575131289
8.46116375675
8.46417654372
8.50300669947
8.51320051618
8.5297910291
8.56390304191
8.57136306887
8.65868400447
8.98278424099
9.00342125403
9.21770397326
9.34160897519
9.42343068626
9.49069834496
10.1528130085
10.2290310808
10.27557991
10.3428252964
10.5296768694
10.6578784704
10.7365570457
11.0306216439
12.1925363022
12.2235246256
12.2757456179
12.3796603995
12.5383921427
12.6370701793
12.7633818507
12.9962420576
13.2005891969
13.3235552256
13.3762993151
13.4467131005
13.8078373368
13.979463477
14.4056830488
14.6782704682
100
