6.0098455099
6.02692584784
6.03036166658
6.03251819808
6.04619058858
6.06005638505
6.06104272254
6.0754162794
6.07984096926
6.09122059387
6.13025583592
6.15024143341
6.15773333305
6.16410660319
6.17545123864
6.17943789914
6.18546464273
6.18748236192
6.19911828103
6.21421492087
6.22995071826
6.23482591838
6.23556576527
6.24237612257
6.25172651579
6.26925676224
6.30056128371
6.31229196019
6.31833530322
6.3293692599
6.3432544744
6.35753166418
6.36558328635
6.38158067866
6.38621999463
6.39121448682
6.39506323283
6.42007532836
6.42891046085
6.44664544007
6.45702858222
6.46700862456
6.47275303034
6.49326297256
6.52121017365
6.53653907889
6.56283982055
6.57220305755
6.58060911395
6.594077812
6.60936496553
6.62162114392
6.63337744543
6.64386398021
6.64839522813
6.66058668713
6.6806934036
6.70222625478
6.71598404248
6.727619144
6.74892072872
6.75797522301
6.76480025876
6.81221178598
6.81516057009
6.83642456348
6.8503919728
6.86842160228
6.8794735683
6.90972561574
6.92683959742
6.94034322589
6.95734960394
6.97358843815
7.01598425949
7.04745327666
7.10144283548
7.11756942933
7.15358781723
7.19599046541
7.27756744434
7.31241168337
7.33936333181
7.58127118188
7.60355208853
7.6289768395
7.93301611355
7.95593969611
7.97393830598
8.04585726756
8.09898320378
8.18270122283
8.20471164203
8.22947004625
8.29199752124
8.29534975934
8.3138105354
8.34148884076
8.36324078835
8.43975459806
8.51057725202
8.53594002445
8.69750230718
8.75098197644
8.80320285283
8.83886230623
8.86537962997
8.88572329871
8.92215225196
9.01814406126
9.27428152621
9.40058301293
9.40482879051
9.53600917904
9.63841608486
9.67705960436
9.72935365685
9.73586210232
9.76206819475
11.2086332823
11.2678751887
11.3673213262
11.4942253571
11.6339144964
12.5358617309
12.6248099352
12.7928665994
13.0059523378
13.203912132
13.4932096984
13.5829913225
13.7023903699
13.7147537521
13.8267459423
13.9680123374
14.0315960796
14.3371231236
14.4933674706
14.6863022932
139
