6.00960078568
6.02357757793
6.03208401898
7.81647584761
8.00189972028
8.03403329701
8.05404177598
8.07894820647
8.09922087541
8.12731767901
8.13666005853
8.14084188983
8.2155309931
8.27922997724
8.37038166791
8.43307512141
8.43687467502
8.53588089389
8.61161198993
8.68478033536
8.71115024528
8.75552967151
8.83829506183
8.85998971527
8.91246022439
8.9457379003
8.95908654606
9.02295272453
9.13609603863
9.51245334953
9.60365712227
9.70332101064
10.3931621723
10.4594527695
11.0604961701
11.0849949693
11.2279319993
11.3437040199
11.4058369985
11.4977427151
13.1535361295
13.3654479266
13.6387891308
13.9819513408
14.0508719538
14.1077375005
14.2950941601
14.4855342685
14.6383123931
49
