6.0019990942
6.00379569371
6.00980867605
6.01641616941
6.02529524843
6.03992087925
6.05188703612
6.06388714156
6.07274541111
6.07743879151
6.08885411198
6.11880948013
6.1329636274
6.13792896604
6.13864900283
6.14304317569
6.14427296949
6.14964686472
6.15697366436
6.16483865647
6.18977766709
6.19399332923
6.21486418894
6.22308316541
6.23669956734
6.24296263105
6.24962007633
6.25413850593
6.25762776275
6.27954772794
6.2829854356
6.2867976733
6.3035015737
6.31518765241
6.32176479651
6.3399047911
6.377587492
6.38354991456
6.38800249744
6.39485424879
6.39986372339
6.42288542062
6.42848133833
6.43843126578
6.45173020482
6.45457590929
6.46763293519
6.47344344751
6.48518597265
6.50600896144
6.55054779535
6.55566675673
6.57014890003
6.58170465799
6.58963296778
6.60578454017
6.64481929976
6.64766439276
6.70083604355
6.70621420728
6.70870192448
6.73932223571
6.76142745859
6.78581591947
6.80030957517
6.83222523791
6.85058664719
6.87341234679
6.90032577265
6.9028925741
6.91619876425
6.97838102251
7.00485770302
7.01848161606
7.0325630157
7.04969563262
7.05874916698
7.08775575889
7.12255259588
7.13453743943
7.14029647746
7.16653930868
7.16903736746
7.25779845851
7.2825422113
7.30673557076
7.33998003901
7.36245391807
7.5900451363
7.59682417309
7.64482925535
7.66300755342
7.72046137588
7.75458867285
7.78426714989
7.97212169708
8.1726066463
8.27488201796
8.28596349991
8.34128907038
8.38183162759
8.42309250354
8.56333180515
8.56758373545
8.60893821144
8.69875989467
8.7318933821
8.88004356646
8.94061425976
9.6001272305
9.64683391541
9.74109332715
9.83361250797
9.89266671766
10.512651566
10.6170614554
10.7544734218
11.4387038737
11.5080252793
11.617863215
11.7207994234
11.8175809665
11.875768807
12.0891638457
12.3441945532
12.3811737195
12.4911355029
12.9247427755
13.0416908849
13.3722263903
13.3995193978
13.5360215411
13.7313136909
14.1388554274
14.4428381728
14.5031510661
136
