6.010100121
6.01882877842
6.04823213819
6.05897197503
6.06367121681
6.07691412923
6.07905183729
6.08485194783
6.09893136124
6.10968656055
6.13125240483
6.15213930037
6.1626917483
6.16720980028
6.17683711273
6.19364491301
6.20474624312
6.20784286325
6.22876764074
6.23688134489
6.24735197519
6.2565389272
6.26496911169
6.27603696233
6.29074749539
6.30470721665
6.31025127575
6.33134571362
6.38424024207
6.39436245586
6.40281237211
6.40424356687
6.42165702463
6.46360458111
6.49000147158
6.50059898082
6.5142728915
6.52340149983
6.53620306595
6.53773826334
6.56921341176
6.59567762183
6.60571790951
6.61756990111
6.72636286135
6.73676201818
6.75999208074
6.80423661688
6.80588949942
6.81681883462
6.83239413205
6.86302379148
6.90452781983
6.91778123294
6.94235928161
6.96059905025
6.97883951695
7.09739741883
7.12381389045
7.15208199659
7.15716540966
7.20182751919
7.2452292195
7.25595692829
7.31884482585
7.37136718828
7.4001666988
7.42851689135
7.47572789443
7.731431118
7.75092712496
7.79014055961
7.82502455959
7.85258808474
7.87877469749
7.88874149444
7.97009005317
8.01157583211
8.07836266682
8.09431440177
8.14836384865
8.18641298892
8.21174363528
8.23680106826
8.27734147458
8.51611331518
8.58759729296
8.65884904614
8.70594788514
8.76239805568
9.33170246134
9.39828345904
9.46060879138
9.49963462589
9.59024250704
9.60128395001
9.6647725853
9.74717595708
9.82628951367
9.96679239331
10.0625342306
10.1445209339
10.200786753
10.364927438
10.4241202706
10.4773337013
10.5221197437
10.706948801
10.7421017873
10.8377714793
10.8506129782
10.9021969129
11.037457347
11.0583944785
11.2426628891
11.3218237402
11.5383296727
11.6124072764
11.7142130201
11.7913757547
11.8971088951
11.9750685555
12.1312931107
12.1840328591
12.2373079986
12.3376443628
12.4393692379
12.5316299976
12.6553529885
12.6952425395
12.7679818785
13.0342026261
13.1634540593
13.3660414525
13.4694197945
13.6868101625
13.6993428595
13.8327600875
13.8738913764
14.1318619571
14.2753824067
14.4758928954
14.6222050705
143
