6.00124707127
6.00548405369
6.00803653943
6.01276902339
6.01442758007
6.01828142561
6.02083848142
6.02516192657
6.02771746465
6.03458472172
6.04288046522
6.05572155646
6.07448485849
6.07580073079
6.08581504858
6.09486603107
6.11059946363
6.11131158496
6.13284750393
6.13587062408
6.14211468407
6.16022403577
6.16997224497
6.19597490588
6.20036196369
6.2064731607
6.21679991307
6.22396040965
6.22801780936
6.23407399778
6.24493573379
6.2552406039
6.26352005992
6.27189867654
6.28694507075
6.29363144267
6.31227053274
6.32155907534
6.33444035487
6.33929215477
6.36310183394
6.37363918135
6.38897531498
6.40208921228
6.42147308058
6.42814512978
6.4306121859
6.43346542803
6.46440494518
6.47600363729
6.48845160281
6.48943195353
6.49723022973
6.50637300747
6.51531258318
6.54508742079
6.565079363
6.58600822666
6.61266074196
6.62877845664
6.64753844908
6.65424588112
6.66020130722
6.68106266918
6.70569148456
6.7222903077
8.51555116682
8.59548436369
8.65932030267
8.71458434844
8.73916348906
8.74652969747
8.77282881474
8.79173495601
8.97895839351
9.03476308344
9.07962270529
9.14832637767
9.15748666292
9.16242853224
9.17906422018
9.26544051753
9.3343482373
9.4396498854
9.53644840671
9.54532696023
9.55770525993
9.68566025288
10.0449746168
10.0883843018
10.1857003421
10.1941885164
10.2619409802
10.2691189796
10.3686911824
10.4482713965
10.5009776537
10.5585179244
10.6920265797
10.8199582896
10.8773094266
10.9164577966
10.9872218645
11.1800284451
11.2710639829
11.7271636072
11.8031188167
11.8605656324
11.915190055
12.0680628975
12.1478178722
12.3121881872
12.4319378606
12.8535156855
12.9625642669
13.2007149948
13.2827793309
13.4465555138
13.5864395352
13.888585326
14.1121563024
14.2427358044
14.6557189793
123
