6.01896402629
6.02250319162
6.02294981604
6.03066138965
6.03430894453
6.14291015019
6.151548618
6.15485490383
6.16370122025
6.16987477482
6.17749160615
6.18047261419
6.1974235008
6.21398641342
6.23925893773
6.24311152321
6.25006000514
6.25524740943
6.31359740763
6.34537944558
6.3595012886
6.36425308389
6.38403632544
6.40386235901
6.41609220322
6.42545965026
6.4768343723
6.4957676295
6.49692196446
6.51901991501
6.53001998592
6.54195757854
6.54660945304
6.55559592585
6.56208169043
6.57879800884
6.58740558531
6.61234876195
6.64092698756
6.66981836682
6.71135063713
6.73327339019
6.73552314494
6.75328862246
6.76265217317
6.78752736322
6.79717779441
6.89986802669
6.91406734101
7.38433906782
7.42380644023
7.44076514572
7.49763960929
7.53414321015
7.54915563499
7.57549170431
7.57778116461
7.60001970239
7.97764085897
7.99474209423
8.02212119341
8.09314720229
8.12780820105
8.15394682155
8.23792430785
8.360586568
8.45493879183
8.4781882706
8.56168044334
8.61968790483
8.83011240262
8.84940841403
8.92418217971
8.95370073695
9.06224452742
9.06840204737
9.10631919773
9.16923200898
9.21431879064
9.28899806328
9.61648171253
9.79882146685
9.90033041963
10.7104706937
10.7360905143
10.861094528
11.0972649259
11.1935188514
11.2765734148
11.3746564111
11.3827169166
11.4594955093
11.4690391225
11.6162987392
11.680119992
11.8642923433
12.1060693472
12.2511823795
12.2941630414
12.3596583381
12.6199065396
12.6874120988
12.8460946343
13.028792541
13.1855910933
13.2988985351
13.5564033925
13.7254995621
13.8143021027
13.9644615865
15.1060559106
111
