6.00807825195
6.01780260778
6.02417310378
6.02549978184
6.12760885792
6.14370609138
6.14898853718
6.19613491734
6.23227893123
6.24516203892
6.2514403322
6.25487410019
6.26080263535
6.26214074101
6.27406555137
6.28326118214
6.40365504187
6.40513904121
6.41185395174
6.43296681448
6.44596408236
6.45521101446
6.46849129153
6.47993802942
6.4836414186
6.52792629053
6.54369255903
6.57924422792
6.5955945447
6.6182392489
6.64395349874
6.64695265442
6.66854259798
6.68931170029
6.70927331706
6.73385691216
6.74786741299
6.76711764928
6.81418060171
6.89152261467
6.92270093828
6.92879490013
6.94896517378
6.96209807537
6.98757795177
7.02551380451
8.23167635646
8.31196416008
8.35337238417
8.38067564433
8.40443073816
8.47420774148
8.52714770208
8.59988049825
8.63526103515
8.79571081136
8.83522714207
8.93023098492
8.96090353768
8.99661593495
9.06522158662
9.14376364869
9.20091117092
9.23521885557
9.32140416736
9.36199866073
9.4753777951
9.52385667173
9.57849812697
9.60609796049
9.66367397518
9.7661112687
9.96256875441
10.0680545094
10.122310258
10.1479208688
10.7229315925
10.8282733813
10.9082346581
10.9690117047
11.9295547963
12.0514303373
13.4454837532
13.5609029532
13.8379188341
14.312962757
14.4384232943
14.7155393297
88
