6.00386602547
6.01001637822
6.01973478819
6.02312926668
6.04163060455
6.04671752954
6.05721601761
6.05796845298
6.06411526875
6.06994963431
6.07981165421
6.08298721986
6.08638348236
6.13115694315
6.96697259546
6.98682500069
7.01618887884
7.05302514561
7.09572634535
7.1395255901
7.14203704809
7.23851320274
7.24653905987
7.32065707929
7.37037175356
7.4368136982
7.48195948608
7.49248681815
7.54276678645
7.60272701383
7.82510423785
7.82752023975
7.83214400845
7.86283412361
8.59325733439
8.78731012104
9.34911258521
9.47758462572
9.58103263098
9.63350795501
9.74663948775
9.78271811192
10.8236223164
10.866292168
10.9876041798
10.995131605
11.1020956454
11.2422852683
11.3018192726
11.3742060885
11.4818419644
11.5020978573
11.5943773546
11.7845331333
11.8386791136
11.9059335708
11.9207019987
11.9790968608
12.7840747634
12.8608433744
12.9127485539
13.1580842415
13.2221323315
13.3146622029
13.4058645122
13.7123048623
14.6887054211
67
