6.00105599976
6.01103413212
6.02113841884
6.02726042677
6.02995155119
6.03214030343
6.04058334783
6.05184372907
6.05245025716
6.079358073
6.08954719593
6.09657859155
6.10198912676
6.10708202942
6.16744714883
6.17717282058
6.20955767602
6.22342886697
6.23382291428
6.248673408
6.27417209538
6.30099033559
6.30995978614
6.31580274419
6.36434535905
6.37588475722
6.38597444633
6.40019012198
6.41621939646
6.44974781959
6.45910597212
6.47125268904
6.47354769387
6.49335596681
6.49654931282
6.50073114061
6.5141174138
6.53776352383
6.54859802637
6.56041918838
6.56974243752
6.57846982753
6.5961586339
6.61705697415
6.63361684652
6.64141653149
6.66486198755
6.66785749398
6.67724966365
6.71371262055
6.72597570863
6.73459712004
6.86106155031
6.89188596214
6.89599685093
6.91064036258
6.92159838253
6.93943465382
6.94523952924
6.99962362838
7.09673541208
7.11973552295
7.12754561064
7.14993139341
7.1795513987
7.20754768711
7.27038858764
7.28769943891
7.34189843953
7.39040085823
7.45602169687
7.50478395398
7.54546821301
7.5639685876
7.59713409645
7.61901138571
7.63127448497
7.66964346015
7.67573517937
7.72885021422
7.74892564723
7.77979849478
7.80304428065
7.92017895142
7.96757645774
8.07674985173
8.10027043309
8.23714722909
8.27145145177
8.33688161723
8.38910360221
8.452493001
8.5290159897
8.56073113231
8.90046178558
8.93534724803
8.99532981781
9.25346895264
9.26169354967
9.3113946489
9.32142425068
9.3399908765
9.43753416367
9.50663371179
9.55285376305
9.67173489451
9.67637555285
9.72546178437
9.94254739758
10.0182762359
10.1068555391
10.1261442676
10.215004896
10.2386297022
10.4894447097
10.5328752218
10.6210955607
10.7284423812
10.8248193242
10.9162227273
11.159436698
11.252978468
11.4012773165
11.4666132913
11.6062507448
11.6624739489
11.7764165406
11.8774044398
11.9315596038
12.0945086646
12.1979947248
12.3777468057
12.4601022698
12.589511273
12.7368596826
14.396205792
14.6413037878
137
