6.00277092822
6.00903564105
6.0131003035
6.02050991817
6.02988779425
6.04831455797
6.05261460805
6.09328354868
6.10041939884
6.1096218822
6.11528783555
6.12535425104
6.12665222231
6.13187347377
6.1457717442
6.16737208334
6.17679448679
6.17785415708
6.18886698066
6.19454112195
6.29424573996
6.30446350749
6.34269095415
6.34813260725
6.35499006295
6.36924133702
6.38463958238
6.39795093084
6.40580926839
6.42053427616
6.42848104574
6.44157005886
6.45631493158
6.48114990303
6.48444470039
6.5251953498
6.57679510957
6.60139310249
6.63689362175
6.63885030704
6.70184084771
6.71778738642
6.73336205102
6.73545552558
6.7477515492
6.76684161696
6.77562787804
6.81154848625
6.98939288825
7.00640791335
7.03961614552
7.05804563391
7.09269606405
7.18820099887
7.19250218023
7.23292919192
7.25553119185
7.31704267214
7.34494231411
7.36395804498
7.4021307752
7.41323111647
7.45493557599
7.48236729692
7.51265487363
7.51486877914
7.58410601802
7.66305766029
7.69873119082
7.83633433543
7.88002314005
7.88313948696
8.05391441052
8.11221471666
8.15553543408
8.18325215298
8.2692692053
8.31833411269
8.4599461487
8.50270351527
8.54238712528
8.60692585692
8.64399011319
8.65914458052
8.70385505479
8.83676011568
9.52710872192
9.57645178815
9.67345770639
9.75230717427
9.7946295711
9.8320783904
9.87877934017
10.3206257347
10.4889822271
10.5695952087
10.6267215114
10.6719231654
10.7430952276
11.19912157
11.3676790489
11.5293904196
11.6360952841
11.7782126806
11.8634972277
12.1330071118
12.2572323185
12.2974480661
12.3196826966
12.498028341
12.6026207719
12.7445292327
12.8820528941
13.0051338853
13.1110329348
15.0168588724
116
