6.00865151067
6.01565054393
6.02909935654
6.03474826599
6.04162381395
6.04445522098
6.0548182813
6.05824377341
6.06192436656
6.06836758975
6.07624458709
6.08812410529
6.09662439967
6.0979611047
6.1024649188
6.109367778
6.12189926562
6.35627632876
6.37249221145
6.38224436954
6.38772786693
6.39773751302
6.39908801172
6.41148176969
6.41715159671
6.4299425251
6.46686081924
6.51797435633
6.52547591502
6.57994097014
6.60094987176
6.62599233404
6.64219365814
6.66310800225
6.66911049544
6.67088229258
6.74420743671
6.80164293088
6.81832486528
6.82066662264
6.82416553536
6.83391214069
6.83621288763
6.85980277052
6.89199523182
7.24792658366
7.27499772536
7.30608322169
7.31085685241
7.35748206119
7.44866567203
7.52654430122
7.5554113095
7.59365093843
7.62747209989
7.7281305172
7.9308121704
7.96950017892
7.99027786764
8.03804222219
8.06543193321
8.13032162147
8.14547586976
8.20921871288
8.23474170001
8.27394562099
8.28494849346
8.31860062132
8.37658486317
8.40475301416
8.42191514236
8.44786290655
8.60335119391
8.6508455217
8.6863034504
8.74673572814
8.77326956208
8.80370574705
8.82431853691
8.85209793176
8.90643301737
8.9255187281
8.99150956061
9.02093739207
9.08205432948
9.13725240501
9.74081070522
9.77396453915
9.81558862235
9.9384161659
10.0150747204
10.0587893847
10.1786168853
10.2416898475
10.3090856913
10.3401365445
10.6537876414
10.7339783101
10.7434852403
10.9157406966
10.9543444687
11.0190888673
11.0565461445
11.066750287
11.3204505671
11.3920260694
11.5159485635
11.5451093659
11.652520417
11.7390485814
11.8626585454
12.0232469644
12.1917668987
12.3639414299
12.9678164732
13.2380415121
13.2862850654
15.6217691814
118
