6.00642026238
6.09868800471
6.10410253596
6.11591978347
6.11648780971
6.13113804586
6.13193345382
6.14002143601
6.14913877607
6.15698462797
6.66091235985
6.66882541249
6.68267809612
7.64060000534
7.64408989056
7.65691985497
7.67489981376
7.69102653273
7.70870990197
7.77247391294
7.78676382971
7.81638633834
7.83258132145
7.90784095071
7.93832503804
7.99843637536
8.02349060895
8.04130561116
8.10758791704
8.17057642156
8.18934625407
8.25700213784
8.26486544114
8.28964228514
8.32161807944
8.3909371443
8.44008138676
8.51062438143
8.52894529792
8.60750880841
8.63147758728
8.67493069775
8.71167180276
8.77008487848
8.80161861003
8.85893350576
8.97235182562
9.00961585023
9.27478801146
9.46174066961
9.4734245751
9.55747604397
9.56214662715
9.64347633901
9.84978459752
10.085105836
10.1248079185
10.16716795
10.2556600721
10.3348555838
10.3829093356
10.3920534411
10.5201028554
10.6447541566
10.652769697
10.6592280973
10.7798774535
10.9346572615
11.2574182838
11.2680211213
11.3408493407
11.4589168318
11.5208570064
11.6546364233
11.6889449606
11.7644455685
11.8272773559
11.9695668128
12.0437586446
12.1710167816
20.6060366762
81
