6.08210134309
6.08588870968
6.0927810757
6.0990298477
6.11538220937
6.15428814796
6.16154419604
6.1799017236
6.18086640765
6.18920610518
6.20222474774
6.20574984237
6.21112690902
6.22243310465
6.22994067932
6.24591432269
6.26446018433
7.1884343227
7.23312306415
7.25296364667
7.30974846868
7.31190531652
7.36984200933
7.40198576309
7.42883105723
7.44221552088
7.46734110621
7.49087435532
7.53385587512
7.59388309265
7.64244027152
7.8317985763
7.93319422289
7.95429477975
7.97122887791
8.05575017437
8.09346321608
8.14707374282
8.19509492928
8.64754951438
8.66548918319
8.73932471283
8.77056655742
8.77999773583
8.81023293184
8.84642537521
8.89303216239
8.9168733817
8.92688415833
8.94980426426
8.95477338788
8.98323494939
9.13844129751
9.21060834588
9.29875761152
9.36269156211
9.45494172071
9.55895247831
9.60568217333
9.67167022061
9.72762116878
9.80566601247
9.93110199459
10.0476132786
10.1559320743
10.2687348186
10.3713711112
10.4222140712
10.4901382644
10.5476570156
10.6064802208
10.6706619355
10.6951929958
11.0319297063
11.2218223025
11.3342826772
11.3750926336
11.4397843987
11.4821751394
11.6007715895
11.6802184109
11.7570620523
11.8642540219
12.0405980357
12.1949880367
12.2326232113
12.5588688672
12.8914386488
13.409392373
13.5475319253
13.801487729
13.8541863048
14.1343011454
14.1533027645
14.2317434285
14.5214241427
96
