6.00065125768
6.11322138997
6.13174185094
6.14174958791
6.142799744
6.1491826579
6.15027284422
6.16200204278
6.1795609329
6.19102638651
6.19587174991
6.20856046021
6.21510212029
6.23474545669
6.24772484125
6.27733734575
6.27824219427
6.29163375457
6.29584737417
6.30587118057
6.33303830657
6.34887603705
6.39966293168
6.4076794848
6.41492393866
6.4295827516
6.44788869887
6.47263771993
6.52427908748
6.53792669354
6.55350857337
6.5659565124
6.57888055257
6.59287503396
6.60329315365
6.62186248929
6.69346869305
6.71279596489
6.71817030548
6.7499433555
6.76252633677
6.79676711724
6.82337649478
6.83770355014
6.84511126994
6.86260425157
6.88827924686
6.8955454487
6.91978217551
6.95169474434
6.97244307275
7.00307048915
7.03205853595
7.05136934674
7.08256680073
7.09372222399
7.13372239304
7.15812579613
7.17810548383
7.20388382024
7.41079139241
7.43258950552
7.48335574204
7.50782500642
7.52962662031
7.57001555523
7.67567187542
7.69284489141
7.72537785568
7.85370904557
7.88627348504
7.93016162926
7.93382172605
8.01061515257
8.04941477988
8.10073072087
8.26285782003
8.29963459643
8.32220138404
8.38044397018
8.4170294583
8.56509895457
8.70961121487
8.74998243779
8.8256208875
9.02280577094
9.07729551574
9.09553302097
9.12107336896
9.18101210078
10.2366486499
10.2717422302
10.5086618291
10.5371274405
10.5606348939
10.656773669
10.7350812771
10.9350581156
10.9874708052
11.1656495299
11.2930807509
11.3469425664
11.5700268428
11.699869465
11.7954002297
11.9121274368
11.9378284518
11.988319642
12.8288322464
13.0050304706
13.1909993547
13.319106894
13.39987079
13.6471103135
14.4544837974
14.7472354818
116
