6.01010360521
6.02102886664
6.02783761937
6.03228120948
6.04075062464
6.04974820743
6.06006121853
6.07011786695
6.07117637202
6.07652773633
6.08130980686
6.0873236257
6.09615822914
6.10156627763
6.10452379668
6.10596117293
6.12888284463
6.14088573197
6.14479756432
6.14624465901
6.1472289093
6.15805398435
6.16469421138
6.17785882849
6.1829541457
6.18928888084
6.2366110793
6.25286713489
6.26603678791
6.27381400148
6.29812448474
6.30547237307
6.32337424538
6.34284387817
6.36540967203
6.37398034086
6.38769443604
6.42529442564
6.43836337862
6.45764961432
6.46357057403
6.47785947671
6.48568358749
6.49957753665
6.51314892368
6.52257349648
6.53503642333
6.54029665346
6.54570040542
6.55117596612
6.58379023859
6.64912102736
6.65693076722
6.67426359677
6.68138429111
6.6849247719
6.68649496287
6.71058522094
6.71426482198
6.73142753689
6.75406111246
6.76867808933
6.79876482716
6.83911546163
6.86238736325
6.86933368571
7.32044298977
7.32619350444
7.33300046075
7.40011909457
7.41230126774
7.51221079733
7.5213041854
7.54005214507
7.57892857624
7.58872603396
7.70572634799
7.82715260322
7.86312112646
7.88832286953
7.91005799594
7.92246152814
7.95802671457
7.97049080291
7.99322843548
8.07338369576
8.14478991166
8.17035469114
8.28786142088
8.31490383665
8.31779057314
8.40525570015
8.45624842555
8.48237249664
8.5351498177
8.56240154515
8.63197100634
8.63754796096
8.74619474829
8.84831529002
9.33009436765
9.43683024366
9.51165433555
9.54378849256
9.58047009308
9.6045755429
9.6263831592
9.67446308273
9.77346680241
9.8854924094
9.94434352371
9.99499572823
10.0448290371
10.0555385246
10.1182869729
10.1767536897
10.3140899427
10.4135573148
10.5422463817
10.5779209096
10.6374521308
10.6935289671
11.2424641995
11.341873562
11.4714069151
11.7841914971
11.8778574575
12.1643225323
12.3417936339
12.4839998422
12.5843674183
12.7371449039
12.8109140723
12.968931739
13.413847415
13.4817231956
13.5991978047
13.722305736
13.8043366575
13.8479107491
13.9030281651
14.1815842331
14.2567723667
14.3426110796
14.6291947808
145
