6.03824049234
6.03924268896
6.04541238971
6.0516860047
6.05509589407
6.05925905254
6.11266272958
6.11954439827
6.12542224222
6.13110876136
6.16012820622
6.1722491964
6.18461276459
6.20491160077
6.21363571854
6.22058550036
6.22642734856
6.25142132479
6.26565368378
6.27843462987
6.29811597685
6.30661602956
6.31182541369
6.31672598779
6.32787642674
6.34233562088
6.35504014645
6.35909593055
6.37515867131
6.40461271453
6.41086989566
6.43179671396
6.44265536233
6.45237941611
6.4610135093
6.46863064691
6.47862146406
6.52532046283
6.53538138624
6.54348119433
6.55181443264
6.56344549048
6.57000420336
6.59424244345
6.60219613622
6.60397866983
6.61620910023
6.64956448081
6.65437047298
6.67977934378
6.69114901078
6.69442180424
6.70773756817
6.71820151381
6.72775644544
6.74346566735
6.77285225097
6.82282919493
6.83462830088
6.83834372023
6.84386831764
6.89265566163
6.90533316846
6.93020412342
6.93511027724
7.0152093507
7.03983832156
7.05769632689
7.06594135007
7.07193324177
7.09192717545
7.1281778335
7.41466569481
7.42082320921
7.42413127242
7.44330172996
7.47751767028
7.53042842787
7.54634738878
7.63060705671
7.67435621353
7.69452153322
7.71664810225
7.73150356794
7.79211347723
7.87066004711
7.89309763609
8.03110014158
8.12959624901
8.1558475075
8.16292983466
8.28687446783
8.30730453275
8.32626965781
8.3496368555
8.38045961321
8.43185205393
8.4596381587
8.50182469749
8.96778947881
9.29924107626
9.35704303599
9.42653868628
10.5234222725
10.5892709831
10.6839278873
10.7338115755
10.8476451803
11.3848149355
11.3944911121
11.5060067812
11.8805328475
11.9136895468
12.1226171472
12.1979579343
12.6253048474
12.7869268317
12.8827983512
12.9849118941
13.2252422541
13.3052034335
13.4486917942
13.6288303933
13.7699137378
13.8641311386
14.0042240538
14.2014882476
14.9756336597
128
