6.00071531085
6.01168387496
6.01676036814
6.03242991726
6.03465456238
6.04257877046
6.04890473587
6.05137889899
6.06374386854
6.06732642299
6.06805469093
6.07580483458
6.12115799481
6.14796435209
6.15786970906
6.16544557371
6.17444614744
6.17976817609
6.20325617748
6.20941072417
6.22993373525
6.24168270625
6.24797024221
6.26305584629
6.27012852433
6.27889895907
6.28625189031
6.291916374
6.30084994902
6.32010675902
6.32746362911
6.33526199533
6.36241675084
6.37351981917
6.38609047463
6.42285200121
6.4532597008
6.61389588963
6.64442650084
6.65436464603
6.71595224146
6.72637731585
6.73878105882
6.75412472698
6.77146042293
6.78313780955
6.81024726962
6.87325269384
6.89068386189
6.89826726888
6.9310099653
6.96542732128
6.96804806617
7.00273932185
7.02037048827
7.03093962919
7.10875364606
7.18816806484
7.22376370816
7.26687577926
7.27133838474
7.28345775926
7.3493561823
7.35503343363
7.4005174112
7.43258791666
7.49801190606
7.55281752273
7.58556024137
7.61500957979
7.64262654306
7.65520674847
7.66363541259
7.76567164329
7.77839972669
7.83607846352
7.87553131674
7.90392045569
7.9270915105
7.95486190318
7.97378766835
8.0257150505
8.1718417715
8.20450209966
8.22859653911
8.28096600806
8.32652747276
8.36410439996
8.40468201095
11.1086561959
11.2411937385
11.3277811844
11.3815635663
11.4740348626
11.6272271901
11.7084489288
11.8821050517
11.9533755774
12.0495267576
12.2390801082
12.7158988342
12.7633758361
12.8166588441
12.8597631535
13.2558047912
13.6217793721
13.7285352195
14.0537620512
14.2685825339
14.5938476542
110
