6.01182381349
6.02227317336
6.03286659751
6.04117620756
6.05576687114
6.05984857706
6.06472797261
6.23101618729
6.2393496396
6.2438940144
6.24524561717
6.2500769726
6.32377758488
6.32912290651
6.34689036799
6.35310019676
6.37064677634
6.682456852
6.68821524443
6.71481340266
6.72154124013
6.74229662949
6.74533272299
6.77566901353
6.77954075923
6.79919668533
6.80580619918
6.85055495081
6.86401511686
6.88709587902
6.93136474519
6.94366616404
6.96669925647
6.99297391005
7.00650680143
7.02772155265
7.04010624958
7.08725505313
7.11682246951
7.15137322492
7.23407925474
7.26245927017
7.29735338744
7.33513785916
7.34414939546
7.39457439058
7.425082471
7.450474285
7.49150087145
7.53676414679
7.58765054666
7.63966452825
7.67755584781
7.69391144527
7.76382308994
7.8198956187
8.03111679206
8.17191909583
8.23341856475
8.275958698
8.29395672376
8.31848286763
8.32450709794
8.41705698985
8.43645695826
8.52829577712
8.59843497694
8.62165948367
8.65349335204
8.74199103374
8.78121882705
8.87625772474
8.89115573687
8.92248837264
8.92816220074
8.97943587749
9.00068273053
9.10970575568
9.21109084483
9.27824246287
9.32499764907
9.35372399655
9.37000347936
9.46431776455
9.49327124327
9.52070364762
9.57098893318
9.67469272547
9.82995631739
9.99033021117
10.023206054
10.0663968801
10.1267097092
10.149623881
10.1925267228
10.2407340646
10.2878611508
10.3613879536
10.4512951133
37.7338044358
100
