6.00478337738
6.01729141688
6.02893201988
6.03854589089
6.04396485806
6.04539983479
6.07470076984
6.07939678112
6.08505878528
6.09811697861
6.09982016059
6.10719282361
6.10811279548
6.11259096867
6.13008897124
6.14164327196
6.83834192208
6.83958430554
6.85648404473
6.87107950819
6.91352526743
6.93642054068
6.96934031228
7.00084148404
7.01144630352
7.03250249334
7.04341386806
7.04715178245
7.05943747707
7.0872635539
7.08936367241
7.10056391464
7.11192832715
7.14442955277
7.17602372086
7.20891418589
7.22549070544
8.08830493831
8.09957929097
8.1520665245
8.2436110498
8.47064866257
8.474891316
8.48236030954
8.53119543675
8.53606081492
8.59067776387
8.62679707267
8.69068891058
8.75200661937
8.80116521748
8.91574827609
8.97458146744
8.9930105539
9.01189755426
9.81791892986
9.88139650803
9.97170711365
10.1049581451
10.1251877725
10.1643949378
10.2452633617
10.5941472218
10.6410545037
10.6675140417
10.7353152935
10.8477158948
10.8899134421
10.8971690044
10.9159973108
10.9628818001
11.2085887866
11.3306687175
11.4488728303
11.5462968773
11.6798200817
11.7486452629
11.7617348891
11.8222850333
12.3093140236
12.3876491905
12.7734153518
12.8756337845
13.0042297263
13.1681072551
13.2707827875
13.3987259022
13.586004627
13.7098683354
13.7970840406
13.9338991783
14.0627525954
14.3126897989
14.625198136
94
