6.00645236725
6.01306515283
6.07377986482
6.09206875814
6.1071470888
6.13572784596
6.14388664341
6.16026376742
6.1811903746
6.19451197758
6.19868579111
6.20350221262
6.20962543835
6.21359865892
6.2223412166
6.23424226658
6.25278128984
6.26230782971
6.26910431502
6.27937391796
6.28759758379
6.29323489229
6.29827117886
6.30524097388
6.34394853849
6.34505823644
6.35928334822
6.37396498413
6.39300297646
6.3991538877
6.4014463935
6.41520205102
6.42249877462
6.43422406671
6.44867038104
6.46820309114
6.49063468838
6.51059574274
6.52007814765
6.53582216603
6.5582698534
6.56191149947
6.57538416321
6.57805339454
6.5987076843
6.62170970412
6.6300434679
6.65201312095
6.66963402882
6.67919589105
6.80980556792
6.85336862404
6.86660137958
6.89655863033
6.92466434402
7.00031731933
7.01040577175
7.05426579276
7.12393493317
7.18060529492
7.20916020069
7.22399864755
7.24764994328
7.265502257
7.2959969831
7.3968668013
7.4366404911
7.44147605673
7.45210254052
7.47927774548
7.52675546616
7.53470746168
7.56655497579
7.67912266076
7.74303778577
7.76288925121
7.79706581115
7.82971591647
7.86318136632
7.88709127279
7.90794014234
7.93277629744
7.96327397246
7.96627016139
7.98387898652
8.00323167057
8.01419214805
8.05014760071
8.06178510129
8.08824136064
8.10588867362
8.47437685184
8.48840504072
8.54535126325
8.6022361316
8.61141952125
8.63582593068
8.67221179164
8.67841443476
8.70238660288
8.73015136767
8.76421742365
8.82857566305
8.97982220336
9.01769923399
9.0259668147
9.16556928925
9.19313864857
9.24510281926
9.3543243651
9.48367802598
9.51595613863
9.61513321857
9.68238418207
9.76875401243
9.83155925773
9.9204466485
10.1112934435
10.2711357681
10.393284746
10.4390059379
10.4455633515
10.4902951956
10.5498675065
10.7199974764
10.8139380828
10.9328070085
10.992838263
11.086692173
11.1171777003
11.2531277826
11.3240251811
11.3761076213
11.4191056387
11.4334274676
11.4439971671
11.546489247
11.573213686
11.6001726075
11.6321260008
11.6552195363
12.1188442656
12.1995234707
12.3414436488
12.5208153771
12.5325784246
12.6822604422
12.7027789217
12.7574787721
12.9029274691
12.9253624007
13.1728500042
13.4754723258
13.7006195786
13.9194970248
16.1143925633
156
