6.02074241014
6.02702240658
6.03934042894
6.04756120898
6.05590537559
6.06478217059
6.06977783414
6.07645598327
6.11888205078
6.13360455338
6.13938495937
6.20629560496
6.21324440358
6.21885806163
6.23140792789
6.23787630622
6.23964835471
6.24533984114
6.25343588019
6.26171979472
6.26592503916
6.28020078944
6.28740731052
6.30470654449
6.31505459923
6.33139069729
6.3474301167
6.34835147166
6.38297039312
6.39524060988
6.41063222237
6.45703974682
6.47943418787
6.50768964738
6.51405826993
6.52287231243
6.53825454565
6.54389536519
6.55306872244
6.57984684551
6.61430459613
6.61978538728
6.63801354596
6.65416007554
6.68841937202
6.68964035843
6.72163619106
6.74957888147
6.77393569799
6.79423323468
6.80543706055
6.81397493707
6.83064976331
6.86863763177
6.91614912782
6.97979531713
6.99949379168
7.00530566771
7.02504616427
7.03186680846
7.04444630597
7.05581208743
7.0692858807
7.08997722109
7.15822194729
7.2022903087
7.2347304904
7.30873951798
7.31199951298
7.32399689617
7.50799768612
7.62493708672
7.6805085686
7.69978016695
7.73014369255
7.79368970842
7.81489390438
7.89399859952
7.89739942151
7.95928651004
7.98645639147
8.01008539842
8.04205675903
8.04579935225
8.0859047372
8.15719035074
8.22162643557
8.26084758057
8.29274097057
8.47249756529
8.50358797995
8.5774368972
8.63509367039
8.65068483733
8.7164847546
8.77576147237
8.83603987797
8.88636577887
8.93008855374
8.97589934662
8.98831670133
9.08245649927
9.10317571191
9.10854311216
9.22843734117
9.24421578518
9.35634368306
9.39053440585
9.41422102898
9.54411521065
9.6637292922
9.71456852811
9.71881546367
9.81613079933
9.90187975448
10.0170555945
10.0971446636
10.1267577751
10.20788667
10.2538814796
10.3092915728
10.3787771748
10.4275705669
10.5215074593
10.5858850015
10.6435029937
10.7208022888
10.978773307
11.0314092312
11.0806481001
11.1403599862
11.2027653653
11.3936205924
11.4384577342
11.4744074774
11.6230496529
11.6904265753
11.7361689074
11.8377329339
12.7001182102
12.8993725226
13.0640447201
13.1460768372
13.3527604407
13.4731767885
13.538777523
13.663104943
13.8126261113
13.9607159935
14.2677599916
14.5926970536
151
