6.00330187902
6.01388198482
6.02719554172
6.02904848961
6.03455846249
6.03569140428
6.0513594502
6.06049954648
6.07386362456
6.07870518344
6.08953027346
6.09254333822
6.10389139948
6.11532975829
6.12294248822
6.13630315804
6.14448605738
6.14859846186
6.14995841398
6.15101376291
6.15612324292
6.24811234826
6.25557729345
6.26732030837
6.26965177771
6.3003230084
6.30980785199
6.33405798658
6.37304934574
6.39057246583
6.40094643479
6.41323831747
6.42907732431
6.44162550213
6.44816044479
6.45184451723
6.46467981884
6.47643049404
6.48842127498
6.51523802946
6.51640940094
6.51743541976
6.5277717579
6.54269236138
6.54955314884
6.5551170621
6.56739389385
6.57738622569
6.59894648535
6.61465470646
6.63252556108
6.67228631845
6.69820673384
6.72000428354
6.73300388703
6.75677081953
6.77573925202
6.79355734478
6.81897356901
6.87421648684
6.89092063538
6.91852755601
7.58931047231
7.60895956617
7.63484396018
7.6651194256
8.62954024912
8.68534176632
8.74171790873
8.79082904812
8.82088300528
8.87932291267
8.92209977027
8.93899384855
8.97517133251
9.0774576637
9.12185764007
9.20476968428
9.22919267142
9.23708469936
9.27154758222
9.28924664236
9.32555329511
9.3691851719
9.39276533591
9.43242958213
9.44380467207
9.51418728127
9.57259594901
9.63346843368
9.72823756189
9.74717972612
9.85608414158
9.86987214534
10.0126377074
10.1007331324
10.1913333774
10.290554829
10.3395023196
10.4366035374
10.669201192
10.7540364889
10.7662999253
10.8009048558
10.9712209618
11.0219488094
11.0408418077
11.1864560875
11.3431188317
11.8148648591
12.0569332878
12.0983387007
12.3156855786
12.3954245134
12.5219515906
12.6016191692
12.7589740295
12.8201579251
12.8947130608
13.2053365253
13.264233065
13.3380820392
13.5603913641
13.7572797808
13.8618776792
14.1251775149
14.5259950198
127
