6.00261785894
6.00770679245
6.01344606436
6.0141993618
6.01913891724
6.01988107318
6.0330101101
6.03576593911
6.0374638856
6.04840582676
6.06320974545
6.0856014757
6.10297604454
6.11879489859
6.12128913615
6.12623125987
6.13249167601
6.13937101249
6.15083697802
6.17902507313
6.29511987517
6.31924847729
6.32413364556
6.36771100413
6.38266004711
6.40217091863
6.41159226378
6.43662576546
6.45780435569
6.46524509768
6.46960540403
6.4712781987
6.48995272486
6.50414757438
6.50630055039
6.5297914064
6.53366039709
6.54208590439
6.55429404167
6.56663841603
6.57279228405
6.64528064343
6.66366020676
6.67200990405
6.67500453527
6.87493768369
6.89133245376
6.92700409561
6.96244120146
7.00059513434
7.02719105173
7.0950110962
7.12729254269
7.1439780991
7.21559747983
7.24122750692
7.26812773656
7.30283224013
7.3311834372
7.35964982534
7.54647361163
7.54963551417
7.60910572455
7.62254444938
7.73113383824
7.74583961054
8.10968256531
8.12970881526
8.16697667328
8.38842025092
8.4474797501
8.4771200377
8.59064427437
8.75572465876
8.77155409681
8.79479760596
8.83001359808
13.6541665502
13.743454017
13.7815981609
13.8244581183
14.3791544553
14.4039959354
14.7133850731
84
