6.00118642875
6.02117705486
6.03109219534
6.03543778101
6.05159082994
6.05480550523
6.06137274513
6.39145181363
6.42377964868
6.44046045898
6.45200971317
6.46029739404
6.46646152032
6.50081267266
6.51002484507
6.51962097266
6.5393651133
6.55533062772
6.56196006776
6.58862067535
6.59198424065
6.60383321257
6.60483647016
6.62908330632
6.64073089878
6.66882889102
6.6988617935
6.70229673146
6.74978127619
6.77474171097
6.79525737598
6.83055015282
6.84777904709
6.87960235973
6.892009915
6.91212881407
6.922493528
6.93703217278
6.95968621896
6.97846412547
6.99462756149
7.03204468769
7.09439435303
7.11349158125
7.13041260424
7.16043591997
7.17848291299
7.19599136031
7.21383591037
7.24935422737
7.26830793797
7.28468005904
7.31919552852
7.37795949741
7.64628026642
7.72367112438
7.75483766025
7.77035394963
7.82643608914
7.87317741892
7.90384105992
7.99179940187
8.02284664253
8.09423777229
8.09816809132
8.11603218847
8.16191235465
8.21330751433
8.25332378857
8.39243023164
8.43545832136
8.46584495514
8.52041566737
8.62980434857
8.64670406527
8.68892315275
8.74165808553
8.79794485832
8.87142582521
8.8858654769
8.94258836072
9.05422980884
9.10578078845
9.1500551556
9.24220843614
9.31525279885
9.4871681197
9.73143625402
9.76788022714
9.85311961385
9.99873180286
10.1036475746
10.1866970745
10.5655438366
10.5827661009
10.6846002423
10.7352146504
10.8351932638
12.0716073842
12.5300294963
12.641533998
12.7958181683
12.891419519
12.9403027637
13.027280638
13.0437082812
13.6114894745
13.7038849362
13.8972509707
14.4194371536
14.5168733172
111
