6.00793743931
6.00858709647
6.01195309969
6.01779415303
6.03453709027
6.04269598686
6.05741505559
6.06572201797
6.0722772983
6.08100101998
6.08762781371
6.09796392363
6.10295012438
6.11353425415
6.1190903069
6.1309935309
6.13937142953
6.15054645733
6.16181932815
6.16783594773
6.17264689907
6.17669288946
6.19805158062
6.21139116831
6.21265483852
6.22146541377
6.22718839139
6.23326975325
6.24700210984
6.25576610261
6.2795524299
6.29027386901
6.29592172179
6.31211021981
6.31612299393
6.35574431718
6.38957466372
6.39054928715
6.39951946712
6.41338409408
6.42375179445
6.43107426523
6.45154793321
6.52487312986
6.55471970341
6.57551569726
6.60181785767
6.6236484447
6.63521044866
6.69269067155
6.80390038107
6.83801036753
6.85621400503
6.86614238819
6.88118119727
6.91092604112
6.91751725329
6.93905268495
6.97080327928
6.99872911562
7.02599721591
7.10675250638
7.14139440909
7.14994644905
7.16621638616
7.20464832466
7.22530523332
7.23606776021
7.2534867748
7.26822634121
7.27086808183
7.29041972554
7.33318389386
7.37572959525
7.40594989651
7.4339325047
7.48003115277
7.51533512999
7.54724172416
7.56086722676
7.57849952942
7.59099135679
7.61184648241
7.67100332071
7.72005904808
7.89841949487
7.93513924405
8.05812489554
8.09667975484
8.14426981991
8.20102192709
8.26296799479
8.30388974317
8.34341389409
8.46808117154
8.54771701049
8.58454875979
8.69983501318
8.77397643736
8.80831002479
8.97987855847
9.0503800397
9.27365263661
9.37869525778
9.46662867964
9.64756551963
9.65542421779
9.74629515765
9.82073178286
9.89186704674
10.0292220038
10.0660312862
10.1095447988
10.1758097888
10.2329601347
10.3045565023
10.429807693
10.5152081041
10.5631135326
10.5698690079
10.6353930991
11.0281200293
11.11358704
11.194503147
23.4893848024
125
