6.00409518911
6.10803634671
6.12557280609
6.13017848481
6.13674379513
6.14147026314
6.15485621968
6.15973585842
6.16877595815
6.17652988549
6.18351550671
6.22587934873
6.23317799548
6.30789464938
6.32677240619
6.33762577956
6.34215317411
6.34634395971
6.36663776781
6.38483005275
6.39245323945
6.40373731707
6.42049439537
6.42718255149
6.44888614764
6.45823311048
6.46382223564
6.48078350589
6.49625133807
6.52418226475
6.53294160798
6.54724659736
6.54920355741
6.56087543193
6.56384751101
6.56750378711
6.57966241951
6.58550132189
6.61463244062
6.63432475253
6.65125454593
6.67328566486
6.6823219026
6.68600415178
6.68831797685
6.69540898656
6.9275063114
6.94610409027
6.97790693975
7.0000163422
7.00261123035
7.02892823165
7.0577822123
7.07707153725
7.11161488683
7.14884199226
7.15724415795
7.18160114287
7.21311182423
7.26296386934
7.26733378927
7.31830949785
9.54033624268
9.5585494832
9.56789010839
9.81270682771
9.85582547489
9.89389357973
9.99197363235
10.4854038902
10.5520106557
10.5967429546
10.6522179377
10.7296777324
10.7672429322
10.8523923533
10.8840490155
11.0744795267
11.1534775327
11.1964060847
11.3131691857
11.4239758867
11.6651034347
11.7908419702
11.9511743773
12.1142367046
12.2061602079
12.2527789444
12.4281914797
12.6717961185
12.7671988305
12.9080413163
12.9688741432
13.1230529943
13.5041715837
13.524924304
13.666891023
13.7790430693
14.0626255361
14.2712555114
14.4642336597
14.6032165071
102
