6.00759814701
6.01310439434
6.02162308082
6.03354949242
6.04288667405
6.0542155917
6.06312595555
6.06943774345
6.07995457502
6.08978824669
6.10947378391
6.1147877047
6.12977691799
9.63773881407
9.71025490559
9.81781138186
9.9571253209
9.99854029919
10.1090639535
10.2968013009
10.3733518505
10.4978232804
10.5787604693
10.5908237966
10.6821712482
10.7618505769
10.8326800943
10.9534226281
11.0157273419
11.0752249801
11.2529286758
11.8070508889
11.9022157381
11.9969074688
12.253049238
12.3822401055
12.5288645346
12.544998634
12.7287070905
12.9360819787
13.1318364356
13.4378053354
13.6737954104
13.8083869372
13.8309718821
13.8865126045
14.010369071
14.5340671123
48
