6.02887009904
6.03223517653
6.0774054899
6.08969844219
6.09702199453
6.1053633155
6.14920093702
6.15715206381
6.16171814486
6.18716703903
6.36166670453
6.40095207437
6.40985570579
6.43575044493
6.46149706939
6.4685830711
6.48930463693
6.59063300746
6.60759777141
6.62760591337
6.6339700793
6.6369982492
6.64946279179
6.66214588868
6.66337106599
6.895940325
6.89814389605
6.93104676369
6.95243148482
6.97063219442
7.00732268277
7.07336250268
7.07563711606
7.13851067943
7.19354613186
7.19556305503
7.28003069648
7.2983665256
7.32508484513
7.32716630961
7.36939435699
7.39489761586
7.44578012979
7.46750801176
7.5079636716
7.55444509092
7.74137296271
7.76935214109
7.78258012745
7.80326514239
7.82046262356
7.88015887342
7.92901932614
7.98537723844
7.98867246121
8.00741554614
8.07025674659
8.07679789486
8.13231884066
8.1854724385
8.23090976032
8.27162082236
8.29450584578
8.29914799509
8.35754237826
8.43935641257
8.50261680035
8.55550578082
8.65387878406
8.70896568291
8.72579834216
8.81161410164
8.87979655937
9.01217873978
9.10324889565
9.15613326379
9.18621494387
9.27575636345
9.3571313643
9.41436418005
9.44831211378
12.4619356174
12.4744759235
12.6344781729
12.7489530073
12.8096359705
13.3603463933
13.5545990655
13.8375418754
13.8585760083
13.9737598581
14.0550876457
14.079244737
14.1680898519
24.5808101859
95
