6.00633891552
6.01500996017
6.02159431294
6.03027182449
6.03265258348
6.09194124592
6.09256882496
6.12151218155
6.13864134735
6.14501067499
6.14859348496
6.16070542083
6.16313977914
6.1714519083
6.17957874453
6.19310508328
6.19763233473
6.19984956575
6.20844688261
6.22170580683
6.22874651883
6.23311138122
6.24176191737
6.27238118134
6.28414340466
6.28924258236
6.29617006423
6.3000668051
6.31522019064
6.33023841541
6.34222694123
6.35187050756
6.36508836088
6.37807407515
6.39408638282
6.40319206266
6.41672468491
6.43304863535
6.43398809071
6.44639672301
6.44874567435
6.45298524224
6.45529312597
6.47311097505
6.47947591578
6.50197843165
6.51648491153
6.527516742
6.52907060396
6.5300737608
6.54724778912
6.55006855833
6.56674801792
6.59193569098
6.60601403016
6.61073419935
6.62169245008
6.68846444959
6.69025278012
6.70239758773
6.72849425504
6.74582200919
6.76718457595
6.79803642321
6.82019759625
6.85596177286
6.87570441198
6.92618977172
6.92948882103
6.98074633061
6.98488522205
7.01880289479
7.03851707666
7.06969373029
7.10468434778
7.14075860215
7.32826485762
7.36264431355
7.40693483688
7.49479342426
7.52240872443
7.5752356729
7.59340218475
7.92867467663
8.12360965316
8.1668492861
8.17103858609
8.26808379033
8.28469788922
8.3319890781
8.3813216321
8.43776413148
8.54599054195
8.56816103888
8.66281110833
8.78095707757
8.86266981923
8.94750582328
8.98307762679
9.07832331032
9.10249039467
9.19305993915
9.2299207631
9.2580344374
9.3125130313
9.37715145413
9.65330277743
9.66954508161
9.69512035346
9.79545234106
9.81037818571
9.85992607353
9.89554521954
9.99054099833
10.0806446339
10.1364455292
10.2077182444
10.2584135771
10.2986442665
10.4016329239
10.5241583223
10.5370108031
11.1646637077
11.3095933633
11.3959279562
11.5430878242
11.7607461869
12.1209470447
12.196691522
12.4374104879
12.504544901
13.103320772
13.2004056873
13.4037321754
13.4936517539
13.5941626545
13.8257918562
14.0536237705
14.1647962271
14.4502069933
14.8891857035
141
