6.01314351224
6.02133208513
6.02253853421
6.03105424827
6.04168594002
6.04423296274
6.05048561246
6.05812458682
6.06464328534
6.07468080816
6.09166250264
6.10499639906
6.14902795428
6.16079563747
6.16159391655
6.20025082894
6.565446115
6.58086600221
6.6147645412
6.63418993286
6.64899909086
6.6822724032
6.70342231435
6.70569487417
6.71122803903
6.73308498325
6.76353284765
6.76489274322
6.77318568919
6.82580850241
6.94723090536
6.95881446648
6.97592541806
7.02233875198
7.04146755215
7.0838483995
7.10821546917
7.1105172598
7.13174812694
7.1766614063
7.22890988302
7.24979302709
7.26137199145
7.27587855329
7.27950934217
7.33750966754
7.38448902213
7.39041228426
7.42080210601
7.42828275061
7.54645697576
7.55625366715
7.58481299675
7.60911825637
7.65047691104
7.73101849692
7.82310841796
7.87856552273
7.93998615535
7.97222943873
7.99480831591
8.01785055299
8.34246206684
8.52031390048
8.56280670824
8.77639975727
8.80400844907
8.82787152487
9.20634089665
9.23290633006
9.24172451645
9.32573891227
9.36864295651
9.37287379269
9.46111805851
9.52189295813
9.63001270513
9.73307341419
9.84809312007
9.95525114167
10.0545474087
10.0839003603
10.0906953419
10.1595061336
10.2071571788
10.2514714343
10.273198748
10.3473367556
10.3722205841
10.4727806298
10.5230454706
10.7564458909
10.7681432349
10.9078680954
11.1266802891
11.4607367532
11.8196396078
11.9011163847
12.1159646344
12.2605426348
12.2726634589
12.5146567906
12.6666904728
12.7710758446
12.7857539836
12.9262881694
13.1098139449
13.3313393477
13.6771793421
13.7957775022
14.0732621005
14.2374318638
14.4064995517
14.4670870397
14.4890195906
14.6818591056
116
