6.0008739643
6.01272223054
6.02388226453
6.02449044677
6.0513154129
6.06071916016
6.08327972227
6.09639025587
6.10953997394
6.12446834511
6.12959346006
6.14177386349
6.15856600065
6.16719082947
6.17256628634
6.17857637727
6.18491337274
6.2408375811
6.2774667077
6.28804136714
6.29458407699
6.29892712528
6.32902913824
6.34589619886
6.3685969687
6.37835205294
6.4051851438
6.42180087177
6.44474995303
6.44721635254
6.45620856951
6.46737340663
6.48012523967
6.49139271478
6.49982321479
6.50787768533
6.51814983921
6.73320102183
6.74614825912
6.76733990827
6.77917209061
6.80164064639
6.88787338477
6.92897343258
6.94792463063
6.97319348327
6.9900476273
7.01968540668
7.02448240233
7.03569809933
7.10330809317
7.12383946951
7.16290984137
7.2283147771
7.23138863897
7.23972023289
7.29949665031
7.33812546795
7.40102467243
7.4289177249
7.47135265331
7.49189363021
7.507277216
7.53797869483
7.55192257192
7.60692572477
7.65873090914
7.68938625077
7.73511307114
7.84585731596
7.87566043389
7.89019066756
7.90166153315
7.97398049078
7.97858113261
7.98493384424
8.09074767325
8.15144782656
8.22160275695
8.24933036207
8.29207620926
8.32972904888
8.38716960265
8.47212100014
8.99930488036
9.11444712461
9.15767768364
9.23351335347
9.26412737515
9.28731482924
9.29400618344
9.34263023239
9.38236733692
9.66016396024
9.86953671149
9.9649555069
9.97369872693
10.0294972287
10.1268554025
10.1392182179
10.1531448163
10.2067612767
10.2720166973
10.3578404245
10.3744765333
10.4596818448
10.5189906075
10.6720386823
10.7177153252
10.8649882539
10.9321302464
11.0029865348
11.0505875747
11.1265142454
11.1878224522
11.7818551572
11.8800292627
11.9974095056
12.1189667279
12.2294235384
12.3803823334
13.0893718774
13.2041780119
13.3472219009
13.8133750203
13.9406004534
14.2652012563
14.285855763
14.5694706863
129
