6.00664233758
6.00780818681
6.01534207978
6.03130121955
6.04146785442
6.04227582773
6.09730922453
6.10357606529
6.10542130706
6.13822046322
6.14220550041
6.14872552512
6.15887516474
6.16662004909
6.17526408079
6.20583539068
6.32574309401
6.34389440426
6.3958055883
6.39687477817
6.40722511971
6.42576494419
6.42772785107
6.45896824515
6.52237448626
6.54298629416
6.55314388575
6.58008422426
6.59924396123
6.63548652906
6.64158020481
6.6575697185
6.66045690454
6.67061056719
6.68458487614
6.70564563986
6.72092934977
6.75807864418
6.76080682767
6.80440395325
6.82305284813
6.8480349866
6.86230744211
6.9187514801
6.9358039311
6.95079206988
6.96666807091
7.00255053027
7.00835337518
7.07627686814
7.10933911319
7.11640785935
7.15616484361
7.19494942303
7.21834484449
7.25924303872
7.29906075677
7.35690799905
7.45163074991
7.49694881787
7.50787113803
7.70916022474
7.76001406893
7.78841447759
7.98859408414
8.01858260437
8.0384506375
8.09859219762
8.31638681973
8.35176845328
8.35488801097
8.36332497861
8.54664053723
8.59207558822
8.6283559437
8.66493861793
8.685531862
8.75099498837
8.88646685685
8.92437554801
8.99559858625
9.04292018715
9.05857412455
9.11933209726
9.14057892378
9.17204073732
9.22474879201
9.26940424521
9.43608304636
9.52343972948
9.69798641409
9.77777717231
9.81122122943
9.84232233298
9.98890380106
10.0980162459
10.1224087779
10.2131577919
10.2655405173
10.3579280366
10.4166835577
10.6919972692
10.8094244017
10.9132258471
11.0280294244
11.2082810096
11.2544916858
11.324067949
11.4360695668
11.5300086395
11.5883838164
11.653954413
11.7147838467
11.7692772084
11.8668890062
11.961578825
12.0958307163
12.1033388517
12.1835137015
12.3746203702
12.4588420917
12.6180041644
12.6417542494
12.9230247084
13.10338496
13.1521747367
13.6359263465
14.2957533371
14.3826641813
14.5015945864
130
