6.00749632035
6.00830500439
6.01588505866
6.02042916558
6.03502303039
6.04192381845
6.04582443234
6.04946697171
6.05352042585
6.08944430438
6.09485498793
6.09564916882
6.10858269454
6.1217444203
6.12835472912
6.13085297331
6.13141064649
6.14537447094
6.14971948931
6.15998574963
6.16675082146
6.19157641783
6.20730591214
6.21360576833
6.22559378507
6.23857420564
6.25077631724
6.2574735369
6.32177044402
6.32823118865
6.33401045749
6.35287454283
6.36886467562
6.37703789914
6.38599334206
6.40657705836
6.41512667948
6.42635764383
6.44191589868
6.45479568623
6.47336136208
6.4997133493
6.51350925211
6.61074418213
6.62190283103
6.67601869192
6.69056483584
6.85245673576
6.8577983054
6.87619207496
6.87906907008
6.92159502037
6.93651400052
6.96818245779
7.03809374404
7.12929705769
7.14849738848
7.15840505497
7.17882654759
7.19940437456
7.2292959316
7.26090286074
7.41095649348
7.42251619814
7.44173938327
7.47144978491
7.50328055989
7.50557946342
7.50823344649
7.5259443855
7.67635942664
7.68644210681
7.71747011512
7.78169288153
7.86395491705
7.89575596894
7.94021926025
7.94269154637
7.95016816433
7.95574146095
8.0056964001
8.05670483495
8.62440956605
8.72281819159
8.81694556548
8.88388211771
8.89580303856
8.92730576097
8.97812723801
8.98598314176
9.10309025987
9.13199390934
9.23358570246
9.27346825035
9.28471708369
9.33510237938
9.41061093773
9.46986821642
9.50217985434
9.55586665181
9.56012564062
9.63882686944
9.7922092865
18.8853306095
104
