6.04464204834
6.05042931293
6.35422713935
6.36564516875
6.37307225174
6.38019743273
6.39177820583
6.43022668146
6.43870548676
6.49012375172
6.49953800823
6.50646256282
6.51566278009
6.56217356941
6.58451252206
6.60852005288
6.63965197797
6.66849833485
6.68670941365
6.70476648189
6.71464624479
6.75613230119
6.84902849791
6.87631265438
6.88832326837
6.94731110663
7.01577310687
7.04991174719
7.05918473518
7.0843572885
7.10254837866
7.12446670347
7.1264995539
7.71147496032
7.72747181093
7.76738960375
7.79476486404
7.86636927301
7.94132030208
7.99468171167
8.01986678205
8.03050784178
8.23198889676
9.64670141577
9.71484270645
9.78862960224
9.93527412018
9.95550143829
10.0018481209
10.0285487854
10.0373074013
10.0931758743
10.2324777301
10.2391634878
10.2916229276
10.3559203259
10.3624868468
10.4049245067
10.434218962
10.4923428551
10.5505032657
10.5782367808
10.7072538488
10.7477094828
10.8514173439
10.9430634218
11.560311843
11.5931807122
11.6314509215
11.7505367002
12.2084345103
12.2636506168
12.3921422824
12.679070545
12.7818906102
12.9133058984
12.9348311985
13.052540051
13.2238844655
13.2814118065
13.7833859221
14.0106042958
14.5340921542
83
