6.04046630907
6.04475794343
6.05298956192
6.05460304541
6.05767780967
6.06849100852
6.07558777253
6.08505885308
6.10712433081
6.11724941312
6.13570016494
6.13881726331
6.13935259289
6.13994719767
6.1416616131
6.15910024228
6.1611257913
6.16578000181
6.17412710998
6.182074532
6.19301216607
6.20436841268
6.20811471623
6.21973509182
6.22446140567
6.23665395322
6.24050291941
6.25115502369
6.28193959513
6.29803069629
6.29919272637
6.31633568387
6.33380330431
6.34767289986
6.35584425696
6.36225499156
6.37922504725
6.38018205987
6.397337007
6.40398104906
6.42008252664
6.43524217369
6.45008223034
6.45496596031
6.48581938412
6.48993702746
6.49888189977
6.50964544397
6.51288429592
6.61139697853
6.77153265273
6.80572220699
6.89576138532
6.91272968946
6.9304773648
6.94806478153
6.96300138425
6.98879365446
7.00922003518
7.0199775391
7.08941377384
7.09521060881
7.12392998563
7.14424709918
7.17848053259
7.26567294065
7.30008925783
7.32208191088
7.34867779735
7.36212168644
7.38165110247
7.40881644508
7.43299673163
7.43885449817
7.57658541433
7.60923697908
7.64959856614
7.71187867247
7.7449295491
7.8113155519
7.8497488144
8.00849327124
8.05387612757
8.19479393849
8.21929522684
8.25888825654
8.29201740303
8.33268899464
8.4078720508
8.46895883529
8.50677212467
8.52518618059
8.56403024804
8.6027421923
8.65890345015
8.71975690725
8.79130089698
8.8491164471
8.90566731104
8.97442369586
8.9954141477
9.15383013505
9.19212903002
9.24774390049
9.33349162656
9.41547156357
9.51413349883
9.98584828784
10.0191275967
10.0442298941
10.1850639093
10.2408252525
10.3170937895
10.4494868927
10.5418111978
10.6522213241
10.6781530766
10.7459366862
10.8872839531
11.0318042424
11.08455329
11.1328092982
11.1890372672
11.3441833817
12.2673156888
12.2916763784
12.3036604371
12.4780515829
12.6266990818
12.7181223055
12.8404846949
12.9656276356
13.0766483613
13.219396257
13.988122748
14.6496171474
136
