6.00483463408
6.00637617427
6.02811784293
6.04686557853
6.05655617982
6.06230187208
6.07371250297
6.10340114463
6.10562898953
6.10876802344
6.11693342318
6.1367847797
6.14416929229
6.14847260083
6.15112013104
6.15182631846
6.15347137791
6.15985109537
6.18553491234
6.19778094169
6.20257591537
6.2099418535
6.21916264096
6.22512345597
6.23936220755
6.24872012006
6.25929477253
6.27952980656
6.29064976571
6.30106664829
6.30532993551
6.32626972703
6.34137682097
6.38655159969
6.39848799267
6.41807685466
6.44543365093
6.45624017121
6.47929725898
6.49015592827
6.60438012389
6.61490191531
6.64442518999
6.65837791065
6.66051580054
6.66688503337
6.67365756478
6.70102799739
6.70322652459
6.73413077857
6.76201987658
6.77818754806
6.90282571858
6.91309511301
6.91475864117
6.96941000636
6.97906151991
6.98551299849
7.00222801305
7.02038005577
7.04044470058
7.0588710091
7.06218569771
7.07731296151
7.13355282896
7.19563030028
7.21175124529
7.22772088306
7.26994323685
7.36969174559
7.37376917627
7.41069255656
7.44052543737
7.46330977118
7.62432681736
7.65298908609
7.68875461812
7.7017112237
7.73152289318
7.77678859784
7.80256028358
7.88679603505
7.92005916353
7.92366149348
7.9342448911
7.96210313604
7.9799813144
8.03448379611
8.06406368945
8.11539242449
8.13913560081
8.16359567011
8.1676356377
8.18560423232
8.26299687908
8.26718287573
8.27267222936
8.31418064701
8.43849676113
8.48925305192
8.53980656503
8.54758686506
8.60014344807
8.6676033288
8.71303729313
8.87029949991
8.91503782446
8.94334598967
9.24741837027
9.31179997633
9.36164323447
9.42079249213
9.45670955479
9.54544825815
9.67956675305
9.76545251482
9.81016199796
9.85972705702
11.3743953567
11.3869300393
11.5145430514
11.7356748204
11.8606946946
12.0779268507
12.1924680137
12.4083934956
12.5693633824
12.6127602777
12.813525384
13.0045423058
13.2365866476
13.4010704221
13.540261646
14.0116652752
14.2690986774
14.3947912378
14.4459864167
14.5882312158
138
