6.00682108655
6.00768702929
6.01101606884
6.02002683664
6.02138892964
6.02844105763
6.03359554545
6.0422164233
6.0508143161
6.05789045845
6.06292404616
6.07449395033
6.08022971631
6.09093911774
6.09574587265
6.10314771166
6.10781535607
6.11839221733
6.12254289578
6.12326492252
6.13475451737
6.23542098821
6.24957488012
6.25378641752
6.2550313858
6.26380625241
6.27526976731
6.29864602271
6.3093029903
6.31055587246
6.3192330586
6.33416022297
6.34460712205
6.34579830602
6.35128306707
6.35595778569
6.36008440346
6.36592061694
6.37708703176
6.388485035
6.39757874519
6.41071972126
6.42390722224
6.43405897417
6.44274293195
6.45242270423
6.48819140462
6.51675757929
6.54159285882
6.5946019272
6.60654127283
6.6211007946
6.62752153038
6.64915602813
6.67545177951
6.70660976482
6.73367241815
7.32873285549
7.45621739425
7.46735055068
7.50724628771
7.53531644292
7.56653922727
7.63020287556
7.6547893071
7.73037456333
7.77737634953
7.83764175461
7.87794601303
7.88083022795
7.9269469736
7.97410597378
8.28417197319
8.29944222584
8.34415790789
8.40978378034
8.41557224502
8.44694691764
8.49466634504
8.52401971661
8.62062384623
8.69610703636
8.73405926926
8.98857144771
9.09031933492
9.12878151679
9.16394032822
9.38376920021
9.40154272425
9.53511777304
9.60339568649
9.6678613248
9.68098829579
9.75206519585
10.0169888015
10.077858859
10.1371789961
10.6487214584
10.7605518988
10.8029877298
11.035804151
11.1465200386
11.4245351464
11.4923612347
11.6009454585
11.7009561817
12.4162387105
12.4271580526
12.6581264966
12.7722472987
12.8670167306
12.8839414445
13.030752267
13.1670445188
13.2242439068
13.3372028538
13.5688277544
13.7153278695
13.927548677
14.0690890722
14.1827143003
14.3468219043
14.3689814579
14.6846644547
124
