6.00391770417
6.01059376506
6.01792089939
6.0214865322
6.03119274197
6.0388704954
6.10527545968
6.10670184056
6.11585492248
6.117273684
6.13476914314
6.140067453
6.14842755669
6.16911840299
6.18252275469
6.18693702467
6.19442499305
6.20256456922
6.22614782731
6.27304496235
6.29192354561
6.30939568191
6.85304577796
6.86071068107
6.8831373519
6.90379596092
6.9541560196
6.96160114865
6.97780952652
7.0094244982
7.03111460504
7.04254635602
7.05387954583
7.06441488697
7.08939049745
7.1289224392
7.13201129305
7.16960485614
7.20910609302
7.23059798076
7.32447059165
7.61079356402
7.62052195505
7.67628545351
7.67914968221
7.72988728423
7.75997372005
7.95758398056
7.96615517505
7.98698428446
8.0057174099
8.01714769943
8.05950993021
8.10543876549
8.10865525358
9.79298082507
9.80500770993
9.86586532874
9.90072112755
9.98006598867
9.99950459956
10.1036904295
10.1250385268
10.1922829996
10.2011760339
10.3455387395
10.4406241927
10.4492592013
10.6447074261
10.7605556567
10.8206267628
10.9142277575
12.7284383287
12.8488864757
12.9509619258
13.0397520804
13.1278606641
13.1796503261
13.2758192933
13.2936486207
15.6230591586
81
