6.00816792931
6.01677050234
6.01793128979
6.03924649775
6.04870192611
6.15789575953
6.15988203836
6.16794755166
6.17250023238
6.18080771757
6.18783803288
6.19161057769
6.20117385898
6.20331430265
6.20883031849
6.21271455746
6.24174899878
6.24272318541
6.24628035808
6.26808035558
6.26928077333
6.27066764929
6.28514959867
6.28650907401
6.2946634722
6.30870188742
6.31728797968
6.33096744025
6.34185045547
6.36642054025
6.38166002342
6.38455532709
6.39267641138
6.41667215832
6.43012379296
6.44444579568
6.46319554864
6.47054490976
6.48077157766
6.4951157894
6.50850517784
6.51035078087
6.51161139467
6.5265487901
6.5586795619
6.56620950943
6.58584043186
6.60622246648
6.69575103657
6.71583839088
6.75548644769
6.78767471004
6.78997881269
6.81246440703
6.83070996499
6.84489286849
6.85796736185
6.90442281973
6.91359574601
6.92399582391
6.94457517949
6.96882924637
7.01946311788
7.03537988679
7.05395900896
7.06131308497
7.073113721
7.0821920739
7.10040939939
7.12168301448
7.39579531333
7.45999937166
7.49816108197
7.53668568859
7.5532718646
7.59611269029
7.80018908912
7.9922814569
8.12600525655
8.15487595557
8.20089588109
8.25401849212
8.29504027643
8.31922312077
8.37333500731
8.41978401202
8.44377398273
8.52847110158
8.5715008515
8.92482785322
8.97567321905
8.98356999428
9.05109527906
9.1154154908
9.12225539101
9.17611719103
9.21908591585
9.24488415845
9.29810515864
9.34984127859
9.43372064423
9.51725591713
9.52273829432
9.64261304587
9.68374020686
9.73690383266
9.77686808006
9.82653161819
9.88128141062
10.0256238594
10.0306381117
10.2118590815
10.3601315795
10.4924027192
10.6142298229
10.620526135
10.6676775763
10.7907768772
10.9270327589
10.9393335469
11.0729421703
11.1960069424
11.2904962863
11.5747000714
11.8620413392
11.9512001364
11.9597050755
12.2642327204
12.4542127216
12.5672152404
12.6973752802
12.7820201045
12.9253499556
13.1036337272
13.2995073888
13.4816688058
13.581159647
95.2424309047
138
