6.00074559396
6.0533241841
6.06121274066
6.08944517575
6.09541680577
6.10179790535
6.10384859992
6.11308908989
6.11738912213
6.12495842091
6.14299356978
6.15725432422
6.17293988328
6.18523580947
6.20761637653
6.21209384993
6.23063697914
6.23778727674
6.24155923516
6.25354297427
6.28973638401
6.3000223775
6.30781366763
6.31820462704
6.35145201993
6.68667300186
6.68992665864
6.69790537232
6.73150292992
6.74153830536
6.78171415482
6.80393001827
6.83996887493
6.85168324855
6.86815791901
6.87047050688
6.89028702965
6.92393915104
6.95186772434
6.97404780727
6.99325241996
7.01112744437
7.20989284809
7.21278354553
7.25383180198
7.27524069821
7.30286859195
7.33481854343
7.46435548745
7.5227496461
7.53743838837
7.59945660337
7.65202296592
7.67545110018
7.69373142495
7.71769615969
7.80117916929
7.80763671342
7.84783838937
7.87979317056
7.88329755667
7.93228457894
7.9911675804
8.05351465308
8.10230908299
8.1578246298
8.16162098309
8.17714278166
8.19577232617
8.20143246478
8.23023498327
8.24409669808
8.27593122283
8.30615800313
8.34522398394
8.39631693203
8.42267227847
8.43751459683
8.46379622169
8.56763103352
8.61414440802
8.63747226665
8.71287278551
8.76366118987
8.76730086332
8.77099842703
8.78358780002
8.86111684896
8.9010397116
8.96854073788
9.03849317591
9.12270827428
9.31964233827
9.34482178689
10.392258279
10.5715904979
10.6027840476
10.6198947275
10.7400626692
10.8646507912
11.1185259114
11.2914614493
11.4267342971
11.5910944837
11.6656432945
11.7168282673
11.7978193033
11.9061811881
11.9943871423
12.1330771258
12.3347541719
12.4710979383
12.6183752249
12.6839753102
16.9489355248
115
