6.00053342698
6.00185756752
6.00639902533
6.01778033559
6.03266717147
6.04434597443
6.05119886022
6.0547712612
6.07667582372
6.08581120522
6.08808034078
6.09154991735
6.10946835932
6.13074427266
6.13228015255
6.13809620099
6.15841893634
6.17267645775
6.1786777237
6.18181360581
6.19693623443
6.19948270492
6.20321848145
6.22181563128
6.2249967747
6.23118268398
6.26055856051
6.26534077796
6.26722946362
6.28091483987
6.28451453556
6.29250265634
6.30297054744
6.30426990777
6.3126089234
6.34529144298
6.36114913913
6.36912146551
6.57770415041
6.59954523063
6.62431673059
6.64144372281
6.65214766558
6.66211283207
6.67849850067
6.69354090027
6.71130288535
6.74478567612
6.77336586437
6.79349068251
6.80677744011
6.81377080992
6.86620780912
6.88340315227
6.89286399762
6.91071701361
6.94253677736
6.95542609953
6.9676336301
7.05362957809
7.11268793809
7.14656081734
7.17835450509
7.19071932072
7.22607886251
7.23952408834
7.25377024796
7.27361088265
7.29942521398
7.32153092956
7.34624249563
7.41637736822
7.44818571044
7.4762702827
7.50597444453
7.52856206929
7.54061334518
7.59031963127
7.6021039165
7.63111965678
7.63316357577
7.6456099842
7.67259966792
8.00619044105
8.02676905823
8.0629535034
8.08685333149
8.12899363981
8.13327186507
8.15924346997
8.16427518686
8.20763898236
8.26964201185
8.33288573951
8.3630564311
8.4279800038
8.4901687749
8.53968124425
8.5458711064
8.63048622547
8.69880520709
8.80091111794
8.84240752057
8.87739040516
9.02100730018
9.10650235047
9.13884424901
9.16344367424
9.18311199341
9.26685238567
9.33721788252
9.38999059139
9.41794344017
9.50160141827
9.53467598365
9.54395202196
9.60862201391
9.66030579312
9.66679406465
9.74138747228
9.82345563753
9.83527163639
9.85912573468
10.4415613189
10.7366353974
10.9810264384
11.2004389885
11.2564321047
11.3843353647
11.6757232547
11.7377562868
11.8638551295
11.8965526348
12.1753571959
12.2602139149
12.3211175356
12.5019429726
12.6749719013
12.9846717918
13.2832887934
13.5196984938
13.6487121454
13.6636636887
13.8516871382
13.8899044127
13.90642254
14.2024984546
14.5552169853
148
