6.00654037612
6.01077056233
6.02079481523
6.02328375454
6.02560173997
6.03585912083
6.04578774038
6.04727221492
6.05185654912
6.0560425453
6.05730863698
6.06143647466
6.06245144075
6.06848974745
6.07274315239
6.07882711181
6.08920651399
6.09507541694
6.10092915931
6.11441356628
6.12914785496
6.13168624909
6.14246847493
6.14940011947
6.17393023891
6.17941555235
6.18450167905
6.19745750498
6.20471827567
6.22147966122
6.2221336567
6.26247872375
6.28082916324
6.29021829181
6.29175596915
6.29326466597
6.29609260681
6.35439759189
6.37372711714
6.37580876701
6.3824930703
6.54692013352
6.55832716924
6.56791612612
6.58246142707
6.64990282724
6.67186974984
6.67790365051
6.67996910798
6.68882385148
6.69046545216
6.74076734862
6.75577662591
6.77760296383
6.78901451746
6.80592175599
6.8903299902
6.92581730244
6.94851290155
6.95709953384
6.98840188603
7.03389336447
7.04876927333
7.06171647969
7.091142128
7.10006394214
7.13601704473
7.20274087734
7.25750632844
7.27210948184
7.30114667651
7.30749675148
7.33417690062
7.36797161404
7.39684038988
7.64461513933
7.69460057305
7.74646689866
7.77930202525
7.80405842198
7.86038003364
7.91338187158
7.96015205419
8.26127611932
8.33032184713
8.37976900336
8.40939167208
8.41445630455
8.48970125258
8.52288872215
8.60468807714
8.67870044044
8.71282081345
8.78413474312
8.81603163015
8.89592721675
8.96533119292
8.98001424172
9.06781762965
9.15837126946
9.2246806825
9.27886738359
9.31662712134
9.35302855661
9.37829226676
9.38215636325
9.43363054334
9.58533492346
9.61501849785
9.67948053808
9.76163416849
9.91701814128
9.94427054315
10.1216174235
10.316434149
10.4400573787
10.8917963707
10.9689001196
11.3950298341
11.5561674137
11.7493906526
11.7641124526
11.9061775598
11.9595347216
12.1106329996
12.1242657465
12.2168228178
12.2947394744
12.3053369419
12.3519785862
12.4365826288
12.4500027747
12.4857297814
12.6036337397
12.8122928606
12.8751912215
13.0364451091
13.5521775529
13.8755662388
14.5189383689
140
