6.00345114045
6.00549661823
6.03823384228
6.03911535613
6.04276980808
6.0436907117
6.05854579235
6.05972224122
6.07613841197
6.08456920856
6.09121757352
6.09923628449
6.10481534863
6.11993461181
6.12125936368
6.12401951767
6.13270784012
6.13728184968
6.14770848507
6.17338211866
6.18802206615
6.19280041389
6.20368052334
6.21936344548
6.22875460367
6.24064074786
6.24924701285
6.25076123823
6.25730270001
6.26689159651
6.28386780772
6.28817176649
6.29402254659
6.30390264548
6.31150181758
6.33020653972
6.33569729493
6.34177298422
6.34873904157
6.35493425313
6.36361561908
6.46484990326
6.48082441369
6.48641787645
6.49419545605
6.51868322388
6.52872641281
6.53081175886
6.8913744183
6.92623087134
6.94687659618
7.64990769146
7.65331766692
7.68155698977
7.76119823286
7.78383941882
7.78780501253
7.80753159398
7.95065476516
7.96866260547
8.00118298861
8.03361873161
8.07073987314
8.09882751826
8.15235181694
8.21795839401
8.25405208316
8.32575885423
8.34993945216
8.46779195411
8.52379205461
8.59173256774
8.62319970922
8.64911824024
8.66262156791
8.68667733687
8.79804896273
8.84742509514
8.87938928469
8.88636771709
8.93119035309
8.99340318471
9.06423078334
9.3980697931
9.44661759555
9.56883103513
9.67042711578
9.75233135631
9.85224864402
10.1015516454
10.2223357924
10.3188372451
10.3312653045
10.4041358166
10.4479260043
10.532660002
10.7329984879
10.8618373487
11.8486174481
12.2102423519
12.3101215444
12.3859067298
12.4062355376
12.5913189488
12.8635288267
13.2096710443
13.4698028685
13.710163745
13.9493829656
14.3160613317
14.4755974971
14.6831437092
112
