6.1049354604
6.11443768564
6.28694343664
6.30044021415
6.30609578123
6.31181667774
6.32853334352
6.34516303727
6.38609536607
6.40293453519
6.42910610175
6.44224535839
6.45372319163
6.46682704423
6.48244932554
6.4904147082
6.50351848949
6.51426825429
6.52329169564
6.54173509089
6.5517189988
6.57635707766
6.60737555656
6.61664292781
6.62393783747
6.65764441263
6.67180881315
6.69243562558
6.70014367479
6.70472018509
6.72446610351
6.75600369009
6.77032853078
6.79293804667
6.81362670333
6.82362097697
6.83531068396
6.86749165593
6.87385968159
6.90211821573
6.97157621372
7.0114169936
7.01824912154
7.05324443969
7.09286566459
7.24302865642
7.24596543863
7.29443452952
7.37055717117
7.3961574479
7.41981652751
7.45664843573
7.51685096915
7.52955193682
7.54512244848
7.57631416644
7.60062265768
7.65613615474
7.74297986683
7.79023705519
7.82133957931
7.84198015481
7.94981537367
8.02696880338
8.09260974635
8.14480052391
8.16435296248
8.21746476673
8.290945292
8.36552429699
8.45941793234
8.6728081999
8.67698953899
8.7340294477
8.82793251759
8.92056522259
8.94420006537
8.986482304
8.99651162745
9.07746443553
9.09400438416
9.21056136983
9.4097799341
9.69765993707
12.2346705211
12.2795534197
12.5578485129
12.7971183767
14.6852580129
89
