6.0032286216
6.00857224628
6.01947556651
6.02052488139
6.02107328437
6.03498441752
6.04077675709
6.05918052069
6.07260465293
6.07804509943
6.0819459723
6.09270295593
6.10767892293
6.11596002868
6.12339044917
6.12456705808
6.60840271842
6.63602564734
6.65869900221
6.68402177438
6.80969209201
6.81219002961
6.90872346826
6.93160569951
6.96832489406
6.97538154958
7.01872897853
7.02041459397
7.0334177272
7.04298291664
7.13195674241
7.15471176699
7.1698892485
7.17832601554
7.18246245008
7.19036952082
7.22344233487
7.26261611705
7.28837012297
7.29977348473
7.31948986045
7.3358045827
7.34257421273
7.3600226477
7.38424635816
7.41485936067
7.44686331477
7.69352362305
7.75731628184
7.7715408843
7.79500617737
7.83465327258
7.85952269889
7.88877259681
13.4049767517
13.7424394146
13.9412674533
15.4885290535
58
