6.00809923702
6.01211341219
6.02660834929
6.93727304069
6.97322247357
7.0033095729
7.04138291734
7.06953037313
7.11366115509
7.14856256947
7.16891988656
7.18719029505
7.21585733914
7.22786620081
7.26024043409
7.32064367758
7.35655488061
7.39000896393
7.4194348513
7.47182611512
7.54502379847
7.57296027144
7.60599934029
7.65268682119
7.67611504227
7.73660310002
7.80755969654
7.82405798772
7.84254048517
7.85662702443
7.97306545908
8.70204171796
8.7162431512
8.79942207559
8.89558934411
8.97521842037
9.09184289471
9.12179558907
9.2047678737
9.335401159
9.46207330444
9.52177783683
9.60107181603
9.64911401643
9.69046481474
9.73822986738
9.7889810882
9.79730169331
9.80812085269
9.90264217866
9.94861750584
10.0493356882
10.5712811405
10.6050924412
10.6821773668
10.7635093921
10.8812729191
10.9429613111
11.0459857002
11.170130222
11.2893992216
11.3871207069
11.5301658957
11.6249260621
11.7230988971
11.7939640797
11.8744680282
11.9693267243
12.0140008419
12.1561104663
12.3824534907
12.4646979383
12.5445702939
12.6884028702
12.7005881546
12.9593463278
13.4550799754
13.4753541872
13.6820341671
13.8369284519
14.0360288685
14.1090427406
14.1736319901
14.366265667
14.4831728151
14.8779153655
86
