6.00124483789
6.00641688925
6.0108155795
6.0205982197
6.02125839243
6.03288743287
6.1798965428
6.18241874012
6.19422744484
6.19653946216
6.21016049466
6.2228041337
6.22982809639
6.23800890644
6.24637740049
6.25514720111
6.26554603913
6.28427899337
6.29172165615
6.34025521859
6.34118247765
6.35506780297
6.41251160904
6.41793027716
6.73983881862
6.74112624755
6.76671059931
6.77231553557
6.78929288389
6.80495592254
6.82711768472
6.91244832536
6.92513696226
6.95425341176
6.97603709834
7.05185897058
7.06127657586
7.07274073173
7.10622235629
7.1222300651
7.1562146669
7.15793724635
7.17190800399
7.20809597626
7.22082585783
7.2369516955
7.2615850514
7.28329722339
7.33077729658
7.33908686035
7.35405412091
7.41290744741
7.43063736259
7.46210380834
7.49097185974
7.50773320488
7.54522005928
7.56923572283
7.58590330314
7.61880887411
7.63461354516
7.64873286478
7.65191414226
7.69971358964
7.74814923017
7.77508368298
7.79288363183
7.81076919491
7.8484728577
7.92037416601
7.97958322074
8.0011562542
8.48151976084
8.5003337144
8.57024495629
8.5923502879
8.63656720705
8.83407090196
8.8573233627
8.92497268024
9.00070770113
9.00590781566
9.04207796422
9.09575317003
9.12453147707
9.2804013787
9.3172847705
9.36258257294
9.42518078934
9.50058787193
9.57306679585
9.58201594656
9.79512366769
9.8043698869
9.91622942482
10.0266930072
10.0518732324
10.0777274875
10.1428798027
10.2665677041
10.3746470024
10.5054513929
10.6097493447
10.6824016547
10.7983737713
10.9337007688
11.0262046339
11.145130382
11.2584161406
11.3308739255
11.4019095267
11.4481961553
11.4815974988
11.697101041
11.8260374911
11.9091507113
12.0570670018
12.2189246012
12.2534771547
12.8643391368
13.2254718042
13.3825560345
13.5005438167
14.0946049593
14.1948722765
14.3681014926
14.6230901164
127
