6.00534884019
6.00783788432
6.00855039187
6.01386845175
6.02417062399
6.03093254089
6.03751782674
6.04591955495
6.06030366404
6.06711424363
6.09450953917
6.10599407497
6.12256181184
6.12652357304
6.14295010666
6.15276322389
6.16776703321
6.17169453284
6.17912039638
6.18471321373
6.19303274641
6.19481087735
6.20800955773
6.21436301128
6.21863296846
6.22806952323
6.26836618827
6.27785534392
6.28505877958
6.29095378584
6.29787727602
6.30584219447
6.31174985197
6.31332875512
6.32695730638
6.33802463801
6.35816889514
6.38595890935
6.38951143534
6.39393277245
7.94173887848
7.98177863677
8.02768300373
8.03425459671
8.14222847566
8.17785266171
8.21859102318
8.25825634351
8.31295097394
8.37861558955
8.40435053891
8.50229460052
8.51159279692
8.59485071083
8.62472017532
8.72091471696
8.76449139113
8.77968341924
8.85746481964
8.87185253996
8.89629679099
8.92063124797
8.97918486245
9.01101613379
9.07825729824
9.13594741545
9.49314703637
9.55029731354
9.64048391281
9.69979975428
9.71349308325
9.72851149232
9.81713693517
9.92057355011
10.0611994021
10.0988236195
10.1481914293
10.1844638891
10.3526718776
10.4828663699
10.7315666496
10.7968942319
10.8554372327
10.9149799842
11.7595071779
11.8765774223
11.907520028
12.2136388693
12.3759672094
12.3850665475
12.7569327444
12.8615806448
13.0955175725
13.1297764823
13.5095489974
13.5904755052
13.7611931756
13.9011496521
13.9895023512
14.0601638397
14.2368846728
14.3836340117
15.6067769913
103
