6.2260314494
6.2308267506
6.24209411307
6.25733220035
6.26309373765
6.26972984105
6.28563950796
6.28695846664
6.29383580606
6.73626538083
6.74966121087
6.76499622835
6.78989478015
6.81816949366
6.84740134375
6.8691520549
6.8768299645
6.89904518388
6.90846422433
6.92540954956
6.93859773203
6.95552624167
7.37246976638
7.37598323832
7.3916954499
7.43840102058
7.44257040137
7.46115962997
7.58321890217
7.98985133017
7.99927890256
8.15694356221
8.21259782134
8.23552755233
8.31346235538
8.32813767145
8.39517425157
8.56643005404
8.67412566641
8.78275473274
8.79756269642
8.83495896075
8.85876512106
8.92774012444
9.11069831538
9.16354345437
9.17307972022
9.19280132695
9.22462021886
9.28004282618
9.68611150898
9.77502127525
9.79739389278
9.89630508013
9.92944123127
10.0527913079
10.1920493802
10.2898815535
10.3834327689
10.4266425006
10.4745991018
10.7436390152
10.8033441042
10.9682476697
11.0375754397
11.0941664122
11.1088074167
11.250866835
11.3531950549
11.3842227813
11.3921635373
11.4779689083
11.5257876939
11.6798810518
11.8204289819
11.9156929628
11.9860124483
11.9993403022
12.5079539877
12.6602436674
12.8072636833
12.9779122163
13.1613487374
13.408960335
13.6546390429
13.6775977523
13.8744668811
13.9476970373
14.3482382733
14.4397714508
14.6838012652
91
