6.00471578904
6.00551787675
6.00830973478
6.00981533615
6.01123781149
6.01612688213
6.02403678694
6.03143985943
6.03446924647
6.04083215183
6.05499440837
6.06174016605
6.10220175772
6.16142205082
6.17034739956
6.18193022533
6.21192998564
6.21270784962
6.23290538162
6.23413241249
6.2629465928
6.26741662686
6.27863977563
6.28868890237
6.30199925589
6.30988462411
6.31829866614
6.32478022064
6.3352734363
6.34147417038
6.34452381549
6.35574022118
6.36114931789
6.63917572214
6.65358871493
6.65974604645
6.68161186818
6.68723293168
6.68851785121
6.68975243471
6.76553085181
6.79129903009
6.80460867852
6.82426615405
6.84124149989
6.85159228255
6.87781127125
6.88181980181
6.95780176427
6.96512227431
6.97305053611
6.97501948528
7.11161177336
7.12357816791
7.16662188462
7.19669524402
7.23412889015
7.26863813575
7.27767706619
7.30192024825
7.33507671216
7.37824862156
7.39856079984
7.80801646791
7.85863274886
7.90826680196
7.92862659954
7.93463033325
7.96667188377
7.97363205706
8.00986296169
8.03285807882
8.05328451501
8.09372241086
8.11621305319
8.11961476824
8.14257465173
8.21725867619
8.28269565707
8.28848287952
8.48915154339
8.54653964206
8.56716335117
8.59160653192
8.6719087993
8.69450833686
8.72971555782
8.74052495088
8.77731331857
8.803424126
8.83139771277
8.96677701213
9.05651659522
9.14321403394
9.18646741049
9.22020410884
9.27851830579
9.36437595003
9.45253843784
9.49353134494
9.51021655593
9.60583612376
9.68393217596
9.69970674029
9.72895174298
9.73566359269
11.3033284569
11.4411976727
11.77184546
11.7818242146
11.9231848952
12.1059160813
12.2141885231
12.4026626947
12.5449128676
12.7007421415
12.8070378292
12.9281382725
13.0694212267
13.2451327805
13.3014860994
13.4573834558
13.6730733218
14.2057218767
15.1926575286
125
