6.00820104193
6.0133139784
6.02099936467
6.02535732344
6.03359467008
6.03965848071
6.04050106405
6.044788105
6.05179223322
6.05885021569
6.06463609354
6.06927009544
6.08087041379
6.0910327803
6.09621543071
6.10050579984
6.10562731723
6.11446986078
6.13370321641
6.145309981
6.1574035201
6.1653914489
6.18408121669
6.19611086663
6.20508522411
6.20659470299
6.2072332797
6.22496296605
6.23819926728
6.24790420826
6.25734732936
6.2755536916
6.29989895306
6.31054135344
6.31384932681
6.3151291067
6.32332681957
6.32740483927
6.34186453557
6.34506202418
6.36367770945
6.38485246344
6.39524238659
6.40338742723
6.42509612642
6.4351880349
6.45041541744
6.53093756607
6.55096471674
6.56653179464
6.5888061936
6.61771131101
6.64357128571
7.35577965132
7.38242286669
7.39485838614
7.52676924559
7.53660453723
7.63106215461
7.66451004199
7.76180324474
7.78215188705
7.80392906987
7.97548828395
8.05691313483
8.08323298189
8.10602068899
8.25187400842
8.28770281817
8.43225035909
8.51795024124
8.59533754221
8.59841096817
8.65592076972
8.71457355751
8.82888004571
8.89846244302
8.97406101396
8.99254735201
9.01311636235
9.09712193726
9.15927914659
9.24612990322
9.26476219295
9.28935607435
9.36792871764
9.40476295032
9.47921872673
9.49931218027
9.65721142182
9.70180365249
9.72032055896
9.85251953942
9.87797124068
9.91727642899
9.94585298548
10.0511076796
10.1094593812
10.1482111611
10.3150470839
10.4210564718
10.5688638996
10.6584064414
10.7830068197
10.8328778563
10.954933826
11.0385050332
11.1881518087
11.2304230045
11.378741963
11.4586633008
11.6207167995
11.8127783103
11.9318941288
12.0279533363
12.0376761267
12.0914391964
12.1382714686
12.2629975276
12.3456877864
12.8959361481
13.1895990893
13.4683191334
13.5240291664
13.6380402014
13.7739542813
13.8717627423
13.918208044
14.2082021922
14.352285637
14.5413097471
131
