6.13934605564
6.14850772759
6.17491976841
6.57649636613
6.59631671678
6.601123146
6.626673257
6.63666600031
6.65656310774
6.67099386306
6.68892852561
6.69010949513
6.71264539795
6.73696240102
6.76989511958
6.78658310364
6.78801172775
6.81395165122
7.02897201336
7.1163810651
7.13373949681
7.17396179022
7.21182520231
7.23995287583
7.25839174882
7.33031542552
7.3622939951
7.38855795648
7.42504062781
7.45203901709
7.50518498759
7.55174221158
7.56976069323
7.58629286811
7.62504291561
7.69065222274
7.70021254994
7.73731747736
7.75469674322
7.79010599084
7.84488696447
7.88760718223
7.91377219368
7.93525044066
8.00295264612
8.05998513164
8.07492218223
8.1241820478
8.15221233077
8.17909789939
8.18650235088
8.19118322951
8.33682738985
8.43005727469
8.43337802673
8.44998184656
8.47317772517
8.48408906022
8.57027624543
8.58946274797
8.63354304298
8.66343223153
8.73370327195
8.78000616331
8.83651796294
8.88135730363
8.89499569271
8.93046076455
8.99409188204
9.05853493382
9.08397965751
9.1968190103
9.24380603861
9.30030494024
9.35926822366
9.47687102417
9.55785487869
9.67258705837
9.7494210026
9.88998895587
9.94590005595
10.1489636475
10.3396772615
10.5746003605
10.7197317072
10.8815248409
11.0065312591
11.3810868177
11.4853802489
11.5580170254
11.6879295065
11.7216132245
11.756561399
11.892440415
12.051219796
12.1571991296
13.9537297664
14.3395908634
15.301068959
99
