6.02022051144
6.02381329772
6.04016655609
6.05415735639
6.05842630124
6.06206798243
6.07857194596
6.08484685199
6.09313713223
6.10176035757
6.1123371159
6.1434454167
6.16706660616
6.17283605043
6.17383100633
6.19184564688
6.19496733008
6.1960276727
6.19676290343
6.20492258377
6.22198447965
6.2303397409
6.25683056904
6.30378827378
6.31419615945
6.32449604453
6.32935268316
6.33976400469
6.34840740105
6.37368829261
6.76934171978
6.91615919458
6.9396759813
6.97005564845
6.97686372578
7.00326611554
7.04170877366
7.15631819408
7.17766653111
7.19782030244
7.21709641755
7.23591055646
7.32652710519
7.33264288413
7.38904366878
7.43488596813
7.47649647529
7.48919798923
7.88296898657
7.90682579851
7.92724641336
7.96908402622
8.09736619692
8.18099743756
8.46435559089
8.49498896908
8.56079071206
8.58904763398
8.70036083831
8.70474048302
8.75925897617
8.80683596494
8.87419840699
8.89576447149
9.17624591585
9.2180142607
9.70164536994
9.73531720928
9.78590919847
9.81741059341
9.86431555296
10.4173634401
10.5321104275
10.6549974113
10.8986682529
11.0933020835
11.32046581
11.541922509
11.6065765325
11.6828626624
11.8260999308
12.0668326157
12.2305594609
12.7439109911
12.7717389953
12.7972651556
12.8119651429
12.897463988
13.0827434173
13.2026046199
13.4554587303
14.6118800117
92
