6.01149802453
6.02447188082
6.03318440056
6.04133749639
6.04529832303
6.04854118844
6.06062638738
6.06722259926
6.07377041929
6.08830069105
6.11018069706
6.11399519771
6.12712665863
6.13249127993
6.13668161267
6.14348044492
6.15738666159
6.17070557195
6.18539465135
6.21590057402
6.23279895048
6.24701025034
6.26252471892
6.27054860242
6.28200699705
6.29232767942
6.29846382483
6.29942623565
6.302173088
6.32924579816
6.33793691048
6.35739551023
6.36367742734
6.3718271612
6.38810342761
6.39966143875
6.40420405252
6.4196422589
6.42712112832
6.44383100173
6.5881825539
6.59339673878
6.60862425393
6.62105034015
6.63540751502
6.64966708069
7.29584374981
7.30107085876
7.5038728554
7.51916186479
7.57439833678
7.59162147365
7.71080847099
7.76564406142
7.7731452735
7.78781428185
7.84110935417
7.88240054588
7.94989119622
7.95909165166
8.01359743131
8.04128925787
8.05850018495
8.24197908602
8.31528813145
8.63409445531
8.66970013547
8.8494410775
8.95393454528
8.99133753728
9.10923249295
9.17225341256
9.21148720135
9.25148076787
9.31463080898
9.34179423276
9.37475536822
9.42024880398
9.46967325192
9.47722414011
9.52830379386
9.63999863179
9.71736285668
9.733838744
9.80136152147
9.82001822953
9.85406212464
10.0072652358
10.0814865075
10.1464345408
10.2069444549
10.2742183172
11.0343586081
11.1044912629
11.233938976
11.3177710156
11.5019373972
11.5781701167
11.7833375353
12.1967881473
12.3395653809
16.3641128995
102
