6.00414697887
6.00629857554
6.01566161076
6.01998075978
6.02621940766
6.03462625501
6.03535021346
6.03749582832
6.05188428631
6.05701617128
6.06360284299
6.07645766511
6.09044147933
6.10598339896
6.10791355592
6.11265039665
6.15468605613
6.1619614742
6.16957527828
6.19954566628
6.20763337769
6.21752423552
6.2292524264
6.23973561059
6.25138187272
6.26444413494
6.27404328102
6.29383766089
6.4585104529
6.52765461555
6.55247674624
6.5590056935
6.56798306769
6.58177328417
6.59665116887
6.60590517236
6.61737551685
6.63413082691
6.67417704561
6.69736098401
6.7115214903
6.74281886731
6.77052776365
6.79313820454
6.8127066961
6.82960746493
6.8528565779
6.88766125032
6.91451213461
6.92749187575
6.94397207383
7.07203462614
7.09433751568
7.13746964517
7.17846630826
7.19392961571
7.2269201477
7.29092425795
7.29935686761
7.31764887762
7.52517957074
7.53894062438
7.56332322029
7.59427618153
7.68483263266
7.72632172792
7.77698647457
7.79146801925
7.82880482582
7.84232171639
7.92878732462
7.96217080656
7.98462586022
8.01399168417
8.04617026217
8.08441790469
8.11295190935
8.1397215283
8.15240863431
8.15697757927
8.21039850403
8.28558297981
8.40960627055
8.67410860092
8.72192483556
9.77707439925
9.96750317188
10.0114685847
10.0618719168
10.2160632903
10.2618569227
10.3552163901
10.5058751141
10.6133363954
10.7304973567
10.742047193
10.9396234084
11.0996824468
11.3457438564
11.5237782956
11.6937193035
11.8260161525
11.9219469519
12.039553169
12.0991088393
12.1091935211
12.1701196589
12.2459228988
12.4478664756
12.4993426038
12.7260012298
12.7897525118
12.8856385144
12.9471714566
20.7487492542
115
