6.03079834332
6.03486606182
6.03916854118
6.04816262095
6.04904155584
6.05814351135
6.06554792649
6.07200706481
6.0747775627
6.09223124215
6.11782492976
6.12058702858
6.12634914998
6.12721426777
6.12776258982
6.13242838308
6.15012691587
6.1526937284
6.15676612669
6.17295803976
6.17373184504
6.17429129621
6.20322160467
6.20970082905
6.23672369725
6.24125473414
6.27671147645
6.29047056248
6.30935627631
6.3176776817
6.37542554386
6.4629133658
6.48696082412
6.49095197839
6.49784229085
6.56308863943
6.62656774312
6.6356474813
6.64975103841
6.65396159853
6.66920458748
6.67031369996
6.67549806462
6.68118554893
6.70270369096
6.72884056254
6.73010778902
6.74403876691
6.76682064606
6.77146349394
6.7732189712
6.77975830731
6.79382821046
6.80660300007
6.8270699849
6.86771588179
6.88596482929
7.03113198159
7.03865096414
7.06373643816
7.08447646776
7.09425905621
7.10942062387
7.14238822209
7.15475084677
7.18979259071
7.22820742614
7.24677933344
7.24896710546
7.25824821625
7.28507663278
7.28813030646
7.32865939465
7.33736227595
7.39036692436
7.39287090602
7.57450095218
7.61114664469
7.63506163106
7.69869210805
7.70352547929
7.71196320168
7.76993815907
7.82735976295
7.89969573845
7.90291451482
7.9215462402
7.98327859322
8.01828015058
8.03299810299
8.06300136521
8.07856429971
8.10461344685
8.16575718681
8.2025151886
8.68292496024
8.76409059199
8.77083751682
8.80195458901
8.84358569643
8.92605012764
9.92482377479
9.97178576972
10.1159172276
10.2626596115
10.2805170809
10.3700613781
10.4857382906
10.5842701134
10.601838182
10.7369754419
11.0374383873
11.1287477964
20.2487576167
114
