6.00323297875
6.00436289648
6.00897031152
6.01635116851
6.01967773144
6.02596730846
6.03265830172
6.04129698891
6.04707138694
6.04779265356
6.06000670634
6.06296451972
6.06781280046
6.07297659496
6.07749579641
6.08155054856
6.08514578201
6.09441117799
6.10720278755
6.11031643006
6.11556877475
6.12059165804
6.12236454041
6.13195765574
6.13655526279
6.15773155313
6.16855735419
6.17895667302
6.18641975648
6.19909899342
6.19981600927
6.22127918556
6.24145358136
6.24766032852
6.25541412488
6.50453079487
6.51958501844
6.52724610535
6.53640230492
6.55191058691
6.56623816398
6.59306191756
6.60628223234
6.6730024572
6.68463333159
6.71133885015
6.72196217826
6.73639754628
6.76368223922
6.78281762913
6.80167633293
6.82472116066
6.85411250366
6.87024304986
6.87729398936
6.88580521516
6.89958678709
6.91219465005
6.92914288203
6.96238401883
7.0204787071
7.02476427186
7.07065164265
7.11814508066
7.14435345336
7.23894467415
7.25716115319
7.26994212652
7.37572533801
7.44953390843
7.46802544639
7.48733091565
7.71979911344
8.37196431005
8.43991409166
8.48755230145
8.61089426486
8.64858408733
10.7003892425
10.7885578921
10.8654470938
10.9022860077
10.9122730718
10.9491114144
11.0974683827
11.239825116
11.3713052844
11.7470168963
11.8379148166
11.8775912184
11.8854368006
11.9504705706
12.023047001
12.0452276763
12.0614029142
12.1272006305
13.0065759663
13.0183691118
13.1674686528
13.4742723121
14.2686626485
14.4623937837
14.5818290091
103
