6.02086520168
6.02700069554
6.04043132151
6.04817494507
6.06520712389
6.07616060938
6.0881171284
6.09618186761
6.09848182702
6.1097108007
6.11366771489
6.12135163526
6.12831516117
6.14409093253
6.15212605894
6.15903480109
6.17614387906
6.18121584121
6.2262284288
6.2310653872
6.24010667078
6.33731067548
6.35060393341
6.36424716152
6.36518247369
6.37720621018
6.38462592656
6.45836967427
6.48207754433
6.49649561956
6.51872183002
6.52699597596
6.53099928727
6.56583254772
6.65134944608
6.67759000025
6.6838339544
6.68540569551
6.70735814171
6.76068155596
6.78979870377
6.80779308529
6.84350446804
6.88307976763
6.90562508425
6.96552395764
6.9766850316
6.99877345408
7.01534099488
7.03165489693
7.04568606869
7.06481809786
7.09350541868
7.10509542885
7.13390034264
7.14596694615
7.2159851047
7.22620024742
7.36195333594
7.36408444599
7.37041786282
7.40384194957
7.40985545737
7.43994198063
7.46333342846
7.50826683802
7.6132644686
7.63813082301
7.66319926562
7.69411158905
7.71085670036
7.75646024242
7.76068199506
7.82557332668
7.87581608775
7.93160331602
8.17816520036
8.3148311637
8.34935577058
8.37963410134
8.41005045707
8.59649206179
8.6307356615
8.63731328426
8.70505945367
8.89845959451
8.96043919374
9.05015824784
9.08917817247
9.09328085975
9.17904935812
9.19792873486
9.35093487072
9.37546464612
9.38145393764
9.47554876864
9.55813667776
9.60467347772
9.61195092609
9.65696042223
9.71499428547
9.78076945832
9.81061907959
10.0894827012
10.1434673323
10.2233008543
10.3383422863
10.3489455936
11.8697923932
12.0791192621
12.2022783416
12.3606719334
12.4757205866
12.530611124
12.8373721355
13.0188619461
13.2097832018
13.6505246461
14.0418095314
14.2593909674
14.3727355444
14.4115180722
14.5175635814
123
