6.00049299273
6.00925554902
6.02326472739
6.03342161689
6.03744792588
6.04841672753
6.09836099502
6.11477175463
6.15227951002
6.16728045503
6.17001427484
6.18356277642
6.1957888097
6.21745367594
6.21862702513
6.22966536239
6.23449716514
6.2493826643
6.25549707401
6.26867517612
6.27240444262
6.27935367898
6.30266960739
6.30689472184
6.31276873265
6.33735913157
6.33835770212
6.34835289655
6.36936633446
6.38536242677
6.40629912192
6.41081723092
6.41963124719
6.43700542129
6.45689953624
6.45843569093
6.46577221532
6.47710085672
6.48733170081
6.4892478427
6.5022684113
6.52118849663
6.57115000089
6.60467512808
6.62345307969
6.65967373554
6.67107716012
6.70442679353
6.72049802696
6.73767896717
6.79512722741
6.8076619907
6.82112936424
6.83074810858
6.85907859954
6.90112606051
6.91769270509
6.91928373843
7.05683411213
7.08730184706
7.10059726576
7.10346023283
7.11685797941
7.15305918545
7.16148013433
7.19103715983
7.21049642125
7.37143067563
7.38970995073
7.40905984663
7.43152627318
7.45328959657
7.50770743856
7.52677626554
7.57740980138
7.61674765475
7.62286401789
7.64627498836
7.68394131725
7.72148389289
7.74506944309
7.76793601495
7.81334426102
7.88073770836
7.88657970342
7.9132600539
7.92708815867
7.94774766658
8.00995760955
8.01473604945
8.07897797753
8.11175889665
8.15902549958
8.16797785693
8.20008514305
8.25957234656
8.33301525474
8.38141167503
8.43466106349
8.45747409904
8.47064306747
8.54503729625
8.57671027582
8.5869986805
8.60698213372
8.61818491411
8.68184335061
8.74994019377
9.09058559629
9.39655294985
9.4396820536
9.46894327836
9.53383553665
9.56692368771
9.59539165152
9.62055065036
9.75481321604
9.94738481023
10.0032784601
10.075549079
10.1653699414
12.2825310386
12.3751984507
12.4677167042
12.632553229
12.7673092689
12.9455033418
13.1151391001
13.4768231651
13.5669487704
13.6452154227
13.6971213626
13.8641864233
14.0008652486
14.2520679245
14.5116147681
136
