6.00954186668
6.01605924891
6.02680518728
6.02735371243
6.03436819489
6.03999752558
6.04165125503
6.04289267655
6.05014174894
6.0535283331
6.06077392795
6.07361071183
6.08086506996
6.08397431936
6.08865111379
6.09290035911
6.09473034876
6.15784891364
6.1704558258
6.17511810179
6.18327940368
6.19788553297
6.20194014983
6.21649739848
6.22037173822
6.23714956841
6.24592306912
6.25419840361
6.27750783316
6.28325636467
6.29349706343
6.29587710792
6.30357306041
6.3095705114
6.32449673774
6.33266148751
6.33760015598
6.34720256209
6.35293968722
6.35794032013
6.35978185717
6.37445788978
6.38475969167
6.40888509124
6.42622709123
6.4466794304
6.45346648352
6.46308153854
6.47684821754
6.48714136328
6.5061019506
6.54619811654
6.55845452997
6.5731922126
6.59520850538
6.61791368745
6.63771351448
6.65017984156
6.66979276733
6.7782929644
6.801218482
6.86125602757
6.88265925675
6.89715089405
6.92090848118
6.93301374939
6.96136564205
6.98206416268
7.010647258
7.01772248214
7.04591333404
7.04813932733
7.05815289538
7.08070302482
7.10593017334
7.12824743211
7.16076071741
7.18339505852
7.21725719933
7.22079314943
7.25445776775
7.26106679692
7.30131098816
7.44329631358
7.71883585638
7.73072422887
7.73795824393
7.79621835965
7.82026894536
7.83599569079
7.84392315992
7.91253062375
7.94389764086
8.0183008466
8.02983518019
8.17226651565
8.27599276153
8.29955752418
8.36572083466
8.40960327519
8.43792702761
8.44151888702
8.49845027043
8.91393649602
8.93536949479
8.98206035636
9.03051292716
9.1140149053
9.17111597006
9.21259096422
9.27886666201
9.31820809423
9.43916529502
9.52257467285
9.58414175727
9.70055790596
9.74399678454
9.78323658039
9.81514553543
9.83234219618
9.95764711559
9.99619671067
10.1037281688
10.4346001669
10.4596153427
10.5106739479
10.5192045433
10.6133863951
10.6907601974
10.8515925468
11.0880295791
11.1741578314
11.2306876384
11.2985777488
11.3562407187
11.4997088488
11.5364591464
11.6514140914
11.8366094717
12.0934446424
12.1960790538
12.303689431
12.388782975
12.561911257
12.8195772132
12.8606954269
12.9109735311
12.9407944223
13.2542180823
13.4443634586
13.5745701823
13.7451929737
13.9780616923
14.1002180727
14.3146643123
14.3750769801
14.7852904094
157
