6.00195507066
6.03536954277
6.03663169882
6.04210986077
6.0481649127
6.06851926708
6.07064434994
6.07555173781
6.07641202399
6.08992427549
6.09257305438
6.09956112802
6.10260735882
6.10578973094
6.1063552805
6.14417876029
6.16224886708
6.16826802779
6.19161163026
6.19574482094
6.19752976269
6.20417933214
6.20823083227
6.23345637913
6.24148921169
6.25057614689
6.2556581517
6.26648867426
6.27603557897
6.28137086807
6.29580061888
6.31223994068
6.32182649999
6.34152739398
6.34967173713
6.35664459178
6.37276093844
6.38596106223
6.42610241177
6.44125287255
6.44685813861
6.47863786173
6.48778752759
6.50919660291
6.51410506015
6.53019091578
6.54940401518
6.57384776682
6.60359409512
6.61254999481
6.68777838214
6.70398304055
6.71537379962
6.72896969669
6.76366447711
6.7863443724
6.80762547083
6.82326016551
6.83407375257
6.85054867323
6.86592385936
6.86915177589
6.87793712944
6.90427081556
6.91840636731
6.94057115857
6.9666355055
6.98353026544
7.01196287622
7.19351834644
7.2343643455
7.26060848065
7.40654359026
7.41904382271
7.42135225644
7.43451323725
7.52904530666
7.58116081726
7.60771360757
7.66085162485
7.75192817692
7.78442910315
7.84126479335
7.88501715367
7.97489559908
8.02110306921
8.09700364322
8.15197015991
8.20313419642
8.2537389231
8.31481413643
8.42491337529
8.46267149476
8.49440731854
8.51878607066
8.61499991027
8.73450107274
8.76223495143
9.02995217344
9.0745986702
9.07954378934
9.13829293975
9.18373357657
9.23867420876
9.32555426677
9.5800525635
9.67051163587
9.72282885898
9.78010295928
9.85375090296
10.0823920508
10.1251879819
10.2262494561
10.337261827
10.4111814738
10.4918214954
10.602279663
10.615089129
10.8585294539
10.9077399904
10.9590565187
11.0881522304
11.1564682609
11.248755933
11.2945589488
11.3369486153
11.47719375
11.6901005078
11.8491538369
11.956936446
12.4519786811
12.5035703078
12.62017284
12.7854712132
12.7952644831
13.153168907
13.3218116042
13.4474659789
13.5546128227
13.8515136542
14.1343337054
14.5869246324
142
