6.01200614421
6.02050816804
6.04408200537
6.05422334504
6.06175177381
6.06619426258
6.07294211489
6.0846118177
6.08801244073
6.09556291564
6.09688080432
6.10325114849
6.11981011291
6.12672987375
6.13286043551
6.13698915707
6.13995464573
6.14474799411
6.15013539208
6.15219137917
6.17493345311
6.18164874566
6.18721286601
6.20558931973
6.21038275632
6.21735397682
6.22332200054
6.22869968626
6.23637387637
6.24810446697
6.25495091829
6.25643701965
6.25764656953
6.26442379745
6.27333152936
6.27965853909
6.28466752489
6.29285420386
6.30021383703
6.31581879306
6.33321455436
6.34609700573
6.35635759042
6.43327644672
6.43458053654
6.44092609873
6.85322232967
6.87087022356
6.89506567766
6.93084339395
6.95920582556
7.054536769
7.0806867105
7.11738953424
7.12416183143
7.16746409844
7.18700935094
7.26888808221
7.2898388984
7.31706780123
7.31900749831
7.36996806184
7.3905754912
7.43525385648
7.4590496738
7.48049921114
7.53755950569
7.59436684951
7.62049547389
7.65851163727
7.78570695411
8.19899877723
8.21747206318
8.27905503486
8.41436574137
8.48311648096
8.77760178969
8.81288698002
8.8455646898
8.87440211675
8.90697539451
8.9782509832
9.04353975788
9.06728050504
9.10445632814
9.12418838536
9.1521607235
9.18257233625
9.31635208588
9.3379937095
9.42903680304
9.45730466548
9.55685507067
9.56119474798
9.71826068545
9.76486564543
9.87287652572
9.97576954648
9.98856975879
10.2152603614
10.3073578129
10.4559231709
10.4849291346
10.5444628446
10.6614492532
11.0283620231
11.144027009
11.7217324564
11.8524269675
11.9989889647
12.060391228
12.199076768
12.2749056907
12.3720313813
12.5201843076
12.5362951418
12.5458284301
12.6473351917
13.3625605145
13.4234174494
13.5972719231
13.861322377
13.9273547243
14.247278459
19.818791141
125
