6.01308513664
6.02464694641
6.03210696178
6.04167933982
6.04255300692
6.04440352674
6.05256634992
6.06651018743
6.07499968209
6.09186116444
6.09760104449
6.09852238375
6.13080288786
6.1364548021
6.14336270905
6.1489265138
6.16274565532
6.1692804302
6.17623801565
6.18794178084
6.18897764037
6.1910717987
6.20586309083
6.21915316977
6.24549929312
6.2581774062
6.26275285705
6.2693205565
6.29207920155
6.30294749877
6.59903646809
6.60077485384
6.63816607993
6.66419704428
6.67034945355
6.71524030296
6.72126984332
6.732491647
6.75317532115
6.82556278074
6.84766016408
6.86670648314
6.89092474524
6.90311383328
6.92465927061
6.94872843743
6.96520808279
6.9683061917
6.97484675848
6.98262177503
6.99706752641
7.02267239447
7.03489215698
7.07871360918
7.09317233527
7.10859221459
7.16691139952
7.18494410461
7.1897380505
7.21746783858
7.24072573604
7.26170758337
7.30199337895
7.33937918571
7.36174769107
7.38849622677
7.41339429716
7.43798097559
7.57181876572
7.68277337252
7.7051572096
7.71292766117
7.74317983003
7.76051212745
7.78209453351
7.86570443059
7.86939207422
7.87223659527
7.88928507885
7.94490242189
7.96468980683
7.9950945029
8.04521045809
8.12089798455
8.15482980075
8.17168675691
8.20434883306
9.41534363742
9.4984652537
9.53576057716
9.62489497794
9.69654148509
9.88853932066
9.94438797018
10.0005067932
10.1902372789
10.2123569446
10.3705104734
10.4194670423
10.4978445824
10.5888216095
10.7198858806
10.9039041637
11.0045347577
11.2219346034
11.3569020915
11.4794669623
11.6022666869
11.7483939485
11.8826607318
11.9451641092
12.0038418929
12.0549380491
12.369111465
12.3786289307
12.5067098354
12.6249302641
12.6927203718
12.7600493849
13.0688435365
13.1485222119
13.2426115497
13.3195115641
13.4247435827
13.6368069411
13.7255429022
14.009391902
14.1798069225
14.4328348578
14.6681782634
130
