6.0119461299
6.02283304042
6.02948357507
6.0335833745
6.04414401308
6.0598064085
6.06997641941
6.07403221339
6.07625410004
6.08151392269
6.08509352041
6.08579912631
6.09113421555
6.10944657822
6.1140025684
6.14125011186
6.14522732515
6.1525044201
6.15747141139
6.16602725716
6.17420494708
6.17823895135
6.18766061668
6.18888148856
6.19460778876
6.20316411973
6.20819235548
6.22025265237
6.23197422232
6.30106457592
6.31409364287
6.3209745922
6.33323842107
6.33589355589
8.33243466578
8.35237470882
8.37281220107
8.42627949424
8.54294974853
8.58184985123
8.62100677031
8.69135379155
8.72437354906
8.83187546998
8.94894654537
9.05202767153
9.21898420625
9.39876662081
9.44469303505
9.51799807725
9.60346041897
9.62743446158
9.67699645648
9.80844730844
9.90167882085
54.2669534389
56
