6.00227444629
6.01167131728
6.01217977086
6.01988117747
6.02065736943
6.03244435702
6.03968449985
6.04568760188
6.05218700797
6.07420818141
6.07526399125
6.08367005989
6.08467302494
6.10092994732
6.10145665992
6.10877913276
6.12229938356
6.13117997801
6.13582983064
6.14487698731
6.15233063451
6.1533190138
6.15767876727
6.16893698268
6.1722172722
6.18854603732
6.1957149903
6.20582086539
6.22095508445
6.25480498509
6.25810608824
6.35786015961
6.372431856
6.41115444546
6.42980257051
6.46750747495
6.47232783597
6.48726142803
6.50859959909
6.51015603628
6.53223086189
6.54086888718
6.55657993082
6.55752588428
6.57267126023
6.58373921186
6.63289313083
6.63636917478
6.64287808992
6.66294378421
6.67082359411
6.71563801195
6.73551342609
6.75507993817
6.76800320446
6.77118492717
6.79144660324
6.80385372077
6.83049332462
6.85369393223
6.91164589515
6.95020927705
6.97477166862
6.98659708429
6.99775642008
7.01365299941
7.03429691728
7.06018343673
7.07383232211
7.08677506827
7.11385981123
7.14763459072
7.22470976175
7.24149757817
7.27585388311
7.35996763032
7.42106041655
7.66836041135
7.70592710591
7.74362726534
7.95297501924
8.17678593303
8.26205670448
8.27146078055
8.3088674162
8.38476222899
8.41466425258
8.46400842698
8.5164122973
8.53052157839
8.56099261398
8.64024180819
8.68880110269
8.81491462073
8.87779802272
8.97152683485
9.02670708428
9.10402567254
9.23349037091
9.24006947632
9.27945785404
9.39315291164
9.40831069372
9.49367903981
9.55236647166
9.60103599809
9.74973617241
9.7614621513
9.86361470922
9.93864829716
11.3881376046
11.4840853106
11.5600047395
11.7498468793
11.8268254054
11.9629799208
12.0164543584
12.140896534
12.2437224339
12.4441571044
12.666644983
12.7225110097
12.8098425676
13.1227569377
13.3618946238
13.720357516
13.8895444732
14.0692035097
14.5512039844
129
