6.01189865396
6.02322431205
6.03559684766
6.03790166458
6.08616854186
6.09538933315
6.10499604826
6.11281136479
6.21488265233
6.22518224889
6.23598404034
6.24868953785
6.30986480607
6.31998762139
6.34650111361
6.34848707872
6.39267187701
6.39343519577
6.4012016245
6.40961812941
6.41559881353
6.42309681674
6.43179433247
6.44185788487
6.4818812708
6.50156455487
6.5081462744
6.51913449097
6.54522010159
6.57969188552
6.58495275743
6.5860315108
6.5911004804
6.61492083001
6.66509008211
6.76483999882
6.79559562952
6.81082666347
6.8430148353
6.88050042025
6.90926147287
6.92359277296
7.01039844577
7.02146045332
7.03226467268
7.06829435955
7.09494721746
7.09671015691
7.10384794967
7.13591615678
7.16513318998
7.19127161828
7.20620605125
7.2086303065
11.009592519
11.0934199004
11.1429663451
11.5014770949
11.9462492291
12.0552524724
12.161327128
12.2265168399
12.2932383508
12.3412576792
12.4122265691
12.6913105125
12.8140456468
12.9638393568
13.1007503011
13.1099969692
13.3102485657
13.4758936031
13.4889092541
14.2014782618
14.3890982744
14.698432376
76
