6.00942819652
6.02668699995
6.10413578965
6.11505316786
6.12733994788
6.13152337832
6.1454473199
6.1508346124
6.1934751635
6.20506689282
6.2096946983
6.21635302989
6.22024718929
6.23536455951
6.24342796328
6.29759385039
6.30078330968
6.31305049801
6.31818064061
6.33797957789
6.37865882132
6.52325916928
6.54225869439
6.55606149631
6.56653251509
6.56810411188
6.60622563973
6.63489850151
6.64762772962
6.66528401214
6.71147222383
6.7237295548
6.79464788317
6.82765104364
6.85515121534
6.87182724903
6.97025888032
6.98905249934
7.02559167615
7.08630918815
7.33841380609
7.42317575409
7.44576427345
7.4568926523
7.49915202407
7.57464893345
7.66504476766
7.68517170148
7.70112484983
7.70413942803
7.74741049247
7.78417249871
7.82057882255
7.83182967815
7.84799077209
7.89518253963
7.95106366751
10.1075021426
10.1698442508
10.2546312954
10.3088656607
10.3497014641
10.7071998908
11.109164592
11.1895946258
11.205039704
11.2137043517
11.4066223722
11.4847601278
11.7590222991
11.9088416225
11.9176976836
11.9965351977
12.0616981893
12.1712642404
12.3327511262
12.4494079741
12.526694085
16.2404313214
79
