6.00417505838
6.00873845496
6.02123643602
6.03234987215
6.03798527651
6.04350924458
6.04763374923
6.05141603134
6.06030716902
6.08863200974
6.15362917406
6.19802604395
6.20314957443
6.21326244629
6.23166906809
6.26234140723
6.26337668422
6.27674287662
6.32627612296
6.32903032668
6.34131303539
6.36157200347
6.36404477861
6.37330692717
6.3968283805
6.39760731317
6.40439397113
6.40545187349
6.43427764667
6.44849259174
6.46195484216
6.47437940561
6.48413859602
6.4935962377
6.53323398023
6.5398200101
6.54467002714
6.56787502035
6.56997377207
6.57840527149
6.58227452411
6.93935719253
7.37461970425
7.41812686877
7.43661620222
7.46426426571
7.47615362188
7.50903121426
7.61062802381
7.64664670307
7.66539985439
7.81264139102
7.83416619919
7.87786392905
7.90882342149
7.96076058909
7.96953687458
7.99252381197
8.02829931639
8.08385394491
8.11272799734
8.19714609598
8.24550093376
8.26688520434
8.35549189422
8.3948060662
8.42325060437
8.47462392024
8.52007667786
8.62113488393
8.66376532943
8.73184600859
8.82065288211
8.90641675182
8.95496750377
9.0360326244
9.07147226321
9.14699795033
9.44891873201
9.48177044361
9.68577426251
9.80834308972
9.84240671181
9.90948595889
9.96484672263
10.0380011068
10.5957642042
10.6449119103
10.6683176278
10.7454333519
10.7851176204
11.0050793615
11.0299582449
11.0830130493
11.2949853864
11.3920526172
11.485550513
11.5537838647
11.5611013767
11.7067738648
12.0544362931
12.71026487
12.8757692804
12.9349472742
13.0200990251
13.1807375301
13.4461348125
13.5992077808
13.7817887529
13.8992718867
14.1098154195
14.402925065
14.5254861066
113
