6.01028714957
6.01154145654
6.01543762004
6.02655954769
6.02857090703
6.03371871688
6.03846686212
6.04779903383
6.05439567157
6.05535472795
6.07831938047
6.08885022327
6.1434053327
6.15036769989
6.16406289344
6.16539758753
6.16619458329
6.1786492334
6.1816711622
6.19279741394
6.20288464728
6.20440211337
6.21760287772
6.22687405765
6.23107830175
6.24962839541
6.25569596065
6.2655947991
6.29054771949
6.30634471601
6.34153205753
6.35280072937
6.36993942591
6.37624282131
6.38451361339
6.40154947791
6.42054701797
6.43131515465
6.44678255424
6.46001812425
6.46645953025
6.47769716032
6.49372799537
6.51284378594
6.52273962527
6.54039775507
6.55232268059
6.56797507696
6.57438868787
6.58468155746
6.62219727152
6.67464076698
6.69307208797
6.73090753269
6.75774464636
6.769817428
6.77193656013
6.7942538812
6.80759185709
6.8225851542
6.95367776884
7.08365612175
7.35387111071
7.36818440409
7.40363500869
7.67102204691
7.86428455742
7.90223064706
8.01577924099
8.08175681024
8.1191013715
8.13719799916
8.17707233625
8.26287896617
8.43176353698
8.468807914
8.50360982632
8.57549304751
8.61520377669
8.65868318482
8.66273748873
8.67598025303
8.69877230691
8.7116829962
8.74400660445
8.79588168108
8.87755931678
8.95722183928
8.98084447281
9.00867278115
9.13798121141
9.36470761893
9.46448800934
9.55330646221
9.56786445664
9.58633418301
9.65376368554
9.70222117666
9.93400297033
10.0433546436
10.6495539303
10.7616031888
10.8634612856
10.916273932
10.965354462
11.0851956441
11.1140959017
11.261368861
11.4282152547
11.5188093471
11.6272685995
11.6968771621
11.764747996
11.7761282741
11.802897329
11.8193117154
11.8541579148
12.0024311568
12.3959798651
12.5590648728
12.7561800432
12.7818171854
12.7952986795
12.8673058531
13.2843754648
13.6136139759
14.028922007
14.3595357467
14.6258107906
129
