6.0073131199
6.02112866948
6.03334175255
6.03824380798
6.06171016766
6.07225651096
6.09136560476
6.1080746553
6.11146340356
6.15096378779
6.16511243861
6.17219962219
6.17689190281
6.18078819429
6.18776527857
6.18847462403
6.19332719136
6.20025070316
6.20199847499
6.2147136147
6.27164126193
6.27646063504
6.29908948546
6.3035894827
6.34105755888
6.34962481979
6.36106768438
6.37468680786
6.39881217094
6.41250804497
6.42107306907
6.42698461334
6.44759496407
6.45401040891
6.46737353919
6.4781616036
6.49301681073
6.49945255183
6.51682864782
6.53419330463
6.58133122124
6.60348622109
6.61316724939
6.64177247263
6.6498783314
6.65341475287
6.65456998795
6.6803116452
6.69803731007
6.71865092194
6.73289491525
6.77230352355
6.7828587435
6.80300584191
6.85516772132
6.88262680583
6.91118790227
6.92838591
6.96492829292
6.99964873571
7.06646365811
7.10055607151
7.11461718539
7.15020986489
7.20082312979
7.20759124712
7.3727343658
8.17506869013
8.22144989976
8.25403461885
8.2625031681
8.3717715999
8.42021179544
8.4585334563
8.49633366026
8.51422066926
8.58082620666
8.60136718555
8.61428207511
8.62447169381
8.65983868754
8.66376722646
8.67933219142
8.71371466097
8.85571149806
8.96884287843
9.00805945977
9.11261776341
9.25226108138
9.48158713473
9.50278570207
9.63117168189
9.94193046999
9.95037226197
10.027572632
10.1579277829
10.1977651268
10.2423847331
10.3916598715
10.4472787886
10.5519943888
10.5626858655
10.6723302278
10.6803273711
11.2556834911
11.3369996332
11.8325149848
11.9346523028
12.0436102099
12.1153747644
12.2866342509
12.4168384231
12.5092631063
12.6821119726
12.8094346914
12.8972609327
13.05086391
13.1796699831
13.3891247782
13.8456140398
13.9991323375
14.1642201925
14.3428071598
14.4114686487
14.640659126
125
