6.00334688983
6.00516431317
6.08466114877
6.09597117664
6.10526379428
6.11068929998
6.12224209961
6.14131253885
6.1519575689
6.15931058753
6.18598978727
6.20024793098
6.21132181478
6.22422063268
6.23611778319
6.2745493289
6.2805978681
6.30778995127
6.31410429617
6.32639398792
6.33731295337
6.35216626706
6.36205386991
6.36563753843
6.36750864166
6.37830768661
6.38405800179
6.4007201925
6.4082242247
6.42569586173
6.43065297181
6.45023356225
6.45208472588
6.45945730165
6.46748956667
6.47363752842
6.48709638011
6.4963174299
6.50922020213
6.56566105262
6.57434467944
6.58673280708
6.59445693664
6.60379894345
6.62152998347
6.64836584552
6.66577686149
6.6813542973
6.68294634156
6.73000507668
6.7386397512
6.75456528053
6.78348236476
6.81603850741
6.84797482132
6.8615530881
6.87874531095
6.90041606252
6.94755792795
6.99754747994
7.0193456153
7.03271241483
7.06463892537
7.088550667
7.12231202967
7.1272346181
7.15107452897
7.1777106548
7.22255899535
8.15502773796
8.17123187623
8.18684902876
8.27785713743
8.38544803806
8.41802657034
8.45087536478
8.48333577827
8.55291423966
8.56669951874
8.58173421475
8.60341616096
8.75802249472
8.7645608576
8.89644098133
8.92254466083
8.93549881142
8.97902954038
9.02912221314
9.11077142146
9.27263769962
9.35808130286
9.41334781755
9.62875274666
9.68351862024
9.74649686048
9.79811641703
9.80992171949
9.82517504133
9.84622948019
10.2735608256
10.3402240975
10.4038183313
10.4872653337
10.5384400804
11.6156303913
11.6411553175
11.6788180086
11.8360125729
12.2502129003
12.3151165022
12.4289579517
12.9915760875
13.0299702964
13.0431096112
13.2391445728
13.526248068
13.7188224759
13.9449705898
14.0728507618
14.1501374323
14.4580549543
14.8468800669
122
