6.00642093342
6.00941604646
6.0102348813
6.01694174954
6.02786976138
6.03537372366
6.04001423177
6.06260056285
6.06998802175
6.07631955314
6.08334132847
6.10182237049
6.10312538788
6.1116810519
6.11281945331
6.12261015338
6.14369196823
6.14983850144
6.15354600774
6.1581030981
6.16898665687
6.17001316776
6.17747510006
6.18820603179
6.24407013774
6.26005755274
6.26449994176
6.27868821298
6.28692502954
6.29630779043
6.31304001505
6.31927589196
6.3317788131
6.33750601589
6.35431230199
6.37120430767
6.40679649833
6.41799501334
6.42526107436
6.43178172215
6.43682350607
6.44024003299
6.45530359273
6.4703092022
6.47187195286
6.4727966782
6.5038664666
6.5082734961
6.51722287273
6.57770170145
6.59053288636
6.61816848902
6.62057012655
6.63282634388
6.65057791598
6.66317891132
6.67690547658
6.71674872634
6.7313445161
6.74504161489
6.75446010661
6.77526935251
6.80229514941
6.8090470547
6.86910471431
6.88615569357
6.94462670784
6.96752912493
6.99241917586
7.04234758543
7.05202758335
7.06379679511
7.12301085104
7.14273023721
7.1724454886
7.21118896219
7.22959106994
7.25369379823
7.2681787034
7.3264273165
7.36180731165
7.48161535073
7.51295256784
7.52499679045
7.55930970723
7.56676001905
7.58570233945
7.58975317419
7.62526009759
7.67265692634
7.72510840589
7.83275636562
7.83559904839
8.11457979236
8.11747789228
8.1639670816
8.24156259171
8.33096773989
8.36106240148
8.40118221805
8.43354162095
8.48083574111
8.51291677824
8.56646856235
8.64462961679
8.66731544537
8.82759020019
8.84819647515
8.95690521649
8.99220942482
9.00500465127
9.09906053213
9.13630137852
9.18392780455
9.28922152116
9.33313744112
9.34452851859
9.41511349849
9.53472184096
9.57058984319
9.61535159902
9.6666922821
9.9856076677
10.0733876919
10.1442777775
10.243029408
10.3529855548
10.9313001397
10.9509475962
11.0671765349
11.0875624419
11.1792685387
11.2575146679
11.3393630943
11.4498348576
11.6429806161
11.6763481419
11.6841747047
11.7029344468
11.8974282703
12.1023073297
12.2020008508
12.2184243937
12.2612563148
12.6644453512
12.7280275607
12.9305386238
12.9560867629
13.2645488975
13.3749581028
13.4273723351
13.5880601336
13.7000602258
13.7188302187
13.870819758
14.0216310865
14.1015323415
14.3784878764
14.6723575929
159
