6.00620224595
6.01131053358
6.01758871656
6.0208683155
6.02521150853
6.03329485474
6.0392285329
6.04110707632
6.04369867948
6.05006506554
6.05254305077
6.0555181755
6.07035608584
6.08232455116
6.08859032885
6.11157195089
6.12759336651
6.13672937401
6.14472768175
6.14707108755
6.14818254768
6.16005687785
6.18104333677
6.18300831961
6.18873216432
6.19775625305
6.21008740771
6.22196029408
6.23741470637
6.31542822941
6.33735350652
6.37180960007
6.37752240882
6.40192564285
6.43340898511
6.44476746591
6.45602981784
6.45732230268
6.47459999282
6.49249543831
6.57523053345
6.65698880557
6.66715561388
6.67802477156
6.68447636732
6.68954008696
6.73171699187
6.74206815161
6.764263522
6.76780309028
6.78662940316
6.79966431271
6.81018551248
6.81954702102
6.85435870598
7.02057222993
7.08119959435
7.10242946855
7.11547023815
7.11704192915
7.18200411539
7.20463758718
7.22262746377
7.2548195771
7.27961540391
7.32576470159
7.32976530845
7.51615382703
7.53471814156
7.60098117318
7.64499511385
7.67062579499
7.70234343693
7.77109759157
7.78787305576
7.84862522725
7.93450354136
7.96330081578
7.98412382975
8.00039966644
8.0169325792
8.06612762696
8.15531304642
8.1946173568
8.23116802925
8.25139188952
8.42113935786
8.48179666944
8.49681404379
8.59636572004
8.6440607031
8.71702046951
8.72132949125
8.75184002053
8.75573089052
8.77351223379
8.79174789311
8.84151304288
8.94665927338
9.02526840871
9.10331080782
9.13388063164
9.17690194947
9.24458021767
9.26669845831
9.30045834013
9.48719601356
9.59874587499
9.65462581579
9.67914314931
9.7525633981
9.80820292321
9.90261497261
9.91516766891
10.0517874631
10.1640377604
10.2622764036
10.454165028
10.6232578279
11.1321714991
11.2647813602
11.407658418
11.544552591
11.8610357123
11.8818889753
12.2061675993
12.386125973
12.5729323173
12.7095611305
12.8397187371
12.9987410826
13.089492093
13.2519659665
13.5756689235
13.6846415463
14.3532143948
14.6308355521
137
