6.00596960925
6.01581727242
6.02490692983
6.02565171003
6.03756511031
6.04393528429
6.05147432818
6.07294145844
6.07456682773
6.08660980504
6.09246822145
6.09563688351
6.10103073413
6.10875254781
6.11484775557
6.12504456671
6.23450001041
6.24462759466
6.25405024883
6.26092856522
6.40854518978
6.41586599087
6.44809318537
6.45319508459
6.46060117631
6.47051750739
6.48572661631
6.50201650145
6.52597135927
6.55383573884
6.5598536081
6.57465592907
6.58264237158
6.60329607844
6.61002892388
6.61147493492
6.6202952538
6.62882177174
6.64530494526
6.65919869606
6.66909319722
6.67238186817
6.68414662182
6.69815634652
6.73061847995
6.75904172607
6.76119523379
6.96724636349
6.96884113147
6.97907422605
7.00257181034
7.0324705436
7.0996541212
7.11491015408
7.14430686483
7.17216281415
7.17726582062
7.25798475971
7.28453974737
7.29549473976
7.32282703997
7.36538840695
7.3883810297
7.39043314832
7.40383839848
7.46372475053
7.48716513706
7.87156939206
7.96108681281
7.98261314181
8.04034623581
8.06906848499
8.13121128234
8.20522929565
8.22013498251
8.23763154982
8.25723651185
8.38356773686
8.43100857863
8.46284595981
8.47021017166
8.58300557509
8.60518703879
8.65424802693
8.68210606366
8.7112628458
8.73353906887
8.81321579251
8.848106213
8.87364620374
8.94798163703
9.0175065877
9.09345435383
9.1039099817
9.1551990458
9.18846972364
9.20848348161
9.25144449532
9.27384735858
15.4742093934
100
