6.04601938264
6.04881221894
6.04959623404
6.05274208007
6.06081907772
6.06356565735
6.06725606245
6.0724482254
6.20428676044
6.21160022097
6.228767608
6.23915685668
6.37889641989
6.38593748801
6.397475279
6.41274053222
6.42202812126
6.43154377815
6.44732116456
6.44864066323
6.45185811211
6.45419310337
6.47736101354
6.48995475301
6.51670985704
6.52287074054
6.54487255628
6.54746026759
6.73613319095
6.81486626216
7.28078135601
7.3075969511
7.34176735362
7.373220223
7.38813405996
7.45683214825
7.49763734832
7.5476379908
7.55164559228
7.57273293003
7.60308302832
7.62030763559
7.64387927524
7.68178331138
7.79938114577
7.85879503253
7.90694238689
7.92957087055
7.99680962853
8.06199968805
8.068304888
8.07887658369
8.14333479035
8.15437481924
8.4100016995
8.45682935197
8.56334324497
8.61227302325
8.66137181862
8.74299391553
8.82640548418
8.86942317746
8.99340140134
9.01369864166
9.02661558989
9.09085116799
9.10915905364
9.17820296917
9.21373679639
9.26097601014
9.29972846731
9.5012488438
9.562453777
9.59237148415
9.6435987749
9.6809963215
9.73144097529
9.78899724017
9.87043545239
10.0089016948
10.043795741
10.1993142155
10.3307194561
10.3536750848
10.4484896684
17.7038464143
86
