6.01464904356
6.02034677325
6.02079196403
6.02491542529
6.02947209863
6.03161468524
6.04000812121
6.04572892716
6.04858156399
6.05404292946
6.05869764525
6.0639529415
6.07706162117
6.07829946404
6.08997693071
6.09303954751
6.10081900389
6.10417877598
6.1079653076
6.11408439874
6.12646475025
6.13525649094
6.13935832064
6.14492835994
6.15018219581
6.15446728493
6.16929334793
6.17650045555
6.18273619606
6.20546957082
6.21821997473
6.22997908568
6.24024542074
6.25062733543
6.25142268031
6.27648588439
6.2801886895
6.28329579746
6.29093368239
6.31305327882
6.32174356782
6.34744225187
6.35776058275
6.38874263021
6.40087075618
6.41085025636
6.42568719661
6.43444535295
6.4535657217
6.45961111232
6.4707896268
6.47241729989
6.49143997624
6.4937963332
6.50909156305
6.52074547439
6.53346682027
6.54861636053
6.55078007235
6.59318928512
6.59828000567
6.63411820481
6.6504461044
6.6731387435
6.7060901999
6.71863413338
6.72522271541
6.74994898718
7.19251466064
7.26315207184
7.26760772626
7.29710933169
7.32697834699
7.344119717
7.36205071965
7.41672921863
7.4693724896
7.5202828403
7.86844712822
7.90536825833
7.96760357064
8.02939364644
8.09402025048
8.17482678461
8.22382985771
8.25623691926
8.28687532779
8.33581645906
8.35309827795
8.36852564056
8.37262783368
8.37844862164
8.42735153657
8.50763376665
8.57940469255
8.60428936826
8.63390464819
8.7904272539
8.87750856249
8.97873906236
9.0153239563
9.05121683157
9.07841460688
9.10328470777
9.15117722584
9.18209629596
9.25146004461
9.27166901534
9.42567726555
9.48031938239
9.55242330234
9.66055838782
9.75793843206
10.5355783193
10.5798364221
10.6429563892
10.6684797888
10.7472292277
10.8131520611
10.9167215399
11.0796465944
11.1702734396
11.1850162999
11.7269494037
11.8159864497
12.0940949071
12.1865122566
12.2231415306
12.5169635246
12.5299357662
12.7225123147
12.7851257768
12.8260228822
12.9210279313
13.0651657128
13.1874013866
13.4933755685
13.52074692
14.9722184685
139
