6.5679616968
6.57631797995
6.58885071099
6.59906532235
6.60438740452
6.62200783772
6.63258505786
6.65460145524
6.66143381043
6.68370917211
6.69706680335
6.70198298122
7.11967110273
7.14952237386
7.18381544375
7.39941700341
7.41246363064
7.45315042327
7.45579321615
7.48352739189
7.49752113854
7.50649866435
7.53778803246
7.69850538368
7.72284513282
7.73858539962
7.74562669402
7.7995735449
7.83727788849
7.87384368066
7.92774388837
8.00934720631
8.15187528681
8.18379321529
8.25430103132
8.33334404795
8.39408156738
8.45206380558
8.4560374906
8.47369107473
8.56238127504
8.61822235697
11.5141894987
11.6678033305
11.7859143342
11.9386873563
12.0524927052
12.2449882226
12.377831685
12.6064677811
12.7655479846
12.8555311699
12.8688419789
13.0313584104
13.0903664881
13.2250276142
13.3479409503
13.515848671
13.5540271769
13.7001776611
13.7489487279
14.1185451966
14.3692320221
16.2310845874
64
