6.00764187642
6.01522032325
6.02470301162
6.0323259597
6.05260678881
6.0715257788
6.07903767093
6.09260534016
6.09441513097
6.09858701502
6.11057698876
6.12180319364
6.12749991076
6.13574932269
6.14979406469
6.15408016892
6.16513509808
6.16916286537
6.18056837872
6.18588282878
6.20312055704
6.20928516046
6.21310692511
6.23167464348
6.23581482863
6.24996368495
6.25101146234
6.26890682212
6.27490458634
6.27917022857
6.28328994809
6.29353858686
6.97603869755
6.97901478504
6.990400154
7.03819365847
7.5530708366
7.63450132677
7.68417612823
7.69162580474
7.7349309075
7.74157571271
7.79613781981
7.80369968192
7.85141281419
7.88135691568
7.90736225285
7.92360858173
8.24377303925
8.28150973185
8.34302170659
8.36398761186
8.41698227652
8.47550492203
8.5510071838
8.59066987873
8.60390690313
8.61304074401
8.70140153942
8.75069768887
8.78209363095
8.83770000805
8.84867569438
8.88685500555
8.91759443937
9.06055736877
9.12393363141
9.23351680064
9.26067569407
9.26682213113
9.33444294187
9.37989135072
9.45540015785
9.55746795927
9.59596627624
9.60931716816
9.66816948591
9.71473408823
9.78626968694
9.83593457432
9.87719775932
9.90581540337
10.0281774861
10.0417950894
10.0714016061
10.1820622005
10.4180568598
10.5316010992
10.560506047
10.6124393975
11.0837393141
11.2275315257
11.2338792914
11.3990210965
11.4342799573
11.4893015701
11.5206932697
11.5749153087
11.7923438554
11.8117770393
11.8353010683
12.1147725077
12.1850339822
12.265201636
12.3020486979
12.3495458891
12.4983625223
12.7194003945
12.7790821711
12.9641486557
13.1088158312
13.284688876
13.4766466086
13.5888131079
13.7417405769
13.8892540246
14.085149369
14.1624458395
14.4670374299
14.7386704515
120
