6.00958636092
6.02228547182
6.02861933496
6.03637903025
6.03990945069
6.04419853411
6.06478909523
6.06757925304
6.07207392229
6.0762618573
6.07762562393
6.09472690649
6.11113722012
6.12327317733
6.13951019337
6.14475212515
6.1514662068
6.1643858305
6.17055258347
6.17743589364
6.19482868119
6.20257685314
6.22606624776
6.2360873042
6.23997760111
6.25195676699
6.26317815519
6.26940319589
6.27601492129
6.28372993603
6.29582848165
6.29689436124
6.30686772476
6.31011590255
6.34406744399
6.34866163409
6.35804156224
6.36342847095
6.37130182392
6.3730488554
6.3929815356
6.41959293469
6.43465072176
6.44791799149
6.45302215475
6.4628137288
6.47537991032
6.48643700672
6.49860885597
6.65294530859
6.71877638239
6.7450320402
6.76539681584
6.79212752218
6.80781526559
6.85242580656
6.8720783032
6.90064474117
6.93429222594
6.93631517605
6.95862602244
6.99015209597
12.517039588
12.8679951654
13.045351576
13.1334117717
13.2076568222
13.4423176336
13.5515130717
13.6106797314
13.7493811201
14.0864391322
14.2324480557
14.5430852815
74
