6.00197342805
6.00682363439
6.01097125178
6.01675381388
6.02032053837
6.02404839074
6.03938868181
6.05095920263
6.05571012279
6.06246879586
6.0673758179
6.07399650129
6.07904648523
6.0882700357
6.10192458103
6.10891074213
6.11929647795
6.12989759318
6.13079562
6.13927188062
6.15976934458
6.16462187589
6.19245516221
6.20308386494
6.26888011954
6.28986283721
6.2978712574
6.3175654709
6.33591371409
6.35587885934
6.36617900663
6.38452229982
6.38987518492
6.40851728166
6.41467455754
6.43073200745
6.44976320904
6.46780227134
6.47942391787
6.50215502651
6.51609013161
6.53468518494
6.53720482204
6.53970797937
6.55102983848
6.57783969511
6.59342243771
6.59855192963
6.61191543735
6.62349622773
6.63895474121
6.6656281236
6.686163185
6.69500438106
6.71337919579
6.73644845599
6.74418050098
6.77524765262
8.44547161101
8.68584635569
8.69540820255
8.71902059076
9.06076863375
9.12097649102
11.3461958676
11.486835847
11.7898513705
11.9310189273
11.9968403626
12.0517868867
12.0854064602
12.1399388671
12.2210731968
12.7314696573
12.8491162002
12.9274076827
12.9926676816
13.0927627367
13.167035258
13.2638595874
13.4273808886
13.5235103484
13.6407656553
13.8002694607
14.3308792023
14.6497848782
86
