6.00800748875
6.01363384116
6.02421324243
6.02851804737
6.03256697991
6.04327190882
6.04943017394
6.0535789047
6.06303294072
6.06701341784
6.08635028273
6.0936560987
6.10339711063
6.10702559502
6.11303565382
6.12078899299
6.13082091665
6.15730780842
6.17575526604
6.18858262885
6.19662055747
6.21915014753
6.30386523791
6.31007589523
6.32955577191
6.35219587288
6.3607474145
6.3967593306
6.40084766476
6.40362021131
6.42751404375
6.42883818164
6.44067578511
6.46056020905
6.46971017336
6.49420200858
6.51024601166
6.51130706275
6.5245924636
6.54004504452
6.56836369847
6.57686174236
6.58229449598
6.59327936455
6.61590471544
6.63486938256
6.64513610563
6.66861905918
6.69064387784
6.75128074115
6.77085025504
6.78102594454
6.90416556878
6.90969270532
7.28496503127
7.3033295234
7.31371240115
7.34926116066
8.94078584613
9.01856401533
9.08435152678
9.09050281119
9.12765433864
9.26342322148
9.32475070512
9.42143987616
9.50378539544
9.52350034491
9.61447087926
13.8002733892
13.9126325676
15.5165643562
72
