6.0183567393
6.02780135298
6.02943938021
6.03163669893
6.03594302482
6.04350142601
6.04899197742
6.05326536994
6.06287590147
6.07050976155
6.09609927456
6.21335829976
6.21810623889
6.23343317155
6.23957301564
6.3853428529
6.39342841992
6.41558052106
6.42587306828
6.4333156414
6.44201958323
6.48638818053
6.50490643313
6.51864415735
6.54041711584
6.57250691127
6.58778189478
6.59952157997
6.61962001514
6.63976864945
6.68287616072
6.69149894771
6.70529850621
6.72702622728
6.76746596226
6.79389565753
6.80671237676
6.82824053404
6.85285769661
6.85977796995
6.88412535931
6.89402090114
6.90368905966
6.92662114299
6.94867570904
6.97215074151
7.03033297732
7.07607880955
7.08499768829
7.11176578455
7.15047741147
7.19527936241
7.21071686475
7.23978186444
7.27924032314
7.32276883256
7.34147753994
7.37568112132
7.40585778804
7.45482188647
7.47869617711
7.56028958728
7.68359968665
7.68718403469
7.70196392731
7.72841392228
7.78027833225
7.89036666155
7.95014838868
7.98838687325
8.02065545034
8.0720948228
8.13180411203
8.16062183797
8.18419593206
8.20280649036
8.23604482624
8.28504661662
8.30528223547
8.37680770716
8.38735426742
8.45927266335
8.54333380122
8.62792566837
8.66312454735
8.66740719768
8.71979697428
8.83150509825
8.90084653921
8.9188384189
8.9525602045
9.03211077107
9.09599301097
9.10211534602
9.11382988408
9.43627524712
9.49502183462
9.53507911625
9.577008202
9.59507695276
9.90723619779
10.0505236914
10.1869656158
10.3106833072
10.3238736106
10.4091066919
10.4512488999
10.4908916053
10.5230376683
10.833962548
10.8730358342
10.9874415675
11.1283805061
11.263790939
11.3755951188
11.4532094904
11.5611286255
11.6687729537
11.8548941416
12.0511357765
12.2586496173
12.3803885557
12.4991806944
12.5475608506
12.6523116047
14.661085245
126
