6.00273910174
6.01773998003
6.03431677674
6.04146883058
6.04333537569
6.05160150177
6.05859750573
6.07096448641
6.08240126713
6.09086540357
6.09953460543
6.10257204975
6.10860950793
6.11275835307
6.11476168705
6.20372587157
6.23623750188
6.24443901262
6.2552334692
6.25615104494
6.26982436968
6.27162349252
6.28458167777
6.29480930779
6.29627395458
6.31518035741
6.3429361397
6.36934378475
6.38298505585
6.39192939347
6.40538900155
6.42780804753
6.46798268675
6.48291098181
6.50609052249
6.52354901011
6.53127388582
6.55840410163
6.60389777074
6.60585600682
6.62288498421
6.65371706757
6.66462712404
6.68558927235
6.68920367979
6.72675725142
6.74083429479
6.77216697719
6.78573194006
6.79604779088
6.80860973978
6.83670695238
6.85895815667
6.89130594046
6.91203270942
6.92457432626
6.95307378985
6.97521074777
6.99370489484
6.99865550769
7.02186830438
7.05614100081
7.12070957223
7.19897069
7.23246582645
7.25202943133
7.27274058571
7.27631731414
7.35983101233
7.37456906804
7.40015719898
7.41446377219
7.44249825276
7.56486963639
7.59644904036
7.6129638739
7.62843026809
7.67651801252
7.69073517878
7.7344497396
7.78884080645
7.79283017263
7.83555819299
7.88299412534
7.90574609568
7.92904696237
7.95809189664
8.01365331336
8.04702440652
8.11431562754
8.11888301354
8.18523209418
8.194534798
8.36392178249
8.44143014882
8.51291189231
8.61825593493
8.65451745075
8.74798612326
8.77726049418
8.8473865625
8.8559928442
8.87667859115
8.93976342715
9.00646602218
9.12854294693
9.18917813465
9.27201708566
9.34476695815
9.4330083655
9.45710276826
9.47860066627
9.52115471992
9.5600331698
9.67350754552
9.88401118786
9.97829852779
10.0461945882
10.2018602062
10.2237654174
10.3051231079
10.3788379044
10.3878581112
10.4359497144
10.4945047025
10.9849838661
11.1676321422
11.279437857
11.4249506803
11.4701703625
11.6202129237
11.7403764614
11.8098526256
11.8178241176
11.9893777106
13.116926552
13.4026857686
13.5138145731
13.5422844605
13.6005904637
13.8474278067
14.0931276365
14.2652485133
14.5171086972
144
