6.0065438317
6.01011021563
6.01339154684
6.01852138563
6.0285112762
6.03613238841
6.0453830809
6.04963096545
6.0629362585
6.07950699497
6.08683187979
6.09719799981
6.10755112333
6.1084249547
6.11751620984
6.1181883641
6.12390233953
6.12716717841
6.12967330278
6.14342391834
6.15331641007
6.15739157218
6.16585779962
6.17245827117
6.18320240795
6.18833716682
6.2128049714
6.21775344542
6.22658314897
6.2389273372
6.24719604309
6.24828810696
6.25467325318
6.26553389315
6.27870459749
6.28839485542
6.29342197828
6.30023098522
6.31506017647
6.31914923814
6.32286057122
6.33151212867
6.33534308514
6.34099423685
6.34535278962
6.3547756792
6.35654041981
6.40188860001
6.51604233118
6.52548471619
6.53210479208
6.54197116896
6.56349701652
6.6038346703
6.65166822454
6.66622444979
6.69991519147
6.72944358804
6.74463964711
6.76835135781
6.78974106508
6.83488424718
6.8672412584
6.89516636024
6.91431685893
6.94430011255
6.95700487331
7.02840270961
7.04702552394
7.06721527683
7.20929350927
7.24303005193
7.2921047157
7.30600716921
7.35934393982
7.37197089934
7.4201590127
7.44474284214
7.456107012
7.48630658393
7.51810006313
7.52267139977
7.56069222084
7.58824272868
7.63064442439
7.72179708079
7.72724255175
7.76972174787
7.85044080688
7.88786324212
7.97408169201
7.99553265809
8.04032031246
8.11860968141
8.20491186076
8.25450545692
8.28822596956
8.35816117801
8.43512262441
8.46565174602
8.51618013205
8.52492278195
8.59502906373
9.02351480887
9.07171763714
9.09992936434
9.15848438144
9.26509834719
9.31099445597
9.44624562084
9.681994576
9.79332404434
9.85437357588
9.86334267101
9.89837997074
9.97452362892
10.0550256637
10.0755886947
10.0807535965
10.3250969582
10.3784366816
10.3873380235
10.4137108832
10.4197282543
10.5330547571
10.5439134792
10.5562654673
10.6954814226
10.7691623694
10.8418409775
10.9715776004
11.3761203124
11.3844549943
11.4118913227
11.4832728896
11.5095595903
11.7407609194
11.8043996799
11.8828635668
12.006840394
12.060916652
12.1240869624
12.359011052
12.5345807012
12.7262620295
12.8549721808
12.944860697
13.1134948029
14.4235321044
14.5939303952
150
