6.00103917966
6.01761607448
6.02373612948
6.02747212278
6.02920785164
6.03627595329
6.04364061745
6.04971227163
6.06356693848
6.06484684523
6.08368013089
6.09158237844
6.17658623247
6.18479956745
6.19130179559
6.19807579374
6.21352803247
6.22098597812
6.22198623338
6.22271712309
6.22389262824
6.25133550625
6.25208999611
6.25448306741
6.26775301429
6.28038089141
6.28313789621
6.29168336588
6.29845224958
6.31193333433
6.31365268694
6.31665319262
6.32796649284
6.34048052518
6.35620169166
6.36419641154
6.36905953234
6.38326048865
6.41265851658
6.42713445547
6.43190483931
6.43660620039
6.44850939786
6.45519090765
6.47624193477
6.4928658909
6.5156513405
6.52509820842
6.54361890493
6.57414635192
6.59592759919
6.60393206079
6.62834015257
6.63540152374
6.63706569244
6.64730723943
6.66364181335
6.68371543531
6.71924915959
6.75382765717
6.79364375125
6.81297308221
6.82595653337
6.88171352029
6.91121207593
6.93060470176
6.95509750349
6.97895419755
6.98550657828
6.99600412398
7.0235203412
7.08317130343
7.09735424367
7.1331970145
7.17159752106
7.17443142972
7.18898718893
7.22344911847
7.25792948466
7.27802592543
7.31845138921
7.35617308323
7.37794795441
7.3897504491
7.51282593563
7.52447622621
7.52648770895
7.6227551646
7.64752712693
7.69237576556
7.73933440392
7.7703019263
7.78703836009
7.80857057808
7.86172959207
7.88474251884
7.89338500084
7.96280816828
7.97939827831
7.98276460739
8.02397532193
8.22029753949
8.40010108216
8.43245099179
8.4462726185
8.50558361791
8.53097395875
8.64730138595
8.65966820821
8.74955027148
8.76233594605
8.83575670362
8.88841935226
8.97195678237
87.356472859
115
