6.00950816907
6.01201021926
6.07108205498
6.07981264343
6.09879888777
6.11039259777
6.11776786255
6.12372938603
6.13707486487
6.14360995464
6.153618085
6.16501737671
6.16772472596
6.17891167216
6.18210150534
6.19428766078
6.19826824741
6.20374150115
6.20657228365
6.21866889423
6.21990907497
6.23310796911
6.24200939449
6.26336457379
6.28235439302
6.34977370239
6.35831277068
6.36664691266
6.37988125346
6.38099054586
6.3897429039
6.39786064931
6.40637404841
6.41980337238
6.4388730469
6.44022239163
6.44662617235
6.45652824613
6.47595338061
6.48667614678
6.49520604599
6.51567870765
6.57733731792
6.63645598503
6.645776362
6.66561729808
6.68182036959
6.69586650528
6.72917045105
6.7404878063
6.75004954796
6.76581105603
6.78766562423
6.80174880336
6.80790358443
6.81703102824
8.77888050455
8.81238208702
8.8437055668
8.86658027781
8.87300635583
8.88746039432
8.91273116736
8.93611701949
9.04920945105
9.05869276458
9.15696733286
9.24939816526
9.34368624957
9.78066806284
9.85432631453
9.93356532633
10.1757690472
10.1814948926
10.191533634
10.2388763905
10.2494642026
10.7926392413
10.8925947178
10.9747878475
10.9809402113
11.0362001695
11.1795143181
11.2699442034
11.4608530396
11.6389701123
11.7812667642
14.2713351421
14.4139548062
14.465148044
14.60390766
91
