6.00129876458
6.00814417695
6.05559212168
6.05954607544
6.0727094927
6.07460037564
6.08405433881
6.09201187221
6.10713081579
6.11367980162
6.11827399953
6.1323871831
6.13564866068
6.15999334776
6.16634672271
6.17093094201
6.1775759502
6.18805359589
6.19291405462
6.20055848101
6.20990470497
6.21741958318
6.22665207408
6.22784507103
6.23914815614
6.24536520745
6.26309055227
6.2713651218
6.29086722756
6.30121840453
6.31652471718
6.32636941477
6.34350734984
6.3516150308
6.3619786699
6.3664393993
6.37793609989
6.39995276867
6.41190032313
6.41893040185
6.42747305284
6.44458784945
6.45767453769
6.47741923143
6.53456244585
6.54168454806
6.56272041292
6.57900492521
6.60516547874
6.6074188233
6.61913705215
6.63428070239
6.65663931896
6.67672385497
6.74536224546
6.7934467722
6.79526270193
6.82661038705
6.85147294559
6.87624098782
6.9651419769
6.9986496744
7.0191573224
7.02717538779
7.03940307245
7.06086163721
7.1117397618
7.11407156916
7.15828869227
7.16006734552
7.17278309896
7.17776021839
7.19302693292
7.23133981719
7.23562007749
7.24489678044
7.26387109838
7.27399333418
7.33065338809
7.39567848266
7.43735572866
7.46521089634
7.49336087995
7.56851567288
7.59938837127
7.68439992097
7.70170705992
7.75114362969
7.80562252004
7.81475737846
7.86040032644
7.90146811262
7.96493778276
7.97347863573
8.01336063299
8.11064473437
8.12713134976
8.15055241317
8.16646648068
8.20456574346
8.23515094829
8.25536385482
8.25947194043
8.26500754728
8.35583216396
8.4202786143
8.54950517011
8.58546710702
8.63069705605
8.68730867434
8.76039138175
8.79601955448
8.83780704929
8.89826796624
8.92479406312
8.9916022006
9.001229043
9.07591015189
9.13549213975
9.1918865245
9.24969371666
9.31763655412
9.45591552148
9.50600793733
9.51289522575
9.55682564934
9.63191222628
9.69815205918
10.0959247694
10.1173257644
10.1682408918
10.1981245522
10.3033414561
10.3582488398
10.5830121757
10.662052738
10.7891876922
10.8633448737
10.9758791725
11.1824434581
11.2396802497
11.2821078602
11.4131069691
11.6213689161
11.7692542743
11.7780296348
11.9055772942
12.29533214
12.4123447438
18.9327300241
150
