6.00321288167
6.03034842569
6.04678440297
6.05867556772
6.21961317429
6.23515228675
6.24362928545
6.24485791449
6.25282267088
6.26136249395
6.27710176996
6.28803841878
6.31220041871
6.36322227689
6.36780497325
6.36856341067
6.37390567246
6.37791859371
6.39481308901
6.42616705653
6.43157887975
6.44308285661
6.48257713593
6.49428617126
6.5052081646
6.50709383135
6.51874165217
6.52661252888
6.57697784593
6.59389958006
6.60038662934
6.65083400899
6.68633971102
6.69888641174
6.73127955034
6.73296742673
6.73975215043
6.76592961597
6.81054047123
6.91315824021
6.93526281608
6.94861238951
6.95858689423
6.96084060851
6.97682596904
6.98856664319
7.01073551014
7.01461969987
7.02798214527
7.03830851762
7.06781788436
7.10535539949
7.120035286
7.3093930809
7.3236538684
7.38109444621
7.3844203212
7.42791714261
7.44170569605
7.46851758369
7.48068657273
7.49540777013
7.5233308802
7.61798170218
7.63033571224
7.70588303711
7.7508233598
7.80037341993
7.87049115048
7.88259409617
7.92574825679
7.93682548737
7.95203840921
8.00437736819
8.06195816024
8.13405702789
8.15869784328
8.18262205395
8.23442032435
8.34816230477
8.38559755967
8.41939415235
8.5509150842
8.70162705994
8.76638008308
8.79238739237
8.83062550984
8.8846080107
8.88906132759
8.99808577029
9.07188566683
9.08535091941
9.12170292262
9.14210773417
9.45560422552
9.5807002636
9.68480288405
9.73677798811
9.8479827341
9.93906043618
9.9539851171
10.0056302556
10.013544651
10.1306108878
10.2106049969
10.2707622122
10.2794880747
13.7911188269
14.0604687607
14.0734460307
14.3862811803
14.512092707
112
