6.00840705282
6.01204475346
6.28102018195
6.29741373654
6.31292518259
6.31513256898
6.31964059184
6.33094397172
6.34734437398
6.37890384976
6.39169308899
6.40268598898
6.40881269974
6.42905228822
6.43622235439
6.44085511687
6.44653650746
6.46396130646
6.48084828386
6.50520600945
6.52650345391
6.5414520633
6.70659555864
6.72116878237
6.72987624533
6.74686797452
6.92176178602
6.94489673242
6.98703399029
7.09199596059
7.12748872931
7.13100124998
7.18566909696
7.19362794894
7.22320085209
7.23077211468
7.23804866938
7.31421020779
7.33885972658
7.38431728517
7.39500731618
7.40806274216
7.44493837521
7.47384138852
7.50356283206
7.55624095978
7.64605390031
7.65020218934
7.65397642314
7.67561102461
7.74096401953
7.79549117998
7.82400161265
7.9117146908
7.92366461886
7.9704414221
7.99316139528
8.02199988079
8.04734422827
8.09360608045
8.11937568173
8.15109771373
8.25857814083
8.32610266476
8.36139372021
8.80700683966
8.8360597188
8.8860482593
8.92892213988
9.09320090173
9.17072010625
9.21812940038
9.27825838954
9.28330601793
9.44169059435
9.45395594276
9.47705670034
9.62533182836
9.70923670681
9.73099417651
9.78019417024
9.83689273945
9.94260567739
10.9369856876
11.0290287939
11.0360838097
11.0428648646
11.1437496894
11.2533623089
11.3608302263
11.3933695312
11.4770707295
11.5139414015
11.5241847962
11.6304483481
11.6919666769
11.88785625
11.9390381429
12.0118243132
12.3181810187
12.43347516
12.4886715481
12.6226048206
12.7289291348
12.8473931961
12.879979913
13.1010080178
13.1913989084
13.3609323882
13.622918251
13.7974040582
14.2590648845
14.4257629038
14.5545651394
114
