6.03804601526
6.04686261671
6.05119055404
6.05225475049
6.05813111479
6.07278596957
6.08602960087
6.08914911555
6.09181100142
6.10429384308
6.12103221972
6.13158218538
6.13890676408
6.15822760995
6.16590453656
6.20138530021
6.21274240255
6.2179846821
6.23715772773
6.2528216198
6.27069810936
6.27165262442
6.29343401128
6.30069561077
6.31553452021
6.32005043233
6.32555580736
6.32682134873
6.36430361542
6.37464862126
6.46151516173
6.46513318762
6.48457173311
6.49916952816
6.50137853305
6.52250670935
6.53485263557
6.54038557763
6.55544868773
6.57634192059
6.60204135297
6.62404613983
6.65180332015
6.6762583206
6.69019523777
6.70135835486
6.71099245896
6.73215396642
6.73463235515
6.7406014586
6.8007490372
6.81391077094
6.83089389111
6.83840438554
6.85781341084
6.87473649381
6.89000656353
7.1967104458
7.21390552872
7.22442153497
7.23409412557
7.23676689548
7.25486802219
7.28077538038
7.33457558835
7.34112281477
7.40464796642
7.43098177685
7.45890312437
7.47508759372
7.49071479286
7.50901855958
7.62425703985
7.66956162118
7.72719677202
7.77912198116
7.82745389101
7.85928300541
7.86176722897
7.86643949024
7.89614411553
7.90153261504
7.95545562257
8.0366691423
8.0511773942
8.13498885278
8.20997115015
8.29436376876
8.34095222451
8.34403652006
8.38742940626
8.44202667712
8.46282531399
8.47374119472
8.52507764105
8.56201861536
8.61205287545
8.63067171533
8.64782456705
8.72657340685
8.75097384613
8.79390441986
8.83609911746
8.88850946898
8.94263004318
8.98953039925
9.14121934183
9.21529083338
9.25633508022
9.32210371422
9.34527110491
9.38821560802
9.41001466962
9.41835820669
9.43275406279
9.45516160477
9.50963457282
9.69869207213
9.89326529314
9.98101137028
10.108891707
10.1692333539
10.202806221
10.2690341857
10.3241013244
10.3908573444
10.413157497
10.4789217638
10.4892591017
10.563431383
10.609404652
10.7089690721
11.0284704472
11.1214931486
11.1704533355
11.3052928184
11.4333112923
11.5288872555
11.59489971
11.6971326048
11.8659862496
11.9079783909
12.3992329116
12.4250196808
12.5653732801
12.7576910255
13.3503408312
13.4634632845
13.6092300885
13.6890807103
14.0848881024
14.2696553744
14.40235927
14.6032715592
154
