6.00918586957
6.01290350601
6.04477155985
6.05427311416
6.05763906101
6.06961860919
6.07685696996
6.08617771344
6.09111462266
6.10368913715
6.10627567741
6.11478996547
6.124487396
6.12940615736
6.1340740357
6.13748631436
6.15208044075
6.15310409449
6.16449115929
6.18597471629
6.20624213995
6.22143580626
6.22227875891
6.23394355128
6.2401923962
6.25935605384
6.27141360654
6.27297841053
6.27536267932
6.28151615857
6.28789419717
6.29467825685
6.30075433748
6.30609113185
6.3442377355
6.40029382524
6.51302009542
6.54246092914
6.56337403857
6.57954564028
6.74187028389
6.75588881108
6.77246498352
6.81600186466
6.81821234293
6.83310234976
6.84777010786
6.88801598873
6.90866664169
6.98075228234
6.98874176042
7.08033212145
7.10797791629
7.12662507596
7.16037627659
7.17524125027
7.18417791431
7.2100237891
7.21996151912
7.23978277336
7.32024723123
7.34556155608
7.38308660262
7.53280706156
7.58417322736
7.67501825544
7.69885255602
7.93546157345
7.94728044918
7.97779570337
8.0462485737
8.09572697196
8.39251390544
8.41853810002
8.49330642696
8.51941073858
8.57818867713
8.61878925855
8.64210683176
8.83649209201
8.91123083903
8.99148607176
9.02399875238
9.14538706009
9.18148121112
9.38568114171
9.41483218907
9.46329766929
9.50509739044
9.60351731775
9.63279732565
9.69249269986
9.77433098678
9.86792618551
9.878853579
9.90953442502
9.97878786219
10.0982589984
10.116074307
10.1476014449
10.34638666
11.5306600249
11.5836763255
11.6514332839
11.7190683944
11.827550692
12.2339392836
12.2644914226
12.378230378
12.4412724635
12.4845646873
12.7377285556
12.8424350838
13.1795714774
13.3462754495
13.4730025945
13.7505100211
13.8192051443
13.8709501985
14.7735910059
120
