6.00103145271
6.04012345654
6.04915157971
6.05218026578
6.06036792164
6.0654494603
6.07289209369
6.07587921163
6.08494247947
6.0900622792
6.10983136724
6.11485389828
6.42646073936
6.43946784803
6.47689613791
6.48918535696
6.50899037921
6.5313295409
6.60204058197
6.60351605072
6.61522543697
6.61833635431
6.62391838993
6.64792022634
6.66021365281
6.67864086574
6.70965073326
6.71380632561
6.73930131297
6.76387113049
6.78118319478
6.87760559685
6.88254860059
6.91637447048
6.93166103266
7.33362699151
7.48996861985
7.49646048294
7.52031684068
7.55271462964
7.79144502787
7.82349283489
7.8325637456
7.88409697076
7.91686641279
7.94182669147
7.95515494843
7.96731169834
8.12798020655
8.16026671266
8.18060742449
8.20509459677
8.33623961016
8.36733059791
8.441932392
8.50773003926
8.52035204758
8.54184760286
8.59689000895
8.62961508707
8.75998749994
8.80038611855
8.84287750184
8.89630882134
8.93547421761
9.01155407399
9.94573925386
10.0966423649
10.1316497523
10.2164213271
10.3439742249
10.5045495052
10.5389406201
10.6032706208
10.7164748944
10.7963358562
10.8203507668
10.9003003445
10.9783241815
11.0915933564
11.4755397168
11.4846960817
11.5046881287
11.5441565141
11.7265996698
11.8733600087
12.0762004847
12.0903410022
12.1256359315
13.761100208
13.8038826028
14.0010832454
14.1182712823
14.2431529929
14.4588657573
15.4172998438
96
