6.00116216448
6.00368687918
6.00839167613
6.01478988856
6.02283659193
6.03087807572
6.03303103211
6.03857845043
6.04818312134
6.0997379474
6.10819329546
6.11427680279
6.11908194714
6.12861276514
6.1367900135
6.14122503931
6.14470656435
6.15219558227
6.16441543735
6.16521538688
6.1727246769
6.19999364964
6.2093688836
6.22323743125
6.23262845102
6.23371135472
6.24167456989
6.26373520192
6.29588751764
6.30912939871
6.32908485853
6.35064947761
6.39922349424
6.40960431085
6.41598529084
6.42910442663
6.44227810774
6.44982529227
6.46101725592
6.47303704003
6.49052815449
6.53708779491
6.55876996474
6.5721047429
6.59513571093
6.60633895726
6.62602039979
6.62827352862
6.63111922199
6.65363965406
6.68247071958
6.69706627951
6.70580124387
6.74346116247
6.77293750538
6.79289092376
6.81209466568
6.86072944833
6.88211640735
6.89575612882
6.90783205977
6.91227032385
6.93574837707
6.94016366216
6.96574377365
6.99487160442
7.00481327193
7.03221855327
7.05611850121
7.0785261157
7.11921976768
7.14840543031
7.17528892958
7.18302896544
7.21519308057
7.23394971047
7.25945364071
7.2659047109
7.27509639152
7.35940603407
7.38158207783
7.43110430224
7.43577570343
7.44105453629
7.46022778052
7.46858594166
7.50549091011
7.53530915244
7.55452288995
7.57245361162
7.57839229967
7.63623209735
7.67149307923
7.69582992958
7.70769774315
7.74196451581
7.76499338826
7.8284935389
7.85121116958
7.86365366383
7.89074127856
7.90856857198
7.95766782824
8.2301588876
8.24900682183
8.2962222027
8.31246562081
8.33857398369
8.42506332096
8.46649492159
8.47216741708
8.48976293926
8.58469951258
8.62848160294
8.66906856705
8.69541532574
8.7764652361
8.79710370284
8.81568015013
8.84837499015
8.87702987461
9.17203272561
9.18898637281
9.24940934896
9.46429679342
9.60356168361
9.65334533807
9.71199741387
9.84672010421
9.94102963577
10.0281349603
10.0684088337
10.1400194052
10.1954967259
10.2956587784
10.3024230391
10.4051986438
10.4908645616
10.6424656995
10.717248497
10.8761817029
11.0008144521
11.0323918327
11.543382977
11.6969697398
11.8492372446
12.002845016
12.0531145194
12.1412306637
12.2812737882
12.3291380265
12.4699307089
12.5434992399
12.6636866887
12.7230123203
12.7381208389
12.9572696628
13.2977283595
13.5210333213
14.3416366023
14.6785630757
161
