6.05959408266
6.27747762981
6.28398249275
6.29397114444
6.29966898603
6.32654836166
6.33958160167
6.35347382235
6.36331974002
6.37058602029
6.37264770815
6.3825346055
6.38754632087
6.40018646218
6.40652049415
6.42249560523
6.44196042681
6.46749771607
6.48180960426
6.49067698521
6.49702455622
6.50633688069
6.5201044299
6.54607012024
6.55572895322
6.56729716409
6.5822114781
6.58586902308
6.59846893208
6.59996413895
6.60639095262
6.6171988127
6.63477081345
6.64484182039
6.77203453873
6.78503150653
6.80133354758
6.8215509599
6.83760608138
6.85057243784
6.86419985565
6.88585480226
6.90399207674
6.93308101211
6.97595411938
6.98798596386
7.01218130644
7.03541798953
7.04532359421
7.07718967776
7.1388508855
7.15953302359
7.27054807996
7.36364320088
7.38048028869
7.42023022219
7.44750294535
7.4902542437
7.50525798894
7.57106816589
7.61046608511
7.62293523707
7.76859545234
7.83864535409
7.86315855397
7.94507781227
7.94790739115
7.95294737076
8.01264515289
8.05317126759
8.11726035972
8.15764116091
8.18844827367
8.21236180976
8.27554640088
8.41225300832
8.45078452669
8.5496168299
8.64803065829
8.71347644483
8.73403768544
8.76710215158
8.8677676216
8.92841501893
9.0377276045
9.05944691307
9.08784049847
9.0965476268
9.13371784189
9.20696516026
9.26021938776
9.62979364144
9.71629008384
9.98627247791
10.0738863002
10.1173283475
10.1869406265
10.3121327453
10.4245031188
11.0764234545
11.1228257666
11.2287403359
11.2678580871
11.4064605006
11.494557382
11.7130714821
11.7239093646
11.8660829637
11.9005115657
11.9625091644
12.0706786486
12.2098095287
12.391616417
12.5298333754
12.569284021
12.6906437007
12.7867800793
12.8438420481
13.2606239289
13.397932959
13.5920884796
13.6861290143
13.9791664104
14.0095935327
14.0992864397
14.2645720871
14.8861310858
127
