6.01242934828
6.0219565665
6.03138384852
6.03806389044
6.04101165417
6.0417684529
6.05068114249
6.05458576783
6.05719112439
6.07432155132
6.07923793218
6.07996736793
6.08268490387
6.08848558251
6.0968367049
6.10391643533
6.11980085751
6.12572897752
6.12821484144
6.13687811125
6.15578990543
6.17905147587
6.18315209662
6.19055522143
6.20007487683
6.20846588473
6.23237092409
6.23651704524
6.24179458312
6.24857641441
6.25436748904
6.26691343949
6.27361625492
6.27998051468
6.31717398548
6.32300516248
6.33847132575
6.35191928423
6.36355500016
6.39832575476
6.40511054703
6.42957690102
6.43417763043
6.44543645412
6.44727734734
6.46333454949
6.474651978
6.48398012747
6.5037964982
6.5090077319
6.51693706305
6.56412679593
6.57673899526
6.59269975015
6.61354061274
6.74600740354
6.75357671935
6.77019924387
6.78856558245
6.79227179332
6.80866110352
6.83368310481
6.84746482301
6.8871139702
6.91162932606
6.94374751345
6.96741453668
7.00643567489
7.00882121155
7.0729547905
7.101864299
7.11274983569
7.14042528611
7.25263343373
7.27116104715
7.28521698463
7.33447734059
7.35930195258
7.37787215465
7.39625044086
7.42788322339
7.44507643361
7.47199316671
7.50203524326
7.5063955969
7.54044172701
7.58411679358
7.63879436561
7.69872391985
7.73206490488
7.73651386079
7.77822755526
7.79537224351
7.8147505803
7.84885777045
7.86838816839
7.92643064947
7.94995881702
8.28452607623
8.34159310336
8.50464039878
8.56990736356
8.6147264578
8.66180986265
8.75226664538
8.79277530273
8.84754452239
8.91873154219
8.92392362838
8.98724182325
8.99921567825
9.02363709662
9.05511582066
9.11556926071
9.21520905202
10.2245671445
10.2921020092
10.3550812109
10.5042207291
10.5815838902
10.6441101995
10.6684901157
10.7649041363
10.7735359327
10.8275828176
10.8667431982
11.0938758397
11.1192491742
11.2342297768
11.294960877
11.3410641989
11.4524902561
11.6328730072
11.6726535743
11.8302625516
11.9229369985
12.1464355008
12.3756643171
12.4240383255
13.2911905973
13.4381062739
13.4589024245
13.4780438662
13.5672954343
13.6650835141
14.2259351933
14.240902375
14.5298299647
148
