6.00182357167
6.00547586474
6.01431434205
6.01918981376
6.02461730787
6.03433255931
6.038944448
6.05318853006
6.07530748604
6.07823638073
6.08594105369
6.08771996575
6.1105240607
6.11172269826
6.1160031205
6.12040095663
6.13832286102
6.15843630084
6.15918689979
6.17912655933
6.18403286658
6.20403749745
6.21669617363
6.22028785498
6.22423551192
6.23392134852
6.23624463275
6.23863563464
6.24250258317
6.25003664914
6.25556477403
6.28086563458
6.29800315516
6.30673296457
6.30782489831
6.31332964467
6.32558158086
6.34496916758
6.35356348978
6.36513986979
6.5809425873
6.59942908986
6.62971272176
6.64180610718
6.64822983031
6.66481186594
6.67655816324
6.70311658938
6.71438990707
6.71549402554
6.73438469673
6.75617856858
6.78406227538
6.7978251508
6.80907148184
6.83571432845
6.83745013317
6.84077778279
6.89207102229
6.90807507191
7.08410678092
7.09426248487
7.13073585363
7.13368709853
7.17872804339
7.21693025935
7.22492866719
7.24037068413
7.28631782316
7.30579605341
7.32492403179
7.38706160949
7.40149887836
7.40857140596
7.64164990383
7.65370873557
7.69443682419
7.72775498437
8.02977451735
8.06417389046
8.09793039377
8.13347296606
8.21725036665
8.24076854386
8.25280609549
8.28670914212
8.31366438994
8.34052286691
8.34901648127
8.41384552209
8.4894324401
8.49827401956
8.51677771052
8.53023638484
8.60274483492
8.67315099702
8.74117527288
8.77894241302
8.79920181985
8.88109143443
8.92072218069
9.03532685127
9.11707541148
9.16589969728
9.17589303029
9.20743758294
9.23862898986
9.35573435308
9.4382886758
9.64394032402
9.65864701395
9.77702698816
9.81601718801
9.86311041391
10.1263610674
10.1918612667
10.2855595755
10.4926785719
10.5200563465
10.6946386462
10.7730248716
10.8639806177
10.9510790181
11.0885990612
11.1735164521
11.2312256491
11.2799514634
11.4569151422
11.6895900384
11.8971771815
11.9798293987
12.1448410299
12.2061086554
12.2204684368
12.361982961
12.3850537751
12.4109685293
12.4253553821
12.7841892809
13.0355047195
13.4159879333
13.6183450123
14.0850353894
14.4488437313
14.5897365942
145
