6.00967342165
6.01022191173
6.01467815513
6.02389944831
6.07482008715
6.07840157265
6.09069329706
6.09959179147
6.10962773388
6.12857628772
6.13417320417
6.14126343619
6.16983617071
6.1789825998
6.19502090901
6.19830851344
6.21815846623
6.2287040857
6.24018398538
6.26700887142
6.2791460588
6.29838257366
6.31628678607
6.32481954823
6.33603688621
6.34445512801
6.34907492695
6.35887550898
6.36808878666
6.38394997023
6.40561058577
6.41132176987
6.42732627378
6.43947540161
6.44080575324
6.45651419987
6.48775577031
6.49783798914
6.51375764713
6.52277783321
6.53013596686
6.55047787517
6.57922287494
6.63281927652
6.66952710377
6.68360711893
6.69238740248
6.7294730844
6.73716437704
6.74884621731
6.77114339682
6.78462294107
6.80470843113
6.84007925175
6.86355025208
6.8780424133
6.90932626181
6.93062541985
6.95441442221
6.97730289813
6.98823874594
7.03412712808
7.06263300226
7.09234969772
7.10939742904
7.13930600714
7.14930381283
7.16097215675
7.29105165704
7.29792189854
7.31028757369
7.32067107951
7.34901817966
7.47758905477
7.49678766215
7.54165861213
7.54798731967
7.60638797986
7.627715451
7.66771787866
7.6991592291
7.75020520007
7.79722899859
7.82551252364
7.87063652373
7.92458606636
8.41192638935
8.44869236135
8.49063300028
8.6173136515
8.651884155
8.73702778875
8.77841881975
15.6239311922
94
