6.00431835449
6.00652724964
6.01417214396
6.02003251235
6.02640048122
6.03616288016
6.04046300367
6.04477197803
6.05309439309
6.11624431502
6.11759492082
6.12504077382
6.13912044335
6.14650634617
6.15534067302
6.17279474864
6.18744671552
6.19236942756
6.20649743431
6.21774733724
6.22879559521
6.24346305102
6.25015136973
6.39777268208
6.40813382785
7.5948180942
7.60079720291
7.64424072886
7.71365740032
7.77816741168
7.87170072721
7.95551623725
7.99478403556
8.03687793511
8.05630802111
8.14789319355
8.16411013817
8.27744072333
8.32415644604
8.34978864457
8.35445279081
8.42000443865
8.43091386777
8.50497504876
8.58761712377
8.59778562371
8.72104177599
8.76282538507
8.78088864701
8.96086662494
9.19272169266
9.32804591707
9.44147317778
9.50797189992
9.57067562667
9.60182863277
9.6350063643
9.72563011334
9.81128492037
9.86811060783
9.87362186745
9.92215388572
10.0227010656
10.3061283233
11.4820996511
11.5629247947
11.5907833833
11.6896238005
11.9352266569
11.9808380209
12.0322263434
12.1040881721
12.196049101
12.3945797357
12.4043747498
12.4305565803
12.7750622272
12.900577353
12.9518603749
13.0274313642
13.1747747332
13.3037042463
13.9118881665
13.9696954889
14.360047215
14.6666557568
86
