6.00335920909
6.01749080639
6.02408904505
6.03218142743
6.0736657844
6.08071697796
6.0920425066
6.09898425497
6.1241636511
6.12489291305
6.13116788567
6.13804317856
6.15813419717
6.16171444338
6.17558192951
6.18040872208
6.19080785234
6.19558749267
6.20581191695
6.21362183344
6.22329242462
6.23857777618
6.24335699428
6.26167358127
6.26403198579
6.2693545835
6.27772058074
6.2824551555
6.29445071667
6.30148302596
6.3055572409
6.32150955435
6.33227425298
6.33911452283
6.35978222976
6.37034315658
6.37875830753
6.37967220182
6.39199529882
6.40515765882
6.41608961515
6.42638918695
6.43444880194
6.45730277756
6.46433539912
6.47585036115
6.49244553044
6.49946193161
6.50869359558
6.58126499206
6.58825907409
6.6022578273
6.65957320352
6.67860504432
6.71375142621
6.72893385509
6.73054139663
6.75903998409
6.80583941899
6.80715141372
6.82050031611
6.83234045517
6.87396548504
6.93422428974
6.94629715115
6.95509980444
6.9997395679
7.01085844516
7.02235107952
7.04324717474
7.07757290363
7.10877212536
7.12885082131
7.13881110986
7.15629552562
7.18322049133
9.04759093667
9.13687933104
9.22334181274
9.27847138003
9.30371570766
9.40061229218
9.56719217072
9.61162154945
9.94143489419
10.0059947266
10.0984261525
10.1774006933
10.2939367627
10.3153439893
10.33714055
10.3936039438
10.7222744311
10.7906797934
10.7983826639
10.9897306478
11.0299483084
11.0660150836
11.168062582
11.2863048679
11.3754993235
11.4814094029
11.4965364343
11.5940775915
11.6333087577
11.7959491598
11.9833417134
12.0614789635
12.2403754598
12.3304327823
12.3473439956
13.3982565473
13.5627942914
13.6242299349
15.0340527972
115
