6.00377665359
6.01000695465
6.01156609168
6.01803980129
6.02133968123
6.02455853844
6.02821524381
6.031954439
6.04559062795
6.05556646517
6.05946242222
6.06682608592
6.06810580053
6.07224560262
6.07966762116
6.0925535141
6.10302417022
6.11232404946
6.11800370625
6.12705867509
6.13374025589
6.14248699433
6.15390002807
6.16617446495
6.16951557912
6.18503817876
6.21869605217
6.22515959839
6.23277175321
6.23501750925
6.23576208415
6.2433722458
6.25462176116
6.26221952649
6.27729201965
6.31034043647
6.31404646123
6.41130146366
6.42021353571
6.42965928014
6.44819613513
6.45186535513
6.46464863334
6.47890753963
6.49885590281
6.52421102737
6.55935859974
6.56212178517
6.57775169414
6.59464747598
6.63823910715
6.6608408108
6.66677443599
6.68403325907
6.69129314104
6.71859592824
6.72753079681
6.73694335608
6.76681562516
6.78411221821
6.80400426497
6.82100099397
6.92111153552
6.94814826477
6.9655627851
6.9900467918
7.02514107586
7.06071456896
7.08900955385
7.12676555199
7.12959646901
7.15054677461
7.18817272398
7.19658358388
7.43339363837
7.44787396114
7.47361116228
7.49385253557
7.51376445657
7.58613387674
10.0739670796
10.1976282245
10.2393153848
10.283191154
10.3103274314
10.3184581356
10.324124522
10.3750929036
10.4875120693
10.5005364768
10.5502831109
10.681123735
11.3345328737
11.4692131901
11.8187348254
12.0177898767
12.1276469194
12.9593933476
13.1585153497
14.6393211447
100
