6.00095799692
6.00940538484
6.04392988739
6.05339004526
6.05968075971
6.06702996801
6.07555000391
6.07810320657
6.09049449902
6.09758798148
6.10752120314
6.11974083127
6.1221812681
6.12779336922
6.12853856146
6.15425118608
6.16003842789
6.16419929706
6.17210864235
6.26815099321
6.2863208471
6.65547011349
6.66441596972
6.67216490418
6.68752592064
6.70191222653
6.73859045889
6.8899507052
6.91604288474
6.91990442854
6.93423138641
7.08089703227
7.20440292462
7.30523773171
7.32815208371
7.35121553276
7.36077688241
7.57625509395
7.58743091199
7.63091910193
7.68284652263
7.73723895311
7.7987904909
7.84470751651
7.90692168559
10.4652700165
10.6767626449
10.8480653295
10.9366992935
11.0679339046
11.2283690958
11.2679734057
11.3437025256
11.4728350635
11.5709351204
11.6356477279
11.7263962955
11.8527821457
12.0552828231
12.2139569572
12.3337996911
12.3834696437
13.1732068995
13.2811906634
13.3859802882
13.4850523936
13.7544500638
14.0824881521
14.1720440337
14.6684153311
70
