6.00285736139
6.01129285659
6.02302926379
6.02975899319
6.03898303085
6.06090675027
6.06900268813
6.07205698151
6.07264597212
6.08136368816
6.08439947012
6.11351833773
6.16569603742
6.18352213107
6.18473053726
6.19147633373
6.19378319997
6.75208948383
6.77052926897
6.78363848628
6.78986619503
6.80563337398
6.81716234081
6.83030100652
6.84155668254
6.85652790588
6.87688616134
6.91445943762
6.97518184628
6.98676857193
6.99549715486
7.00520644183
7.04205674523
7.05113611586
7.06443051027
7.07748367771
7.11194347298
7.11414688917
7.12807893652
7.15264283823
7.21535536017
7.22202183523
7.25533111006
7.29627776722
7.30858487026
7.3285280167
7.41098898999
7.43339896372
7.51529666485
7.52752362479
7.5327152496
7.55313791767
7.59264175956
7.67425259194
7.75948017457
7.77576002101
7.80856705663
7.8555172124
8.33536081466
8.39658071376
8.44693425495
8.60836728468
8.68662654117
8.71737500582
8.7633148739
8.78806806243
8.83977503973
8.92167693427
8.98120168244
9.02492270118
9.06213740436
9.09990596202
9.14960847103
9.17974443567
9.72326024252
9.7776342597
9.89017844311
9.96638715483
9.97552458288
10.0384810699
10.1342027825
10.2541825573
10.3726709145
11.5827903602
11.6403603875
11.8618191672
11.8733082173
12.1336382868
13.1007115477
13.1878783784
13.2708084703
13.3252003083
13.3789282655
13.4047557808
13.5337866538
13.5787898495
15.2138130654
97
