6.01891464493
6.01960513154
6.02413547364
6.03337562591
6.04913009078
6.06809028074
6.07680957755
6.08217739021
6.14178232873
6.15683246906
6.16366468328
6.17937428027
6.1994725884
6.21587701032
6.22129268325
6.25298023786
6.26452035663
6.27017788371
6.27496574191
6.29206346271
6.2960949517
6.30071272734
6.31263065907
6.32187363133
6.32915417445
6.35139092422
6.36129645827
6.37914519052
6.42799540141
6.42977195923
6.44199528472
6.4577830667
6.46517315888
6.47121223133
6.51545947708
6.52961740198
6.5414021832
6.55922997541
6.56514203792
6.57633787997
6.6009765855
6.61361830754
6.61575485916
6.62770485932
6.63437179204
6.64427040289
6.65409957904
6.66933400086
6.79545504301
6.81307996415
6.82099181101
6.84917245676
6.85697474147
6.86557102318
6.8720542516
6.88926184344
6.92089456499
6.93579697797
6.96655504504
6.98887202024
7.14419645303
7.21951038937
7.22517330891
7.23375092873
7.24916832733
7.26825516817
7.30289515818
7.32431847457
7.36802405214
7.396963369
7.45364543392
7.4660351236
7.47485988445
7.54496873062
7.56900585619
7.58455248666
7.602743888
7.66284667926
7.69562408595
7.71837093912
7.82719664469
7.85178425351
7.89520930709
8.01936681981
8.06559145858
8.60574390376
8.64642979022
8.67655295587
8.72440456338
8.79470532077
8.84072705388
8.93008778785
9.07229356392
9.13535750526
9.1809266403
9.23136310117
9.27148816697
9.35981369418
9.38689940686
9.43712063336
9.50796863155
9.56857725998
9.65558032645
9.68497985064
9.79083323087
9.83032738885
9.93872199737
9.97994795749
10.0743878716
10.1142246936
10.215446634
10.2543760031
10.3297221867
10.4201093016
10.4933540437
10.5407182967
10.5982026939
10.6744900276
10.7963013052
10.8638354392
10.9730475807
11.024993831
11.1279366351
11.1351411095
11.2487624807
11.3908147853
11.4338019165
11.4859996988
11.7211968983
11.7676497224
11.8966180691
11.9731585955
12.0848091748
12.1857353399
12.3409660424
12.7763841489
12.9633762343
13.4870339751
13.5671633925
13.6943906733
13.9475590115
17.4279193043
142
