6.0096360848
6.01234029364
6.02449453578
6.02921379815
6.03583616656
6.03855048069
6.04328417551
6.04676031656
6.04782827253
6.05869535189
6.06497895646
6.07689250327
6.08099334563
6.08156540387
6.09153279452
6.10293159529
6.10453781614
6.11305438026
6.12272483055
6.12993907125
6.13823896683
6.15067680372
6.23507874438
6.23718885127
6.24255423438
6.28698383206
6.29633647636
6.30173560781
6.32407254507
6.32952033292
6.3322665633
6.33746956654
6.34007396823
6.34745806411
6.35843418419
6.51820033553
6.53028412188
6.54266795721
6.5676916177
6.57595421253
6.57755561077
6.61260623548
6.63727466993
6.6705124281
6.70472997934
6.72670762184
6.78764699217
6.80696574446
6.80821393263
6.83283378077
6.83788152581
7.04342334499
7.044963802
7.07487552721
7.10769443772
7.12830994268
7.13584170038
7.16478802942
7.19485564094
7.2328436203
7.27445909421
7.29593660165
7.32365965734
7.32561454713
7.34031711191
7.37877539322
8.51352944073
8.92795547814
10.5632947979
10.6287785224
10.6504103767
10.8617720647
10.9829098772
11.052709056
11.1576569101
11.4086271581
11.5294422954
11.6430279732
11.6574895255
11.8607222175
12.0563429878
12.066087421
12.0799610159
12.1092851913
12.16099424
12.1765417505
12.3041878134
12.4717013928
12.5390616678
12.5755956404
12.695744951
12.7807709467
12.9836710175
13.0597009221
13.1341916702
13.1639744943
13.3520328111
24.0640104612
98
