6.00203187317
6.00736265846
6.0166042753
6.02040489711
6.02581287184
6.02923796511
6.0397511893
6.05662699247
6.06091687111
6.07000138043
6.07638584914
6.08897877966
6.10106883263
6.11655939926
6.11917082222
6.13864235659
6.14263099596
6.15498768204
6.15785852172
6.16452961526
6.18101581016
6.18752254039
6.18833645165
6.20941644835
6.21565413314
6.22865015232
6.23201776709
6.24353633288
6.24927334402
6.25369760171
6.26411451524
6.28006699445
6.29016415702
6.30263783227
6.31193215961
6.3131428949
6.31769571345
6.33306087907
6.33575788326
6.34305014345
6.35059680395
6.35713952422
6.35844674005
6.36319958238
6.516044407
6.54650409027
6.55281941345
6.57865365166
6.60953054101
6.63763587833
6.64789618691
6.65303410993
6.66521170627
6.68073623384
6.70651250124
6.73506423433
6.7443572637
6.74863365858
6.75115123337
6.78187310892
6.78520147569
6.80341744154
6.80685542004
6.81849676005
6.82083760038
6.86228846849
6.86928727618
6.91421925692
6.91802761067
6.93730106122
6.94243291589
6.95266562456
6.99101326265
7.00769404821
7.02259133637
7.02736095392
7.05516578521
7.05827303794
7.07970773843
7.16855649598
7.19407434424
7.21992568706
7.2324556909
7.24193273364
7.26707843
7.29818107488
7.38274357485
7.39007152906
7.40071710944
7.43445504826
7.4824303117
7.54773057343
7.61318807863
7.62856376579
7.63441273837
7.68263677202
7.79711951236
7.82174276039
7.89539983821
7.93469237419
7.98493016532
8.00498180143
8.06891987078
8.11278380957
8.15795660326
8.20612424077
8.2412122213
8.3071179546
8.3521264053
8.37459244293
8.51136598056
8.59139369404
8.6417926878
8.70066021587
8.7485407403
8.76025748478
8.82252267233
8.84838599548
8.87925064479
8.96297811219
9.07087369183
9.17199313139
9.40951846219
9.44549563434
9.58829570462
9.60501533104
9.69548610038
9.84849217122
9.91742866102
9.98029547975
10.043842815
10.0594003695
10.0928820666
10.1595117319
10.3346889861
10.3931820872
10.4395015479
10.4525651457
10.5877571975
10.8292296807
10.9214629728
10.9574879211
10.9923406264
11.1458712594
11.3987988621
11.4800439249
11.6675564969
11.7939242154
11.9024082417
12.0691366338
12.3536723214
12.4601398366
12.7555346748
12.8094662184
13.0965022055
13.1528963842
13.2307294441
13.3775359062
13.3980111356
13.7057657089
15.0316715506
161
