6.00999428049
6.01127856269
6.01373828248
6.0237933917
6.02782177898
6.04691781953
6.05562666911
6.07283709349
6.0803099202
6.08571846295
6.09387496594
6.10489030492
6.12466015617
6.1487793239
6.34842042435
6.37362183772
6.38144298418
6.38954591053
6.41085906688
6.45458658806
6.46155901359
6.46540913772
6.48106221191
6.49224461775
6.54276350295
6.71767899615
6.75168573303
6.76251344669
6.78535415505
6.8107846079
6.8183854834
6.83455364674
6.85353007899
6.85985556787
6.88250150566
8.05355625103
8.16299222789
8.17017557053
8.2073041745
8.25801206733
8.28430424989
8.33038026289
8.62033883799
8.6723382976
8.73279188062
8.7536384972
8.8249958522
9.24278870404
9.35197067425
9.4206032063
9.63953778027
9.77776683548
9.87548485339
9.95060578627
10.067671968
10.0959813976
10.189129278
10.3239525713
10.4496344957
10.4805644463
10.540067551
10.5481836315
10.5548903059
10.6754096198
10.7031605904
10.8551978925
10.9881007132
11.0513889306
11.7167698835
11.8949807265
12.1460586814
12.2353018564
12.7166864966
12.84938133
13.1266744425
13.4143181826
13.5187440333
13.9013874376
14.0820876445
14.2899114431
14.5031318523
81
