6.00506810078
6.00962885781
6.03285217372
6.04875266744
6.06701501825
6.07666756889
6.09045547722
6.09577365951
6.10159430287
6.1141221933
6.12399710073
6.14066049937
6.16440704781
6.18107288074
6.19002556231
6.2019954406
6.2353938718
6.24233036802
6.25103139682
6.2553048767
6.28387421795
6.29230339074
6.32722321011
6.33469752639
6.34948586763
6.36237564734
6.37403547321
6.38635433798
6.39510367035
6.40597582747
6.42356303518
6.44959651823
6.49063396925
6.58025091539
6.58707372917
6.59376173352
6.60902799485
6.61629208354
6.62655563436
6.63406003849
6.65036096231
6.6754496585
7.02627871979
7.05340944974
7.06851878966
7.11548672391
7.13409354956
7.18058225194
7.20351558143
7.26913136503
7.29883522305
7.60053850466
7.61511947668
7.6500223345
7.68185200344
7.80084857439
7.80591631434
7.83607775308
7.87726056198
7.91488184144
7.92009384174
7.92436504958
7.94115389147
7.96793704819
8.0537464978
8.10379919028
8.12398144467
8.21085141541
8.25262290625
8.32872579843
8.3966620785
8.40566374609
8.44333939073
8.47742701968
8.55108277119
8.62607855478
8.67275054786
8.79269652294
8.80106663326
8.81124852878
8.85486342174
8.90934880214
8.9489990964
9.10926868972
9.25067817834
9.28476600784
9.36793428774
9.42528032197
9.49500419858
9.56656585431
10.3885183043
10.4021732384
10.4666669704
10.508244765
10.6030413739
10.6959149515
10.978516928
11.0166136523
11.027996755
11.1631779406
11.1890031005
11.2807593289
11.3721432234
11.4354762229
13.9342522688
14.0801815921
14.349565803
14.9027638796
108
