6.0019252091
6.00405865803
6.00536333874
6.02915715369
6.0307160295
6.0427587679
6.0535554196
6.06202221688
6.0696576549
6.08189512098
6.09568750821
6.12948401926
6.18093439108
6.18713598184
6.21461601668
6.21662269484
6.22393853062
6.22936994979
6.23667898964
6.24674904948
6.25449788246
6.26308068598
6.26443569946
6.26701869987
6.2714432231
6.28147332623
6.28687419536
6.29568560479
6.31053274138
6.34051734807
6.35990456836
6.36675546666
6.37653206773
6.39040684315
6.45614411641
6.45893035364
6.46752854242
6.48123905499
6.48381000235
6.49919817308
6.50045806453
6.5113033393
6.52559362628
6.52822047095
6.53862156607
6.54397894464
6.56794066238
6.57865582741
6.59068503683
6.61783594095
6.63445772295
6.64341460643
6.65003284365
6.67265608607
6.69589696871
6.72116422153
6.75880360886
6.78398223269
6.79537108207
6.82434422315
6.84107074063
6.86729656343
6.89771483965
6.90643074203
6.91908996289
6.92572224122
6.92785892749
6.9521858451
6.96543835675
6.98893400115
7.10493175821
7.2069132342
7.22525734754
7.25726762619
7.25997119955
7.26255892008
7.28230663695
7.31518451372
7.33799903351
7.34192389594
7.37572948584
7.3914834809
7.41046638631
7.45506402706
7.47912412153
8.5594172801
8.7085633472
8.71936598296
8.75697017732
8.78904268488
8.84080330077
8.85069474471
9.07398831883
9.10695799754
9.17892473074
9.28115545081
9.29260504705
9.33884039132
9.38671705586
9.47698185428
9.59137076618
9.63356726781
9.756596048
9.85112759691
9.92530176314
9.98657200849
10.0198072611
10.084413168
10.1967086342
10.2472241602
10.7816086082
10.8020537311
10.9461948074
11.0035378587
11.0947684932
16.9415229762
116
