6.00262417824
6.01403462059
6.02096566799
6.19539218942
6.19626960233
6.1974057496
6.20666111347
6.21401423555
6.22009674619
6.22933522865
6.23317351195
6.42653461277
6.43182117127
6.43513328076
6.45035967207
6.46379989607
6.47372892383
6.48192456822
6.5069623831
6.53022780421
6.6178630494
6.63239223023
6.63579025766
6.66021730357
6.68367213231
6.82504898468
6.8430830428
6.86144026601
6.8883208011
6.8914560578
6.9004023568
6.91910854772
6.9240180231
6.95153548971
6.96801729606
6.97770617956
6.99708526526
7.01597875814
7.03003322763
7.04178131436
7.06824728643
7.08164790421
7.10790359528
7.20900645093
7.24805114436
7.28044885808
7.31992371519
7.35765547909
7.36104952327
7.38069487556
7.41756187976
7.45473721125
7.51014419793
7.54126235684
7.65587737207
7.66096407897
7.7599645009
7.84654013631
7.8503222126
7.89082173038
7.924451295
8.0138637168
8.09839276885
8.16369399595
8.1702532822
8.21708307783
8.25967027683
8.34591415159
8.39405765077
8.41526808142
8.45500113037
8.49995701385
8.54198100971
8.57704484136
8.59107707547
8.61938633166
8.6479567292
8.66603094731
8.71460210102
8.75464507306
8.83396366239
8.85444601008
8.905751442
8.9220445034
8.94308516433
9.02702829819
9.09795941478
9.24298537312
9.48369776068
9.55350543757
9.58176980236
9.62783524743
9.67601773302
9.80416207289
9.93697294394
10.0178028052
10.0348875589
10.092954234
10.1005233018
10.1375248082
10.2361552639
10.3729081225
10.4020631342
10.4163959182
10.4536108231
10.5674651638
10.882278829
10.9830507487
11.0362524046
11.0911734002
11.2582023247
11.3661244561
11.3944746636
11.8509549715
11.9847946554
12.5184361773
12.6888560588
12.7519381853
12.7605197635
13.0591931999
13.1029685694
13.2124170268
13.2926498895
13.5109635244
13.6863490918
14.0998909057
14.2635992767
14.4621163688
14.6019215327
129
