6.00074407404
6.00191426434
6.00507197228
6.01288238174
6.01915421778
6.02537880667
6.03178970869
6.03504431653
6.04811214373
6.05378645658
6.05983893663
6.06942553399
6.09499881939
6.1069605076
6.10772258025
6.11903337092
6.12754922678
6.14567174109
6.16332553325
6.17337314521
6.17949355605
6.18267709044
6.1921450247
6.19676533253
6.21040983861
6.21939148016
6.22140162078
6.2379866739
6.25013974631
6.26048237519
6.26887324577
6.27784941004
6.28276194851
6.28943999414
6.32610100285
6.34586822194
6.36741575678
6.38141927596
6.39057521572
6.40597590967
6.41190963728
6.41537062557
6.42521866023
6.44024843848
6.45611531933
6.4994722168
6.5086567308
6.52305135843
6.53322293604
6.5380676643
6.56017336513
6.58463446397
6.59947271184
6.62974790947
6.6592015101
6.70316095238
6.72770882907
6.75506143435
6.78657436997
6.80525297155
6.82899808947
6.85352879412
6.87563033113
6.91598100409
6.97472035329
6.98167174074
7.0028725286
7.03366335661
7.07076293651
7.0993360355
7.10120920186
7.13952675383
7.30985196497
8.1319615884
8.15085757235
8.18940807955
8.21171918792
8.24697809605
8.32621654405
8.54722147377
8.56773880795
8.57316848879
8.67680413415
8.70866757385
8.75971666856
8.86752737802
8.91954936831
8.95337490566
9.01753763144
9.15433183197
9.20975260414
9.26182467854
9.31309459532
9.39208540816
9.49618512435
9.72004248418
9.79288063865
9.86705892505
10.416241604
10.5189642385
10.6166051793
10.6488931738
10.7791658291
10.9393011251
11.0075630376
11.1700994878
11.1993537725
11.2449577633
11.2963669703
11.3831515801
11.492151856
11.5906242591
11.7161506055
11.7360062498
11.8472029402
11.8605962049
12.435560592
12.5257984749
12.695528846
12.7630585838
14.3528646673
14.4928735957
14.700223837
123
