6.01028936147
6.01248638128
6.02267377882
6.02728271813
6.02856119899
6.03554210737
6.03804152745
6.04047371737
6.05121348411
6.07287490602
6.08242432356
6.08747098244
6.09201987898
6.10509765099
6.10815032152
6.11971064263
6.12094651161
6.14836395282
6.15471008077
6.17160117502
6.18159211996
6.2685813682
6.2808244755
6.31669370605
6.3257320667
6.33043231498
6.33670439453
6.37540451216
6.38742700117
6.47210662872
6.48491761176
6.49505580845
6.53713568761
6.6951918642
6.71291245884
6.73234966992
6.84241068524
6.86443116842
6.87962005997
7.10752057963
7.1104275034
7.15114777669
7.18015337665
7.2079729289
7.26838616956
7.29176080774
7.33751352036
7.36283822104
7.37616401655
7.40252743311
7.43248094925
7.47011605641
7.50678215077
7.51176928315
7.52816836201
7.57500228317
7.60710462586
7.66615675652
7.68485623439
7.73807331971
7.76263645809
7.8409844578
7.90751872523
7.91447062476
7.99181911487
8.00838619376
8.02246565527
8.10736515605
8.12367374722
8.14660353903
8.15059574904
8.21265617142
8.24617622623
8.26173981594
8.33701975754
8.41308213761
8.4361086295
8.47162936485
8.61294145177
8.68486083948
8.74587266437
8.83831095519
8.85197330523
8.97035758772
9.00235467208
9.13531486175
9.15699776448
9.25065454664
9.41177871617
9.51032891784
9.55252610935
9.58182827423
9.63763303875
9.72564897802
9.7777068957
9.82858459931
9.84625685687
10.1771143761
10.2034892435
10.2478237283
10.3204090124
10.3937038746
10.4978368202
10.5483693136
10.6431719894
10.6883552234
10.7251093643
10.8125662516
10.9092782149
11.009795957
11.0788117204
11.2106021231
11.3203223688
11.3906388673
11.5502864401
11.6277882917
11.7384755781
11.8110372543
11.9827165032
12.0573110595
12.5084898016
12.5201356522
12.9125762075
13.0681659745
13.1373825692
13.2234385316
13.3775260749
13.6639714671
13.7867008346
13.8497976541
13.9467514957
14.6656557715
132
