6.00047663414
6.0066756067
6.0072796098
6.01949578841
6.02637283639
6.06170499898
6.06777082992
6.07328757199
6.09639462041
6.12594126849
6.13747640842
6.15632911742
6.15910108076
6.19776889291
6.20349314601
6.21329754142
6.22405602209
6.24761290063
6.2566546338
6.25781108746
6.2627323818
6.26986861865
6.29494752851
6.30871063594
6.31169340109
6.32740572857
6.32997647711
6.3515548802
6.37892914335
6.39223759596
6.39783841202
6.44665159682
6.46647045861
6.48232923178
6.50102731838
6.51691920773
6.53624546421
6.53861606788
6.60066875971
6.62091584214
6.62453881158
6.63609954491
7.3325343075
7.54586456764
7.593199366
11.0066724755
11.0515860584
11.0980596628
11.3005096875
11.4111534817
11.4936820127
11.6291885585
12.131500177
12.2985372908
12.4672805939
12.6183821222
12.6279724755
12.8832331174
12.9547269102
13.5398301337
13.7895972503
14.0159632107
14.3489035764
14.3637068033
14.5887856926
65
