6.0084252168
6.02087891956
6.0222052407
6.02617418533
6.03311630695
6.04732518174
6.05248933009
6.0553194675
6.06714556071
6.07572467805
6.08484502745
6.08916347646
6.09840427748
6.11340950086
6.11777073452
6.13049646034
6.1374436758
6.15444351003
6.15834532481
6.168796402
6.16994055654
6.19456783561
6.2271808974
6.23207069688
6.23302918587
6.35747105863
6.37661017964
6.38094972816
6.39288291415
6.41106240078
6.4174190709
6.44452006649
6.45265393658
6.45882414085
6.47251988257
6.48845972683
6.50626143091
6.61040401163
6.62343823684
6.6962587408
6.70567020539
6.72247163179
6.765859807
6.77479961734
7.34595241733
7.35861507192
7.37375142357
7.64116697531
7.77031201565
7.84196213204
7.86358699374
7.89291277074
7.90874214695
7.99199001195
8.01045447011
8.065886505
8.11250673527
8.20126822027
8.26872493544
8.29633696107
8.36084483441
8.39136329114
8.50031412383
8.55026308258
8.60713504497
8.66806107489
8.74490653125
8.7971226682
8.81549799082
8.83912060934
8.85590274585
8.92477267425
8.93023047075
8.96717372303
9.0824617687
9.49869911855
9.63504985742
9.69521354651
10.8898633023
10.9448846956
11.0190571784
11.0754336675
11.0843266488
11.1302846529
11.1667687991
11.2086587715
11.2787591201
11.3395279613
12.8387517534
15.7186606677
90
