6.00107237052
6.00601064421
6.01293493117
6.02132276832
6.03354303926
6.03460647891
6.26576072752
6.26952487555
6.28541035534
6.28709437788
6.29581931891
6.29972072285
6.33196242767
6.34370741985
6.36938247302
6.38006190409
6.38587135387
6.39237350293
6.40416797084
6.42448295773
6.44321083772
6.45375315774
6.46735485873
6.47619191526
6.49487384042
6.5092330425
6.5378348055
6.54997238438
6.56272890479
6.57074404641
6.57670480484
6.61000992036
6.89203072132
6.90410180426
6.91097393077
6.93276060789
7.06128537226
7.08044558521
7.10043486901
7.14603100659
7.41497629832
7.44236837764
7.46787200047
7.49445188407
7.51024128697
7.53461556178
7.58786824223
7.60623548951
7.68338945336
7.7266498553
7.76394693049
7.82351324937
7.8761284919
7.90809900326
7.95301174541
8.01873712395
8.1523966205
8.22922276719
8.26203338907
8.38834407249
8.45493125339
8.48274828379
8.55950543145
8.57561635224
8.61458306642
8.63811342466
8.74496509864
8.80036902366
8.83161734462
8.89491297121
9.57394306103
9.59148829899
9.63484056779
9.72267737094
9.78240541185
9.91232605316
9.91739912487
10.0170396339
10.040474996
10.0525079659
10.1705549662
11.7304588098
11.8638340955
11.8717517548
11.9408318877
11.9911747405
12.0046160086
12.2318256843
12.2414470021
12.4967009108
12.5808556103
12.602963694
12.6786913896
12.963678615
13.2170654799
13.3999421821
13.4210623745
14.1118214392
14.1250375203
14.7820604208
100
