6.00765007749
6.01272870875
6.01756794925
6.02207592135
6.04890899485
6.06126509609
6.07656478438
6.08470783386
6.09466009913
6.09668739896
6.10661396953
6.11365378524
6.12096893535
6.13143356138
6.20574084752
6.21582925119
6.22641881064
6.23111675173
6.23666555058
6.2469660306
6.24847137434
6.27950484753
6.28136952468
6.28977638732
6.3074437319
6.30923014087
6.32076611649
6.43987992207
6.46386133971
6.47043357181
6.52822756484
6.53586754027
6.54045565579
6.64241043371
6.66227814179
6.67307862277
6.69121175199
6.69371582843
6.69647804958
6.73533825382
6.76020972241
6.78341374301
6.80670837798
6.84603502713
6.89868393039
6.90667868078
6.92387148561
6.93448624192
6.94333967285
6.96916541363
6.97588107754
6.98847659246
7.01889848355
7.02272288098
7.09646917678
7.1069485127
7.11274871486
7.14965701733
7.16125569663
7.19674371813
7.22197870862
7.24433596831
7.26071654212
7.26351018835
7.28705787345
7.37485682136
7.41454839208
7.46944641573
7.50604340788
7.68744787094
7.72255555745
7.81800920571
7.84466404749
7.88205519386
7.90741333027
7.94456782551
8.01956670536
8.11899643543
8.13057064071
8.17319640944
8.33647367343
8.35747712151
8.40739914537
8.44529354423
8.51228207635
8.55404880882
8.58571490628
8.63356840251
8.73784482848
8.84062819162
8.87462462064
9.05206163762
9.15163577664
9.18719814251
9.30799251578
9.427803328
9.4581396552
9.51381690335
9.51834895061
9.58419184711
9.60996605773
9.64210001177
9.64752350715
9.67971539338
9.71037514767
9.72885417328
9.80509653237
9.89059225017
9.95504822752
9.97479920302
10.4150629217
10.4871872584
10.5525625461
10.6672868894
10.9004505364
10.9671813854
10.9768377037
11.1260635636
11.2507435129
11.3157093115
11.3660793956
11.612554787
11.6891930391
11.962116587
12.1312056035
12.208667438
12.36816907
12.4487991205
12.5685462261
12.748953243
12.9648499683
13.1172088147
13.2085881231
13.4127320908
13.6534426956
13.9734628093
14.1076577389
14.2610421699
14.8745055424
139
