6.00477212971
6.00573680359
6.01463483484
6.02242524299
6.04413427926
6.04502649293
6.15980196516
6.17017864512
6.17560702544
6.18937197226
6.19616166196
6.20137011352
6.20872962738
6.22490520634
6.23455482127
6.24046268964
6.2465598037
6.26155383378
6.27958462611
6.39767579168
6.42294696669
6.43655531098
6.59779640745
6.61298654866
6.63851550511
6.64640729932
6.66501537923
6.67872920619
6.70089842233
6.72806599703
6.74019880969
6.77275378388
6.79557200306
6.81169441216
7.02950794944
7.03604153707
7.07096532925
7.08382086859
7.11039927855
7.13770215311
7.16833379251
7.17136162999
7.20882427217
7.27212512835
7.31776928613
7.35030732086
7.39043832241
7.43812320643
7.45812407823
7.47999073586
7.49182076027
7.51411447
7.55307593727
7.58373417855
7.61333155618
7.67918634475
7.74663106712
7.7591658589
7.78970079157
7.80340104364
7.88479683255
7.94139602996
7.95129366996
7.95787135653
7.99257066306
8.04825941633
8.0794175823
8.10947350059
8.1593214293
8.18249661326
8.25058490954
8.26021389026
8.26914563471
8.28640850935
8.31793074802
8.37469119133
8.46451623913
8.66334179612
8.81291754064
8.89634209326
8.96617938595
9.08807163109
9.14043136752
9.24067434203
9.27075269537
9.29018052681
9.43038312022
9.50373628016
9.58203886636
9.61061647307
9.63391530378
9.69131930649
9.95226151518
10.0795114024
10.1871840545
10.656445749
10.6937922997
10.7699209489
10.8171581011
10.9796312638
11.1112070742
11.4137798335
11.5688534659
11.5908370975
12.9317815175
13.1327811229
13.3650366036
13.4304335408
13.4885162812
13.8471570712
13.9627425416
14.0699482412
20.0662117827
113
