6.01099911033
6.01216618735
6.01696934757
6.02890664373
6.0323130083
6.03845380016
6.04530341622
6.05322026615
6.05700143659
6.0643447791
6.07232218584
6.07722761538
6.08885801962
6.09335079726
6.10449028313
6.1180480639
6.12846051176
6.14117501539
6.15621877267
6.16015612153
6.17044160541
6.17687011063
6.19315834296
6.19723226955
6.20642745375
6.21255880061
6.2287684607
6.22996535966
6.2570789624
6.26320322221
6.26515375059
6.27671971441
6.29284844052
6.30756705207
6.31452712037
6.31780548005
6.31946617944
6.32880896656
6.40771093472
6.43976864366
6.46859170418
6.48318266583
6.49979867692
6.50505615217
6.52086638604
6.62037817204
6.84691023303
6.86494177475
6.89233107495
6.90589865816
6.91055030974
6.93798457806
6.96765206359
6.98174160614
6.99552040317
7.01664360109
7.0187402624
7.05045045211
7.07265328191
7.09152007571
7.18727279235
7.1906942838
7.22145780514
7.24945056247
7.36738960055
7.3992166478
7.41633521597
7.46337442486
7.47557990671
7.5998099154
7.62049379121
7.63921373352
7.67006307061
7.68808357856
7.69923053599
7.74646865201
7.76721184109
7.89210922849
7.92027841115
8.33370600022
8.38531322624
8.61824471014
8.71862976741
8.77040366761
8.84563161165
8.87693813819
8.94605493482
9.00198935715
9.10079098807
9.12111165172
9.22098308402
9.4072600626
9.46595535915
9.52334354083
9.64518578099
9.73559923645
9.88039915657
9.93986693087
9.94992624756
9.95477074947
10.1000221698
10.1538245682
10.2420337968
10.2857990269
10.4209025123
10.5024352483
10.5705198374
10.8610064886
11.0742870198
11.158108163
11.3262424069
11.3353992145
11.566698095
11.6584237343
11.8184540001
11.9361342888
11.9579539668
12.0408527724
12.0688157601
12.3262175217
12.3813090059
12.4383728127
13.6759740575
13.8227551648
14.0347703705
14.0914914244
14.3205936133
14.7019405794
128
