6.04580065132
6.06654381871
6.10298491236
6.11287600874
6.11840769114
6.13074807876
6.13949861643
6.14293659284
6.14394788426
6.14573566439
6.15653599934
6.15838428331
6.21586873363
6.21745779875
6.22544271049
6.22714709446
6.2341093752
6.24779146816
6.2599483946
6.27818012109
6.28319415813
6.28741174861
6.29117109978
7.00782452507
7.01209171467
7.02595152924
7.0288759682
7.04101040077
7.0816783719
7.09479543959
7.09909987367
7.10771899923
7.12247040462
7.14109185165
7.1829088987
7.19529691229
7.22276131062
7.26574306175
7.30367682767
7.37083043306
7.38105907048
7.39699669998
7.44945797166
7.48501917544
7.51641906707
7.59445173501
7.64639787557
7.67765628005
7.73920803453
7.74720973525
7.77843180386
7.8682102135
7.96123401667
7.99326379771
8.03246623809
8.06107416896
8.09288275119
8.21092514383
8.26035740359
8.310130176
8.36568535327
8.40422776581
8.44508099804
8.46703345622
8.52879834897
8.54309051395
8.647271694
8.68922472691
8.72606500491
8.78810392305
8.82729983782
8.86379991552
8.9590239211
9.01747304856
9.04556649224
9.14389183581
9.17739024355
9.2218807794
9.3277523952
9.42141184221
9.52566180199
9.63019546171
9.70448886805
9.74697723387
9.77273966954
9.84287592741
9.84950992746
9.94956603168
10.0282057588
10.1787065431
10.3095295901
10.3653675741
10.4994936807
10.5784026564
10.6612691991
10.7432904769
10.7646261674
10.811627243
10.927070475
10.9563994231
11.7338753793
11.8418433465
11.9558517659
12.1211795537
12.29387035
12.4516965668
12.5361287569
12.6906753336
13.2037730872
13.5642863689
13.6396489392
13.6545001655
13.733050589
13.8270951492
13.8494068649
13.9934188107
14.0657155059
14.3909968959
14.7481265676
119
