6.00646402166
6.01249696816
6.01609797534
6.02420170979
6.02472450817
6.03473331657
6.05318899483
6.06031728606
6.08386245182
6.10600095585
6.11374958575
6.12243110148
6.13189407025
6.14259286192
6.16415177659
6.17196483156
6.17893463734
6.19540175775
6.19685554192
6.20000615854
6.21732362421
6.22714136802
6.23439205075
6.2408963543
6.25534848091
6.26755330032
6.26885638437
6.28833306176
6.31375604649
6.32295085401
6.33059642933
6.40028754047
6.40304655977
6.54361775188
6.55376883249
6.56134174496
6.56693054055
6.57860341534
6.62922035203
6.63041038744
6.63583585091
6.65247352142
6.66522215437
6.68189763745
6.7022713913
6.7045245496
6.71878121269
6.72047068458
6.73638157612
6.75651097702
6.76921972545
6.79642303641
6.81593264295
6.84309307572
6.85320626655
7.17067891982
7.18497883754
7.2840278051
7.31603284274
7.3977220707
7.51330357144
7.52501988139
7.5486959769
7.63587784087
7.68327731505
7.73081093514
7.77792456909
7.8516483332
7.98396985933
8.12294484447
8.75160100698
8.7850609236
8.80912220584
8.84538778012
8.91739651437
8.99950610733
9.0626946665
10.7176046216
11.4081776483
11.4883781081
11.7172320893
11.7786871609
11.8858438375
11.9948080834
12.0076776115
12.0837148237
12.1940787608
12.3189585156
12.4808561949
12.7285440333
12.8050296884
13.1180177449
13.1853476924
13.3902805719
13.4949689435
13.6538265507
13.9723042859
14.1260527535
14.2558151643
14.458541424
15.8268461256
101
