6.00869594
6.01359023289
6.0353140868
6.07203278194
6.09312462869
6.10273844533
6.1281497289
6.13187330229
6.14013610348
6.14173570837
6.18933202548
6.2023003782
6.20487836129
6.21605232636
6.2241532848
6.24331330975
6.24870696929
6.25999035363
6.26617525808
6.27993848646
6.29007182254
6.29323742707
6.29757201666
6.36892601977
6.37726565965
6.38963778947
6.390744548
6.43382297887
6.46061239654
6.46559331114
6.48546378988
6.49981163271
6.52222842929
6.53304038232
6.53688894365
6.56076570363
6.57897628062
6.58920056533
6.6057137859
6.61367358525
6.62852897604
6.65622944782
6.66442050375
6.68563513344
6.69491807581
6.73821502915
6.74030569709
6.75620869856
6.78115261705
6.79576679114
6.80168804924
6.81473910768
6.83165842126
6.8652815845
6.87851874245
6.88654672815
6.90565543824
6.91877951639
6.9281200238
6.93778331727
6.95324478726
6.98878102158
6.99317584694
7.00222266174
7.00435654387
7.06382647104
7.08392263988
7.11263428771
7.13542266369
7.17634945921
7.3333300205
7.36086961178
7.38834976774
7.39124651931
7.41470434697
7.61587283133
7.68024981246
7.70787032274
7.88044854866
7.92409105527
7.97922207422
8.11657292
8.17428497741
8.21702842309
8.27078021339
8.34914248677
8.45070963448
8.48407450091
8.54007718951
8.60969592417
8.72078181061
8.824627652
8.90372418889
8.98420868152
9.04835885226
10.081556315
10.0907712484
10.1809438448
10.7346651414
10.9106559336
10.9548662926
11.1096072762
11.1866222218
11.1940570913
11.2304206982
11.2901966279
11.5603216693
11.6966029449
11.7745639631
11.9210053002
12.2264342669
12.39478784
12.5302882743
12.7176458058
12.8018498142
12.8879983405
12.9430632748
13.7718702538
14.5444803914
119
