6.01091261361
6.01910514065
6.05644240425
6.06178319961
6.08209261072
6.0830894145
6.08369783671
6.08876826922
6.10975317253
6.11222294545
6.11975897331
6.13705437845
6.14021945012
6.14951986866
6.15163976019
6.15265517882
6.16312582433
6.19250514409
6.21261015247
6.21776664928
6.22048559872
6.23022536595
6.23571172463
6.24711132357
6.25575302046
6.26230753992
6.2770496082
6.27786681488
6.29299324649
6.29963193972
6.31471827321
6.32711702934
6.3331268027
6.33923517437
6.35789386567
6.37204746737
6.37809954037
6.3969698628
6.41340980956
6.42249670896
6.43381686338
6.45299759073
6.47041889204
6.48020787835
6.50285653698
6.52055305826
6.52970932604
6.59639674103
6.61445147206
6.71844455133
6.73100248276
6.76384828594
6.76723378094
6.81760343549
6.82419306556
6.87460325304
6.88105681312
6.88893515065
6.92320526122
6.9358916729
6.97371012417
6.99022508053
7.02009846918
7.03409488925
7.04661396477
7.0554244123
7.26339625421
7.27722117572
7.32898170151
7.36982808282
7.4043910067
7.43622519654
7.46713644843
7.72260217524
7.77972394051
8.49970231113
8.58051885182
8.61444754811
8.71691009906
8.75910090426
8.78543836338
8.85929521318
8.86398782302
8.95414177667
10.0249636771
10.0332798221
10.0413893743
10.1383727219
10.1825166809
10.1913929019
10.213378322
10.275663738
10.3955175043
11.0772556477
11.1394043865
11.2754626646
11.2819231334
11.69318864
12.2049653554
12.2397342424
12.4092700713
12.5101240058
12.5797889986
12.6083753502
12.8122136093
13.015376549
13.0637289635
13.1487158047
13.4738964158
14.011280645
14.0580911402
15.0034084441
112
