6.1517372544
6.16389542719
6.17954695953
6.19305722806
6.19960890011
6.20957124294
6.22663716815
6.22952749436
6.23326246409
6.24295148753
6.25206181322
6.25753147213
6.25883006668
6.38329330936
6.38542895128
6.40049504851
6.51509822168
6.5272027299
6.54749614376
6.56317248678
6.56492526345
6.58342392621
6.60975008243
6.62036046373
6.68338847484
6.70501031657
6.71503592229
6.7396499076
6.76882641388
6.78915545032
6.81843857952
6.84758503679
6.86915653846
6.88821234961
6.89559234533
6.91133773817
6.93380779918
6.96650406855
7.12794842748
7.14505423972
7.17721218566
7.20404684785
7.21859923309
7.3006262567
7.31387053107
7.36280752085
7.43939566214
7.44961956163
7.47531124439
7.50770570873
7.51930128244
7.52277211146
7.58154377931
8.21504628751
8.24062136671
8.26049552188
8.31223150758
8.37359265171
8.40077646385
8.51938613069
8.54666968559
8.56292682819
8.59074164478
8.63586260699
8.6533653456
8.69851818245
8.7652947494
8.78450435723
8.86376750894
8.86942496683
8.93347156514
8.94658934262
8.97788746422
8.99937502394
9.06916676206
9.22779750161
9.32317941354
9.35190764518
9.50738615239
9.55928560692
9.73079053498
9.75109947342
9.84356089645
9.89950078948
10.0309789438
10.0654429159
10.0789142851
10.2064299246
10.2508748551
10.344866686
10.6163573917
10.7000956741
10.8156701015
11.0592389111
11.0684548469
11.085603503
11.2132619367
11.3414837683
11.379745238
11.4033074304
11.5206212799
11.6496509126
11.6774423151
11.7304239547
11.8366121895
15.5538664882
106
